/*--------------------------------*- C++ -*----------------------------------*\
  =========                 |
  \\      /  F ield         | OpenFOAM: The Open Source CFD Toolbox
   \\    /   O peration     | Website:  https://openfoam.org
    \\  /    A nd           | Version:  8
     \\/     M anipulation  |
\*---------------------------------------------------------------------------*/
FoamFile
{
    version     2.0;
    format      ascii;
    class       volScalarField;
    location    "0.05";
    object      alphat;
}
// * * * * * * * * * * * * * * * * * * * * * * * * * * * * * * * * * * * * * //

dimensions      [1 -1 -1 0 0 0 0];

internalField   nonuniform List<scalar> 
3929
(
6.81509e-06
0.000166805
8.18741e-06
0.000447164
0.000181678
9.71592e-06
0.000761682
0.000480157
0.000196554
1.14028e-05
0.00109155
0.000813571
0.000512324
0.000211373
1.313e-05
0.00142989
0.00116141
0.00086328
0.00054342
0.000225167
1.4662e-05
0.00177265
0.0015155
0.00122716
0.0009101
0.000571104
0.000236382
1.60073e-05
0.00211644
0.0018704
0.00159452
0.00128732
0.000949904
0.000592093
0.00024511
1.70651e-05
0.00245739
0.00222266
0.00195891
0.00166435
0.00133551
0.000977396
0.000606584
0.000252787
1.89438e-05
0.00279164
0.00256727
0.00231554
0.00203364
0.00171585
0.00136416
0.000992777
0.000618447
0.000261047
2.12993e-05
0.00311495
0.00289985
0.00265944
0.00238853
0.00208197
0.00173831
0.00137236
0.000998674
0.000623128
0.000266489
1.76691e-05
0.0034226
0.00321561
0.00298496
0.00272406
0.00242468
0.00208658
0.00172425
0.00135319
0.000977055
0.000575089
9.03819e-05
0.00225195
0.00370949
0.00350942
0.00328646
0.00303252
0.002736
0.00239411
0.00202361
0.00164201
0.00125244
0.000823924
0.00030779
0.0011763
0.00531587
0.00397031
0.003776
0.00355814
0.00330679
0.00300636
0.00264951
0.00225144
0.00182287
0.00135339
0.000885326
0.000574893
0.000842021
0.00447974
0.00560917
0.00420008
0.00401038
0.00379463
0.00354038
0.00322638
0.00283903
0.00239268
0.00188
0.00130754
0.00085047
0.000687429
0.000597374
0.00371162
0.00548458
0.00564342
0.00439486
0.00420861
0.00399189
0.00372893
0.00339162
0.00296284
0.0024545
0.00185327
0.0012287
0.000829576
0.00076073
0.000423488
0.00298761
0.0052591
0.00566862
0.00565411
0.00455262
0.00436858
0.00414806
0.0038715
0.00350414
0.0030305
0.0024598
0.0017975
0.00117362
0.000836109
0.000809777
0.000369102
0.00219747
0.0049347
0.00565883
0.00571852
0.00566746
0.0044907
0.00469877
0.00426408
0.00397079
0.00357134
0.00305502
0.0024347
0.00174637
0.00115132
0.000857773
0.000839123
0.000317071
0.0016538
0.00448329
0.00560074
0.00576982
0.00575013
0.00567688
0.00434381
0.0045961
0.00480174
0.00403257
0.00360333
0.00305083
0.00239999
0.00171247
0.00115564
0.000894628
0.000856823
0.000338504
0.00107871
0.00397604
0.00547826
0.00579643
0.00580765
0.00570183
0.00558578
0.00406505
0.00440429
0.00466316
0.00486486
0.00361045
0.00303137
0.00236868
0.00169865
0.0011801
0.000939734
0.00087359
0.000362844
0.000815911
0.00330538
0.00528412
0.00578628
0.00582873
0.0056375
0.00514722
0.00480963
0.00360401
0.00408174
0.00443617
0.00470394
0.00491335
0.00300931
0.00234931
0.00170586
0.00122021
0.00098952
0.000883082
0.000423425
0.000552661
0.00274667
0.0049869
0.00572931
0.00580679
0.00550189
0.00466223
0.00263933
0.00106418
0.00299533
0.00359529
0.00408731
0.00445883
0.00474145
0.00496443
0.00234813
0.00173541
0.00127716
0.00104338
0.000904917
0.000518219
0.000442583
0.00208599
0.0046235
0.00561316
0.00573831
0.00532019
0.0042447
0.00189671
0.000660404
0.00236966
0.00300063
0.00360152
0.00410393
0.00449113
0.0047894
0.00502687
0.00178734
0.00135244
0.00111001
0.000947284
0.000624766
0.000352747
0.00162898
0.00413908
0.00543411
0.00562225
0.00511098
0.00390816
0.00161389
0.000522972
0.00186133
0.00242741
0.00304526
0.00363625
0.00414347
0.00454215
0.0048532
0.00510273
0.00144155
0.00118387
0.00101074
0.000736935
0.000318672
0.00116705
0.00364788
0.00517885
0.00546027
0.00488437
0.00362597
0.00150843
0.000482477
0.00154112
0.0019738
0.00253006
0.00312391
0.0037032
0.00420925
0.00461341
0.00493249
0.00519025
0.0012683
0.00108432
0.000846737
0.000315588
0.000878739
0.00303992
0.00486423
0.00525243
0.00464789
0.00337389
0.00148642
0.000457593
0.000466099
0.00136854
0.00167258
0.00211975
0.00265936
0.00323538
0.00379986
0.00429837
0.00470194
0.00502416
0.0052863
0.00117308
0.000938057
0.000359674
0.000591919
0.00256747
0.00445931
0.00500642
0.0044024
0.00314883
0.00150525
0.000473019
0.000496485
0.00126643
0.00149791
0.00183774
0.00228632
0.00281532
0.00337329
0.00391944
0.0044053
0.00480327
0.00512445
0.00538775
0.00104205
0.000425454
0.000468311
0.00190789
0.00406622
0.0047187
0.0041599
0.00294652
0.00155365
0.000518132
0.000929297
0.000535789
0.00110651
0.00137815
0.0016538
0.00201415
0.00247088
0.0029901
0.00352912
0.00405456
0.00452431
0.00491301
0.00523003
0.00549203
0.000542943
0.000358235
0.00151802
0.00352062
0.00442561
0.00393068
0.00278917
0.00162449
0.000602217
0.00158829
0.000895471
0.00058665
0.000694524
0.00119309
0.00151589
0.00182188
0.00220586
0.00266771
0.00317618
0.00369552
0.00419898
0.00465054
0.00502755
0.00533818
0.00559714
0.000327604
0.00104787
0.00309747
0.0040717
0.00372698
0.00267299
0.00168229
0.000708066
0.00208719
0.0015383
0.000872171
0.000652494
0.000333994
0.00087223
0.00132631
0.00167029
0.00200332
0.00240738
0.0028713
0.00336772
0.00386688
0.00434786
0.00478016
0.005144
0.00544681
0.00570153
0.000789597
0.0024897
0.00374979
0.0035406
0.00259082
0.00173326
0.000825249
0.00287072
0.0019983
0.00145549
0.000862895
0.00074625
0.000534116
0.000413772
0.00107357
0.00147641
0.00183783
0.0021975
0.00261467
0.00307745
0.00356026
0.00403896
0.00449745
0.00491014
0.00526008
0.00555423
0.00580399
0.00209376
0.00334168
0.00338533
0.00253284
0.00177759
0.000947844
0.00377089
0.00266574
0.00195711
0.0013969
0.000879975
0.000834998
0.0015578
0.000430873
0.000564602
0.00124425
0.00163241
0.00202119
0.00239826
0.00282449
0.00328246
0.00375033
0.00420842
0.00464477
0.00503805
0.00537393
0.00565909
0.0059036
0.0030114
0.00322107
0.00249986
0.00181822
0.00107581
0.00470197
0.00352354
0.00248205
0.00193795
0.00135201
0.0009153
0.000940582
0.00260603
0.00116374
0.000371505
0.000780787
0.0013867
0.00180431
0.00221018
0.00260357
0.00303305
0.00348323
0.00393496
0.00437251
0.00478739
0.00516193
0.00548406
0.00576038
0.00599978
0.00306935
0.00248417
0.00185869
0.00120148
0.00554713
0.00443638
0.00328958
0.00235849
0.00188008
0.00131494
0.000970235
0.00104092
0.00289369
0.00216109
0.000805914
0.000409393
0.000977701
0.00154158
0.00198532
0.00240699
0.00280861
0.00323719
0.00367689
0.00411156
0.00452893
0.00492335
0.00528014
0.00558935
0.00585748
0.00609215
0.0024799
0.00190054
0.00132127
0.00629823
0.00530053
0.00417155
0.00308305
0.0022685
0.00181422
0.00129119
0.00103579
0.00113779
0.00247978
0.00264461
0.00175823
0.000573322
0.000538064
0.0011753
0.00170707
0.00216882
0.00260403
0.00301013
0.00343373
0.00386071
0.00427787
0.00467584
0.00505113
0.00539164
0.00568926
0.00595
0.0061805
0.00194836
0.00142475
0.00694288
0.00608194
0.00504515
0.00391943
0.00290695
0.00225407
0.00175864
0.00128086
0.00110859
0.00122734
0.00199174
0.00245855
0.00236459
0.00134332
0.000485802
0.000697631
0.00136854
0.00187269
0.00235556
0.00279887
0.00320428
0.00361956
0.00403242
0.0044323
0.00481208
0.00516983
0.00549611
0.00578339
0.00603781
0.00626494
0.00150905
0.0074762
0.00675984
0.0058531
0.00478956
0.00368865
0.00274601
0.00222181
0.00171158
0.00128804
0.00117846
0.00131746
0.00158395
0.00204537
0.00242866
0.00202169
0.00107484
0.000481791
0.000888114
0.00152919
0.00204181
0.00254181
0.00298628
0.00338703
0.00379237
0.00419071
0.00457429
0.00493697
0.00527966
0.00559312
0.00587175
0.00612143
0.0063475
0.0078981
0.00732536
0.00656297
0.00561489
0.00453492
0.00348092
0.00261837
0.00216994
0.00167398
0.00131189
0.00125391
0.00141371
0.00166529
0.00210268
0.00231786
0.00175475
0.000846588
0.000540621
0.00107911
0.0016917
0.00221356
0.00272138
0.00316302
0.00355622
0.00395085
0.00433576
0.00470308
0.00505146
0.00538012
0.00568309
0.00595582
0.00620401
0.0064258
0.00820998
0.00777632
0.00716106
0.00635335
0.00536959
0.0042892
0.00329667
0.00255169
0.0021197
0.00164597
0.00134672
0.00134278
0.00150621
0.00174042
0.00212963
0.00217936
0.00151004
0.000715198
0.000668032
0.00125162
0.00185555
0.00238189
0.00289193
0.00332758
0.00371154
0.00409436
0.00446599
0.00482067
0.00515475
0.00547245
0.00576832
0.00603705
0.00627688
0.00648686
0.00841101
0.0081136
0.0076424
0.00698344
0.00613228
0.0051196
0.00405745
0.00314255
0.0025222
0.00206651
0.00163061
0.00139723
0.00143143
0.00158589
0.00180415
0.00212445
0.00200452
0.00132141
0.000660017
0.000820067
0.00143745
0.0020123
0.00254531
0.00305265
0.00347944
0.00385395
0.00422363
0.00458422
0.0049253
0.00524821
0.0055563
0.00584557
0.0061062
0.00633948
0.00654858
0.00849087
0.00833721
0.00800675
0.00749602
0.00679297
0.00590193
0.0048735
0.0038467
0.00299963
0.00248483
0.00202493
0.00162517
0.00145638
0.00151023
0.00165352
0.00185204
0.00209706
0.00181129
0.00117718
0.000670717
0.000996402
0.00159298
0.00216574
0.00270077
0.00320313
0.00361957
0.00398388
0.00434042
0.00468709
0.00501794
0.0053305
0.00563249
0.0059154
0.00617142
0.00640209
0.00660405
0.00842556
0.00843877
0.00825453
0.00788888
0.00733705
0.00659062
0.00566517
0.00463228
0.00366711
0.00287558
0.00244892
0.00198514
0.0016322
0.00151734
0.00157998
0.00171028
0.00188774
0.00203961
0.00164566
0.00105994
0.000734544
0.00116774
0.00174911
0.00231748
0.00284947
0.00334545
0.00374887
0.00410149
0.00444455
0.00477756
0.00510061
0.00540717
0.00570261
0.00598122
0.00623378
0.00645749
0.00664811
0.00822111
0.00839589
0.00837911
0.00816236
0.00775956
0.00716568
0.0063776
0.00542413
0.00440659
0.00349588
0.00282553
0.00239325
0.0019482
0.00165448
0.00157634
0.00164107
0.00175788
0.00191075
0.00195182
0.0015227
0.000982369
0.000843379
0.00132232
0.00190506
0.00246151
0.0029894
0.00347613
0.00386712
0.00420706
0.00453834
0.00485901
0.00517376
0.00547709
0.00576787
0.00604273
0.00628945
0.00650356
0.00668114
0.00785888
0.00821593
0.00835964
0.00831121
0.00806011
0.00761854
0.00698237
0.00615602
0.00518462
0.00419162
0.00337386
0.00277573
0.00233385
0.00192883
0.00168466
0.00163162
0.00169494
0.00179256
0.00191187
0.00186334
0.00143026
0.000958258
0.000969865
0.00148678
0.0020516
0.00259981
0.00311686
0.00359069
0.0039707
0.00429793
0.00461776
0.00493007
0.00523619
0.00553895
0.00582772
0.00609871
0.00633796
0.00654044
0.00670297
0.00732371
0.00788025
0.00820515
0.00831612
0.00823446
0.00794733
0.00746578
0.00678815
0.00592852
0.0049507
0.00401069
0.00320971
0.00273353
0.00228942
0.00192278
0.00171917
0.00168321
0.00174027
0.00181572
0.00189881
0.00177104
0.0013752
0.000977575
0.00111358
0.00162884
0.00218158
0.00272771
0.00323136
0.00369105
0.00406242
0.00437939
0.00468834
0.00499419
0.00529444
0.0055953
0.00588442
0.00614995
0.0063794
0.00656798
0.0067141
0.00661796
0.00737101
0.00789739
0.00818799
0.00826463
0.0081483
0.00782369
0.00730154
0.00658419
0.00569735
0.0047313
0.00381236
0.00311417
0.00267958
0.00225659
0.00192666
0.0017564
0.00173054
0.00177727
0.00182784
0.00187287
0.00169137
0.00133625
0.00103356
0.00125744
0.00175762
0.00231306
0.00284326
0.003333
0.00377923
0.0041413
0.00445218
0.00475557
0.00505542
0.00535335
0.00565083
0.00593879
0.00619652
0.00641362
0.00658651
0.00576751
0.00668566
0.00741609
0.0079094
0.00816365
0.00820454
0.00805226
0.00768904
0.00712632
0.00637263
0.00546766
0.0044834
0.00365738
0.00303255
0.00263095
0.00223469
0.00193947
0.00179505
0.00177322
0.00180608
0.00183169
0.00184201
0.00162818
0.00131352
0.00112144
0.00139042
0.00189491
0.00243255
0.00294693
0.00342363
0.00385745
0.00421075
0.00451647
0.0048202
0.00511725
0.00541351
0.00570727
0.00599115
0.00623833
0.00644077
0.0047845
0.00584476
0.00675372
0.00745798
0.00791533
0.00813132
0.00813525
0.00794597
0.00754345
0.00694127
0.00615622
0.00520041
0.00425129
0.00350484
0.00300546
0.00259408
0.00222318
0.00195934
0.00183373
0.00181113
0.0018277
0.00183191
0.00181304
0.00159354
0.00132278
0.00121985
0.00152902
0.00201065
0.0025403
0.00304158
0.00350466
0.003928
0.00427551
0.00457894
0.0048837
0.00518257
0.00547655
0.00576543
0.00604157
0.00627534
0.00375651
0.00485784
0.00592509
0.00682131
0.00749564
0.00791421
0.00809027
0.00805627
0.00782925
0.00738732
0.0067476
0.0058969
0.00492589
0.00406964
0.00339295
0.00296908
0.00256666
0.00222115
0.00198412
0.00187175
0.00184446
0.00184488
0.00183086
0.00178511
0.0015851
0.00135354
0.00133606
0.00164424
0.00213325
0.00264202
0.00312736
0.00357891
0.00399492
0.00434018
0.00464272
0.00494962
0.00525218
0.00554333
0.00582555
0.00608986
0.00630791
0.00277656
0.00381617
0.00493622
0.00600795
0.00688742
0.00752795
0.00790505
0.00803981
0.00796723
0.00770207
0.00722119
0.00651144
0.00560512
0.00469092
0.0039255
0.00330388
0.00293163
0.00254775
0.00222715
0.00201274
0.00190875
0.00187446
0.00185973
0.00183263
0.00176754
0.00158903
0.00141547
0.00144606
0.00177394
0.00224668
0.00273534
0.00320779
0.0036506
0.00406335
0.00440742
0.00471312
0.00502274
0.00532736
0.00561425
0.00588709
0.00613587
0.00633547
0.00188011
0.00282148
0.00388115
0.00501958
0.00609262
0.00695089
0.00755369
0.00788693
0.00797937
0.00786789
0.00756463
0.00701528
0.00623947
0.00535124
0.00449512
0.00380841
0.0032663
0.00290036
0.00253711
0.00224029
0.0020444
0.00194498
0.00190254
0.00187528
0.00184058
0.00175952
0.00160652
0.00148835
0.00156877
0.00189945
0.00235035
0.00282556
0.00328709
0.00372563
0.00413529
0.0044835
0.00479331
0.00510483
0.00540882
0.00568857
0.00594942
0.00617891
0.00635892
0.00112155
0.00190949
0.0028709
0.00395176
0.00510769
0.00617816
0.00701044
0.00757167
0.00785898
0.00790851
0.00775822
0.00739172
0.00677311
0.00598482
0.00512449
0.00433588
0.00370458
0.00324351
0.00287752
0.00253481
0.00225974
0.00207862
0.001981
0.00193077
0.00189424
0.00185541
0.00176666
0.00163818
0.00157584
0.00168788
0.00201617
0.0024549
0.00291637
0.00337169
0.00380523
0.0042185
0.00457164
0.00488487
0.00519682
0.00549558
0.00576557
0.00601107
0.00621892
0.00637931
0.000610224
0.00114008
0.00194189
0.00292528
0.00402826
0.00520016
0.00626345
0.00706465
0.00758067
0.00782046
0.00782699
0.00761787
0.0071841
0.00653915
0.00574445
0.00492623
0.00420587
0.00360608
0.00322463
0.00286365
0.00254024
0.00228475
0.00211525
0.0020179
0.00196071
0.00192063
0.00187973
0.00178788
0.00168598
0.00167097
0.00180732
0.00213845
0.00256134
0.00301446
0.00346255
0.00389818
0.00431614
0.00467328
0.00498896
0.00529713
0.005587
0.00584337
0.0060709
0.0062561
0.00639816
0.000359535
0.000618917
0.00116049
0.00197764
0.00298504
0.0041108
0.00529635
0.00634715
0.00711205
0.00757955
0.00777083
0.00771941
0.00744479
0.00697883
0.00631405
0.00553462
0.00475489
0.0041063
0.00355171
0.00320311
0.00285722
0.00255278
0.00231479
0.00215446
0.00205665
0.00199698
0.00195061
0.00191457
0.00182162
0.00174867
0.00177201
0.0019346
0.00226134
0.00267676
0.00312022
0.00356804
0.00400823
0.00442932
0.00478976
0.00510321
0.00540492
0.00568058
0.00592024
0.00612757
0.00629113
0.00641735
0.000295229
0.000362711
0.000628418
0.001183
0.00201713
0.00305065
0.00419941
0.00539538
0.0064277
0.00715108
0.00756732
0.00770011
0.00758069
0.00726989
0.0067775
0.00610239
0.00534148
0.00461437
0.00401431
0.00351656
0.00318606
0.00285783
0.00257192
0.00234942
0.00219672
0.00209917
0.00203698
0.00198922
0.00196339
0.00187003
0.0018271
0.00188338
0.00206592
0.00239482
0.00280018
0.00324141
0.00369334
0.00413559
0.00455997
0.00491786
0.00522702
0.00551652
0.00577414
0.005995
0.00618
0.00632497
0.000283738
0.000295282
0.000366202
0.000638866
0.00120786
0.00206081
0.00312247
0.00429389
0.0054961
0.00650341
0.0071803
0.00754026
0.00759974
0.00743615
0.00709514
0.00658253
0.00590032
0.0051703
0.00448858
0.00393201
0.00349653
0.00317563
0.00286536
0.00259713
0.00238868
0.00224228
0.00214813
0.00208061
0.00203999
0.00202453
0.00193248
0.00191996
0.00200476
0.00220669
0.00253437
0.00293903
0.00338478
0.00383668
0.00428341
0.00470351
0.00505731
0.0053555
0.00562903
0.00586537
0.00606702
0.00622971
0.000261019
0.000283097
0.000295336
0.000370057
0.000650372
0.00123534
0.0021091
0.0032006
0.00439384
0.00559706
0.00657248
0.00720297
0.00748606
0.00748879
0.00728818
0.00692233
0.00639392
0.0057229
0.00501692
0.00439579
0.00387268
0.00348404
0.00317222
0.00287946
0.00262821
0.00243203
0.00229344
0.00219849
0.0021351
0.00210126
0.00209801
0.00200947
0.00202595
0.00213793
0.00235695
0.00268727
0.00310209
0.00354503
0.00400331
0.00444492
0.0048606
0.00520187
0.00548547
0.00573905
0.00595326
0.00613423
0.000230116
0.000260254
0.000282333
0.000295441
0.000374289
0.000663066
0.00126578
0.00216304
0.00328528
0.00449854
0.00569653
0.00664527
0.00720344
0.00741581
0.00737015
0.00713868
0.00675256
0.0062168
0.00555652
0.00488632
0.00430589
0.00382548
0.00347631
0.00317557
0.00290003
0.00266443
0.00248066
0.00234712
0.00225517
0.00219855
0.0021747
0.00218363
0.0021005
0.00214568
0.0022832
0.00251847
0.00286331
0.00327558
0.00373129
0.00418301
0.0046227
0.00502304
0.00534834
0.00561264
0.00584269
0.006036
0.00619524
0.000196323
0.000229674
0.000259428
0.000281592
0.000295545
0.00037898
0.000677096
0.00129936
0.00222314
0.00337656
0.00460689
0.0058111
0.00670437
0.00718289
0.00733277
0.00724618
0.00698913
0.00658829
0.00604309
0.00540382
0.00477307
0.00422997
0.00379153
0.00347256
0.00318542
0.00292619
0.00270598
0.00253279
0.00240874
0.00232041
0.00227021
0.00225778
0.00228276
0.00220632
0.00227909
0.00244067
0.00269597
0.00305482
0.00347945
0.0039264
0.00438191
0.00480557
0.00518807
0.0054915
0.00573363
0.00593936
0.00611267
0.00625395
0.000157378
0.000196371
0.000229203
0.000258551
0.000280658
0.000295721
0.000384116
0.000692635
0.00133648
0.00228991
0.0034742
0.0047386
0.00592436
0.00673995
0.00714439
0.00723976
0.00711879
0.00684129
0.0064274
0.00589028
0.00526798
0.00467722
0.00417357
0.00377048
0.00347258
0.0032014
0.00295763
0.00275195
0.0025909
0.00247101
0.00239172
0.00235252
0.00235307
0.00239394
0.00232604
0.002426
0.00261236
0.00289609
0.00326984
0.00369299
0.00414614
0.00458428
0.00499207
0.00534918
0.00562751
0.00584552
0.00602859
0.0061835
0.00631158
1.53303e-05
0.000157807
0.000196432
0.000228709
0.000257591
0.000279761
0.000295894
0.000389838
0.000709856
0.00137763
0.00236362
0.00359741
0.00488158
0.00601631
0.00675411
0.00709086
0.00713918
0.00698978
0.00669517
0.0062767
0.00574636
0.00514437
0.00458632
0.00412649
0.00375918
0.00347737
0.00322452
0.00299434
0.00280312
0.00265216
0.0025404
0.00247194
0.00244449
0.00245849
0.00251704
0.00245905
0.00258751
0.0028028
0.00311272
0.00349185
0.00392742
0.0043685
0.00479175
0.00517382
0.00550213
0.00575321
0.00594666
0.00611144
0.00625039
0.00636971
1.54466e-05
0.000158275
0.000196515
0.000228187
0.000256573
0.000278718
0.000296179
0.000396076
0.000728988
0.00142324
0.00245993
0.00373962
0.00501054
0.00608713
0.00674917
0.007025
0.00703318
0.00686011
0.00655384
0.00612494
0.0056096
0.00504145
0.00451208
0.00408932
0.00375556
0.00348901
0.00325295
0.00303625
0.0028585
0.00271746
0.00261801
0.0025594
0.00254399
0.00257447
0.0026518
0.00260518
0.0027651
0.00300964
0.00333671
0.00373637
0.00416467
0.00459312
0.00499304
0.00534637
0.00564321
0.00586643
0.00603924
0.00618809
0.00631533
0.00642974
1.55728e-05
0.000158787
0.000196619
0.000227646
0.000255463
0.000277666
0.000296494
0.000403083
0.000750292
0.00148334
0.00257701
0.00387658
0.00512376
0.00613765
0.00672752
0.00694926
0.00692338
0.00673168
0.00641386
0.00599253
0.00548643
0.00494249
0.00445105
0.00406139
0.00375553
0.00350674
0.00328601
0.00308278
0.00291746
0.00278987
0.00269983
0.00265308
0.00265253
0.0027007
0.00279895
0.00276557
0.00295623
0.00322666
0.00357812
0.0039812
0.00440269
0.00481151
0.00518418
0.00550542
0.00577048
0.00596871
0.00612472
0.0062599
0.00637992
0.00649223
1.57103e-05
0.000159345
0.000196755
0.000227081
0.000254296
0.000276364
0.000297041
0.00041067
0.000778443
0.00155819
0.002696
0.00400571
0.00522022
0.00616916
0.00669154
0.00686574
0.00681152
0.0066039
0.00628284
0.00586621
0.00537388
0.00485181
0.0044004
0.00404234
0.00375972
0.00352964
0.00332328
0.00313312
0.00298125
0.00286391
0.00278654
0.00275376
0.00276957
0.00283776
0.00295859
0.00294015
0.00315875
0.00345823
0.003824
0.00422689
0.00463442
0.00501911
0.00536051
0.00564852
0.00588526
0.00606208
0.00620382
0.0063293
0.00644494
0.0065574
1.58598e-05
0.000159957
0.000196925
0.000226506
0.000253025
0.000275058
0.000297757
0.00042063
0.000813897
0.00163697
0.00281449
0.00412484
0.00529955
0.00618327
0.00664349
0.00677642
0.00669831
0.00648008
0.00614879
0.00574491
0.00527376
0.0047778
0.0043594
0.00403017
0.00376829
0.00355687
0.00336421
0.00318728
0.00304785
0.00294251
0.00287872
0.002861
0.00289565
0.00298577
0.00312938
0.00312636
0.00337472
0.00369686
0.00407097
0.00446694
0.00485517
0.00521118
0.00551864
0.00577681
0.00598845
0.0061476
0.00627803
0.00639721
0.00651093
0.00662588
1.60226e-05
0.000160625
0.000197143
0.000225918
0.000251696
0.000273443
0.000298376
0.000433217
0.000851989
0.00171869
0.00293017
0.00423218
0.00536195
0.00618175
0.00658551
0.00668274
0.00658563
0.00635646
0.00603246
0.00563154
0.00517532
0.00471358
0.0043268
0.0040238
0.0037811
0.00358756
0.00340846
0.00324441
0.00311736
0.00302548
0.00297557
0.00297532
0.00303084
0.0031442
0.00331228
0.00332528
0.00359945
0.00393825
0.00431353
0.00469649
0.00506061
0.00538288
0.00566021
0.00589262
0.00607996
0.00622668
0.006349
0.00646453
0.00657891
0.00669835
1.62002e-05
0.00016136
0.000197411
0.000225337
0.000250261
0.000271679
0.000299586
0.00044663
0.00089253
0.00180247
0.00304061
0.00432654
0.00540803
0.00616647
0.00651945
0.00658635
0.00647284
0.00623996
0.00591911
0.00553045
0.00508886
0.00465857
0.00430146
0.00402246
0.00379781
0.00362106
0.00345548
0.00330393
0.00318984
0.00311143
0.00307767
0.00309673
0.00317534
0.00331414
0.00350467
0.00353357
0.0038303
0.00417754
0.00454693
0.00491213
0.00524363
0.00553733
0.0057871
0.00599368
0.00616314
0.0063007
0.00641797
0.00653264
0.0066499
0.00677576
1.63936e-05
0.000162162
0.000197753
0.000224763
0.000248498
0.000269268
0.000301124
0.000460392
0.000935979
0.00188652
0.00314392
0.00440715
0.00543879
0.00613926
0.00644708
0.00648795
0.00636284
0.0061207
0.00581064
0.00543247
0.00501333
0.00461178
0.00428239
0.00402552
0.00381797
0.00365677
0.00350464
0.00336561
0.00326444
0.00320105
0.00318494
0.00322606
0.00333043
0.00349338
0.00370484
0.00374823
0.00406123
0.00440961
0.00476671
0.00510353
0.00540956
0.00567527
0.00589807
0.00608306
0.00624097
0.0063715
0.00648667
0.00660284
0.00672512
0.00685911
1.6605e-05
0.000163044
0.00019817
0.000224133
0.000246456
0.000266747
0.000302562
0.000474673
0.00098125
0.00196966
0.00323814
0.00447383
0.00545538
0.0061019
0.00636978
0.00638917
0.00625279
0.00601674
0.00570563
0.00533802
0.00494616
0.00457226
0.00426871
0.00403239
0.00384111
0.00369411
0.00355552
0.00342873
0.0033416
0.00329407
0.0032981
0.00336463
0.00349428
0.00368112
0.00390881
0.00396578
0.00428717
0.00462975
0.0049657
0.00527892
0.00555739
0.00579319
0.00599543
0.006165
0.00631477
0.00644111
0.00655665
0.00667658
0.00680592
0.00694935
1.68346e-05
0.00016401
0.0001988
0.000223531
0.000244485
0.000264363
0.000304406
0.000488991
0.0010284
0.00204954
0.00332229
0.00452659
0.00545914
0.00605601
0.006289
0.00628986
0.00614742
0.00591327
0.00561356
0.00525632
0.00488646
0.00453911
0.00425967
0.00404252
0.00386668
0.00373266
0.00360734
0.00349367
0.00342064
0.00339111
0.0034189
0.00351098
0.00366722
0.00387411
0.00411389
0.00418203
0.00450381
0.00483112
0.00514937
0.00543526
0.0056835
0.00589858
0.00608287
0.00624178
0.00638625
0.00651129
0.00662948
0.00675546
0.00689363
0.00704705
1.70863e-05
0.000165267
0.000199677
0.000223125
0.000242607
0.000262092
0.000306226
0.000504167
0.00107553
0.00212524
0.00339504
0.00456598
0.0054514
0.00600312
0.00620562
0.00619195
0.00604112
0.00581461
0.00551957
0.00518078
0.00483352
0.00451151
0.00425458
0.00405534
0.00389421
0.00377184
0.00366056
0.00355933
0.00350216
0.0034939
0.00354639
0.00366678
0.00384638
0.00406874
0.00431446
0.00439138
0.00470411
0.00502042
0.0053108
0.00556843
0.0057936
0.00599217
0.00616315
0.00631541
0.00645737
0.00658365
0.00670697
0.00684112
0.00698913
0.00715092
1.74131e-05
0.000166799
0.000200755
0.000222929
0.000240909
0.000259889
0.000308379
0.000519238
0.00112279
0.0021943
0.00345628
0.00459254
0.00543351
0.00594452
0.00612097
0.00609377
0.00594672
0.0057178
0.00543048
0.00511183
0.00478662
0.00448868
0.00425278
0.00407034
0.00392296
0.00381176
0.00371358
0.00362631
0.00358756
0.00360188
0.00368319
0.0038294
0.00402884
0.00426129
0.0045045
0.00458733
0.00489373
0.00518843
0.00544952
0.00568444
0.00589353
0.00607748
0.00623898
0.00638828
0.00652963
0.00666019
0.00679104
0.00693472
0.00709137
0.00725663
1.78018e-05
0.000168428
0.000202008
0.000222993
0.000239397
0.000257889
0.000310315
0.000535167
0.00116755
0.00225641
0.00350535
0.00460713
0.00540676
0.00588154
0.00603506
0.00599923
0.00585139
0.00563143
0.00535125
0.0050488
0.00474506
0.00446991
0.00425367
0.00408688
0.00395283
0.00385152
0.00376733
0.00369634
0.00367654
0.0037187
0.00382668
0.00399654
0.00421056
0.0044456
0.00468679
0.00477401
0.00506845
0.00532853
0.00557048
0.0057874
0.00598376
0.006157
0.00631324
0.00646127
0.00660545
0.00674305
0.00688308
0.00703548
0.00719639
0.00735895
1.82085e-05
0.000170104
0.000203506
0.000223363
0.000238171
0.000256059
0.000312559
0.000550495
0.00121027
0.00230943
0.00354262
0.00461061
0.00537238
0.00581493
0.00594988
0.00590392
0.00576075
0.00554247
0.00527662
0.00499115
0.00470818
0.00445456
0.00425663
0.00410462
0.00398296
0.00389129
0.00382148
0.00376868
0.0037736
0.00384103
0.00397569
0.00416559
0.00438717
0.00462352
0.00486025
0.00495041
0.00520867
0.0054531
0.00567839
0.00588346
0.0060666
0.00623332
0.00638684
0.00653699
0.00668721
0.00683383
0.00698255
0.00713977
0.00729909
0.00745173
1.86257e-05
0.000171889
0.00020521
0.00022404
0.000237246
0.0002545
0.000314438
0.000566175
0.00124793
0.00235351
0.00356811
0.00460382
0.00533136
0.00574612
0.00586351
0.00581807
0.0056709
0.005458
0.00520712
0.00493834
0.00467533
0.00444196
0.00426117
0.00412296
0.00401309
0.0039315
0.00387594
0.00384611
0.00387366
0.00396963
0.00412901
0.00433154
0.00455893
0.00479265
0.0050007
0.00509135
0.00533393
0.00556647
0.00577576
0.00596995
0.00614603
0.00630788
0.00646245
0.00661807
0.00677678
0.00693221
0.00708613
0.00724263
0.00739348
0.00753282
1.90599e-05
0.000173688
0.000207186
0.000225159
0.000236741
0.000253267
0.00031659
0.000580493
0.00128163
0.00238755
0.00358236
0.00458793
0.0052851
0.00567484
0.00578162
0.0057311
0.00558909
0.00538136
0.00514217
0.00488984
0.00464588
0.00443156
0.00426676
0.00414143
0.00404324
0.00397205
0.00393288
0.00392727
0.0039808
0.00410414
0.00428102
0.00449411
0.00472103
0.00493228
0.00512563
0.00521593
0.00545215
0.00566382
0.00586785
0.00605226
0.00622247
0.00638367
0.00654292
0.00670667
0.00687409
0.00703515
0.00718904
0.00733825
0.00747696
0.0075972
1.95002e-05
0.00017563
0.000209422
0.000226593
0.000236636
0.000252336
0.000318251
0.000594066
0.00130789
0.00241055
0.00358484
0.00456344
0.0052341
0.00560357
0.00569564
0.0056466
0.00550628
0.00530805
0.00508142
0.00484508
0.00461927
0.00442281
0.00427289
0.00415984
0.00407331
0.0040134
0.0039919
0.0040118
0.00409433
0.00423934
0.00443119
0.00464744
0.00485973
0.0050576
0.00524683
0.00533706
0.00555042
0.0057605
0.00595309
0.00613035
0.00629929
0.00646374
0.00663067
0.00680306
0.00697646
0.00713804
0.00728562
0.00742367
0.00754409
0.00764596
1.99381e-05
0.000177532
0.000211823
0.000228541
0.00023697
0.000251689
0.000319989
0.000605013
0.00132719
0.00242217
0.00357577
0.00453094
0.00517945
0.00553044
0.00561722
0.00556546
0.00542554
0.00523873
0.00502444
0.00480357
0.00459495
0.0044152
0.00427922
0.00417802
0.00410356
0.00405738
0.00405381
0.00410109
0.00420973
0.00437436
0.00457564
0.00478445
0.00498489
0.0051778
0.00534668
0.00543647
0.00564871
0.00584936
0.00603276
0.00620811
0.00637972
0.00655071
0.00672633
0.00690496
0.00707948
0.0072354
0.00737267
0.00749311
0.00759555
0.00766009
2.04183e-05
0.000179396
0.000214505
0.000230886
0.00023802
0.000251395
0.000321206
0.000614214
0.00133836
0.00242253
0.00355623
0.00449069
0.00512135
0.00545762
0.00554106
0.00548541
0.00535177
0.00517299
0.00497081
0.00476481
0.00457242
0.00440832
0.00428549
0.00419598
0.00413417
0.00410431
0.0041206
0.00419447
0.00432688
0.00450677
0.00470713
0.0049072
0.00510295
0.00527762
0.00544517
0.005535
0.00574194
0.00593031
0.00611154
0.0062889
0.00646657
0.00664558
0.00682797
0.00700825
0.0071778
0.00732382
0.00744406
0.00754691
0.00761231
0.0076491
2.09013e-05
0.000181311
0.000217367
0.000233869
0.000239625
0.000251623
0.000322413
0.000620137
0.00134175
0.00241214
0.00352632
0.00444344
0.00506012
0.0053863
0.00546326
0.00541117
0.00528067
0.00511044
0.00492011
0.00472832
0.00455125
0.00440183
0.00429156
0.00421382
0.00416556
0.00415457
0.004194
0.00429166
0.00444411
0.00462999
0.00482559
0.00502227
0.00520232
0.00537611
0.00554262
0.00563146
0.00582376
0.00601007
0.00619282
0.00637565
0.00656074
0.00674679
0.00693164
0.00710779
0.00726786
0.00739691
0.00749996
0.00756603
0.00760409
0.00758588
2.13858e-05
0.000183219
0.000220588
0.000237262
0.000242153
0.000252383
0.000323216
0.00062316
0.00133706
0.00239084
0.00348723
0.00438915
0.00499684
0.00531367
0.00538805
0.00533557
0.00521223
0.00505077
0.00487194
0.00469371
0.00453107
0.00439549
0.00429739
0.00423172
0.00419872
0.0042079
0.00427061
0.00439103
0.00455591
0.00474174
0.00493637
0.00512072
0.00530078
0.0054735
0.00562559
0.00571402
0.0059044
0.00609191
0.0062796
0.00646969
0.0066614
0.00685063
0.00703241
0.00719986
0.00734295
0.00745468
0.00752121
0.00756031
0.00754419
0.00749484
2.18549e-05
0.000185219
0.000223964
0.000241421
0.000245335
0.000253967
0.000323962
0.000622538
0.00132452
0.00235977
0.00343887
0.00432849
0.00493104
0.00524097
0.00531471
0.00526316
0.0051465
0.00499369
0.00482596
0.00466061
0.00451159
0.00438916
0.004303
0.00425026
0.00423398
0.00426424
0.00435036
0.00448818
0.00465806
0.00484651
0.00503357
0.00521887
0.00539713
0.00555661
0.00570716
0.00579533
0.00598674
0.00617878
0.00637339
0.0065703
0.00676522
0.00695239
0.00712647
0.00727738
0.007403
0.00747791
0.00751777
0.00750347
0.00745643
0.00736066
2.23227e-05
0.000187181
0.000227783
0.000245975
0.000249638
0.000256305
0.000324514
0.000618649
0.00130441
0.00231862
0.00338185
0.00426163
0.0048624
0.0051712
0.00524285
0.00519425
0.00508334
0.00493891
0.00478185
0.00462873
0.00449261
0.00438275
0.00430868
0.00426987
0.00427155
0.00432388
0.00443028
0.00457921
0.00475614
0.00494274
0.00513033
0.00531281
0.00548006
0.00563826
0.00578992
0.00587803
0.00607369
0.00627237
0.00647379
0.00667441
0.00686769
0.00704824
0.00720641
0.00734026
0.00742867
0.00747657
0.00746379
0.00741868
0.00732557
0.00715523
2.27604e-05
0.000189275
0.000231682
0.000251405
0.000254696
0.000259787
0.000325128
0.000611362
0.00127774
0.00226797
0.00331674
0.00418848
0.00479217
0.00510013
0.00517183
0.00512795
0.00502245
0.00488615
0.00473932
0.00459786
0.00447397
0.00437633
0.00431471
0.00429092
0.00431195
0.00438511
0.00450739
0.00466733
0.00484811
0.0050347
0.00522047
0.00539533
0.0055616
0.00572096
0.00587664
0.00596498
0.00616705
0.00637252
0.00657802
0.00677775
0.00696509
0.00713046
0.00727213
0.00736902
0.00742985
0.00742527
0.00738177
0.00729084
0.00712808
2.31971e-05
0.000191258
0.00023613
0.000257207
0.00026102
0.000264263
0.00032592
0.00060135
0.00124484
0.00220904
0.00324351
0.00410904
0.00471947
0.00502828
0.0051051
0.00506329
0.00496349
0.00483517
0.00469818
0.00456779
0.00445562
0.00437004
0.00432148
0.00431398
0.00435446
0.00444607
0.00458296
0.00475067
0.00493335
0.00512073
0.00530219
0.00547642
0.00564399
0.00580741
0.00596922
0.00605801
0.00626689
0.00647678
0.00668203
0.00687673
0.00704939
0.007199
0.00730407
0.0073733
0.00738169
0.00734585
0.00725668
0.00710047
2.35813e-05
0.000193469
0.000240533
0.000263908
0.000268174
0.000270206
0.000327123
0.000588822
0.00120716
0.00214164
0.00316284
0.004025
0.0046414
0.00495751
0.00503676
0.00499998
0.00490629
0.00478579
0.00465822
0.00453845
0.00443757
0.00436414
0.00432946
0.00433899
0.00439818
0.00450691
0.00465553
0.00482916
0.00501485
0.00520081
0.00538233
0.0055582
0.00572991
0.00589956
0.00606804
0.00615741
0.00637106
0.0065813
0.00678241
0.00696305
0.00712061
0.00723416
0.00731149
0.00732898
0.00730519
0.00722334
0.00707273
2.3974e-05
0.000195387
0.00024557
0.00027104
0.000276722
0.000277359
0.000329071
0.000574864
0.00116488
0.0020679
0.00307535
0.00393653
0.00455985
0.00488612
0.00496892
0.00493824
0.0048507
0.00473781
0.00461938
0.00450976
0.00441997
0.00435897
0.00433893
0.00436575
0.00444294
0.00456659
0.00472511
0.00490458
0.00509193
0.00527927
0.00546306
0.00564329
0.00582135
0.00599786
0.0061715
0.00626131
0.00647587
0.00668288
0.00687063
0.00703684
0.00715899
0.00724482
0.00727116
0.00725592
0.00718549
0.00704521
2.42829e-05
0.000197838
0.000250645
0.000279026
0.000286044
0.000286247
0.000331962
0.000559711
0.00111971
0.00198905
0.00298102
0.00384407
0.00447451
0.00481307
0.00490316
0.00487789
0.00479653
0.00469119
0.00458153
0.00448181
0.00440299
0.00435486
0.00435006
0.00439419
0.00448808
0.00462509
0.00479266
0.00497705
0.00516768
0.00535833
0.00554692
0.00573373
0.00591882
0.00610089
0.00627616
0.00636618
0.00657844
0.00677282
0.00694693
0.00707841
0.00717291
0.0072086
0.00720174
0.00713947
0.00701344
2.46158e-05
0.000199825
0.000256041
0.000287293
0.000296831
0.000296498
0.000336317
0.000544666
0.0010706
0.0019058
0.00288162
0.00374645
0.00438328
0.00473938
0.00483798
0.00481863
0.00474372
0.00464575
0.00454474
0.00445466
0.00438694
0.00435212
0.00436301
0.00442403
0.00453361
0.0046828
0.00485865
0.00504876
0.00524423
0.00544039
0.00563597
0.00583007
0.00602115
0.00620527
0.00637977
0.00646946
0.00666985
0.00685147
0.00699171
0.00709548
0.0071409
0.00714299
0.00708867
0.00697409
2.48763e-05
0.000201861
0.000261531
0.000296544
0.000308302
0.000308629
0.000342144
0.000530357
0.0010199
0.00181909
0.0027758
0.00364314
0.00428957
0.00466506
0.00477269
0.00476032
0.00469206
0.0046016
0.00450897
0.00442852
0.00437208
0.00435108
0.00437782
0.00445539
0.00457963
0.00474032
0.00492468
0.00512165
0.00532372
0.00552753
0.00573077
0.0059314
0.006125
0.006309
0.00647315
0.00656209
0.00675066
0.00689939
0.00701201
0.00706773
0.00707931
0.00703343
0.00693001
2.50884e-05
0.000204006
0.000267502
0.000305857
0.000321189
0.000322148
0.000350187
0.000517571
0.000968816
0.00172997
0.00266466
0.00353418
0.00419216
0.00458814
0.00470737
0.00470276
0.00464166
0.0045586
0.00447441
0.00440359
0.00435874
0.00435192
0.00439476
0.00448831
0.00462672
0.0047988
0.00499248
0.00519756
0.00540824
0.00562027
0.00583073
0.00603442
0.00622868
0.00640284
0.00655721
0.0066448
0.0068016
0.00692287
0.00698862
0.00701019
0.00697342
0.00688147
2.52656e-05
0.000206136
0.000273341
0.000316398
0.000334822
0.000337646
0.00036015
0.00050703
0.000918498
0.0016407
0.00254764
0.00342085
0.00408855
0.0045107
0.0046421
0.00464605
0.0045923
0.00451689
0.00444117
0.00438011
0.00434718
0.00435507
0.00441392
0.00452335
0.0046757
0.00485977
0.00506347
0.00527853
0.00549822
0.00571835
0.00593253
0.0061378
0.00632286
0.00648783
0.00661325
0.00669859
0.00682816
0.00690386
0.00693536
0.00690806
0.00682817
2.54014e-05
0.000208374
0.000280041
0.000327008
0.000349662
0.000354272
0.00037278
0.000499231
0.000870775
0.00155186
0.00242876
0.00330178
0.00397924
0.00442695
0.0045765
0.00458981
0.00454401
0.00447655
0.00440934
0.00435835
0.00433784
0.00436068
0.00443591
0.00456106
0.00472796
0.00492424
0.0051397
0.00536482
0.00559374
0.00581841
0.00603528
0.00623214
0.00640878
0.0065455
0.00664523
0.00672812
0.00681353
0.00685503
0.00683719
0.00676948
2.55101e-05
0.000210656
0.000285998
0.000338255
0.000364936
0.000372781
0.000387627
0.000494895
0.000826186
0.00146312
0.00230812
0.00317921
0.00386858
0.00433786
0.00450988
0.00453377
0.00449686
0.00443741
0.0043792
0.00433862
0.00433089
0.00436942
0.00446108
0.00460277
0.00478407
0.00499423
0.00522112
0.00545692
0.00569139
0.00592005
0.00612948
0.00631891
0.00646828
0.00657928
0.00663848
0.0067178
0.00676923
0.00676096
0.00670537
2.55978e-05
0.000212663
0.000292496
0.000349608
0.000381406
0.000392166
0.00040505
0.000494337
0.000786396
0.00137484
0.00218618
0.00304903
0.00375428
0.00424405
0.00444141
0.00447804
0.00445023
0.00439988
0.00435086
0.00432106
0.00432705
0.0043815
0.00449074
0.00464864
0.00484607
0.0050693
0.00530864
0.00555126
0.00579128
0.00601372
0.0062169
0.00638031
0.00650418
0.00657522
0.00660279
0.00667811
0.00667941
0.00663592
2.56132e-05
0.000214744
0.000298999
0.000361609
0.000397939
0.000413003
0.000424741
0.000497978
0.000752124
0.00128927
0.00206456
0.00291336
0.00363532
0.00414438
0.00437163
0.00442143
0.00440487
0.00436364
0.00432434
0.00430636
0.00432636
0.00439825
0.00452471
0.00470078
0.00491306
0.00515081
0.00539853
0.00564854
0.00588381
0.00610147
0.00628019
0.00641849
0.00650325
0.00654261
0.00652112
0.00659268
0.00656119
2.56018e-05
0.000216723
0.000305972
0.00037332
0.00041549
0.000434712
0.000446696
0.000505838
0.000723893
0.00120813
0.0019447
0.002774
0.00351044
0.0040406
0.00429877
0.00436508
0.00435968
0.00432862
0.0043003
0.00429439
0.00433018
0.0044192
0.00456524
0.00475778
0.00498682
0.0052348
0.00549206
0.00573911
0.00597141
0.0061665
0.00632078
0.00642101
0.00647439
0.00646388
0.00641551
0.00648128
2.55531e-05
0.000218865
0.000312776
0.000385904
0.000433194
0.000457382
0.000470315
0.000518277
0.000702167
0.00113335
0.00182755
0.0026329
0.00338216
0.00392979
0.00422369
0.00430672
0.00431458
0.0042955
0.00427838
0.00428644
0.00433781
0.00444676
0.00461039
0.00482185
0.00506319
0.00532314
0.00557958
0.00582584
0.00603786
0.00620954
0.006327
0.00639639
0.00639914
0.0063627
2.54971e-05
0.000220833
0.000320007
0.000397748
0.000451193
0.000480371
0.000496002
0.000534641
0.000687562
0.00106627
0.00171005
0.00249168
0.00324594
0.00381247
0.00414088
0.00424669
0.00427052
0.00426352
0.00425966
0.00428173
0.00435178
0.00447854
0.00466276
0.00488863
0.00514455
0.00540617
0.00566445
0.00589312
0.00608328
0.00621966
0.00630713
0.00632513
0.00630327
2.53954e-05
0.00022295
0.00032693
0.000409608
0.00046906
0.000504455
0.000522674
0.000555196
0.000680294
0.00100819
0.00159722
0.0023509
0.00310314
0.00369561
0.00404986
0.00418647
0.00422581
0.00423342
0.00424353
0.00428267
0.00436937
0.00451742
0.00471794
0.00496094
0.0052213
0.00548788
0.00573154
0.00594075
0.00609736
0.00620499
0.00624038
0.00623527
2.53e-05
0.000224914
0.000333457
0.000421591
0.000487828
0.000528406
0.000551007
0.000579288
0.000680362
0.000960218
0.00149061
0.00221389
0.00295913
0.00357434
0.00395604
0.0041225
0.00418095
0.00420514
0.00423189
0.00428648
0.00439352
0.00455917
0.00477896
0.00502932
0.00529816
0.00555307
0.00578114
0.00595863
0.00608829
0.00614329
0.00615726
2.51741e-05
0.000226615
0.00034012
0.000433733
0.000505703
0.000552968
0.000579948
0.000606345
0.000687735
0.000922412
0.00139411
0.00208065
0.00281096
0.0034518
0.00385459
0.0040556
0.00413721
0.00417966
0.00422227
0.00429588
0.00442056
0.00460667
0.0048367
0.00509914
0.00535935
0.00560459
0.00580234
0.00595547
0.0060322
0.00606765
2.50004e-05
0.000228299
0.000346621
0.000445387
0.000523493
0.00057714
0.000609693
0.000636164
0.000702003
0.00089652
0.00130957
0.00194805
0.00266997
0.00332562
0.00374787
0.00399037
0.00409394
0.0041552
0.00421699
0.00430812
0.00445265
0.00465156
0.00489681
0.00515468
0.00541223
0.00562794
0.00580523
0.0059055
0.00596476
2.48144e-05
0.00022989
0.000352662
0.000457212
0.000540873
0.000601794
0.000640226
0.000668445
0.000722757
0.000880752
0.00123869
0.00182529
0.00253468
0.00319281
0.00364609
0.00391785
0.00405056
0.00413371
0.00421425
0.00432387
0.00448284
0.00469903
0.00494548
0.00520637
0.00543598
0.00563696
0.00576181
0.00584691
2.46107e-05
0.000231215
0.000358754
0.000468175
0.00055804
0.000626304
0.000671062
0.000701762
0.000747794
0.000877399
0.0011827
0.00171544
0.00240063
0.00306845
0.00354302
0.00384262
0.00400883
0.00411387
0.0042129
0.0043386
0.00451504
0.0047398
0.00499171
0.00522931
0.00545111
0.0056003
0.00571256
2.43702e-05
0.000232536
0.000364164
0.000478984
0.000575234
0.00064996
0.000700919
0.000736392
0.000779277
0.000884107
0.00114175
0.0016183
0.00227524
0.00294333
0.00344249
0.00376833
0.00396712
0.00409326
0.00421163
0.00435409
0.004546
0.00477523
0.00501289
0.0052491
0.00542107
0.00556055
2.41299e-05
0.000233473
0.000369302
0.000489789
0.000591899
0.000672749
0.000732327
0.000773419
0.000813136
0.000899294
0.00111653
0.00153938
0.00215692
0.00282886
0.00334569
0.00369331
0.00392361
0.00407402
0.004209
0.00437214
0.00456599
0.00479365
0.00503439
0.00522545
0.00539045
2.38338e-05
0.000234227
0.000374383
0.000499978
0.000607062
0.000695704
0.000763336
0.000808594
0.000849144
0.000924387
0.00110613
0.00147778
0.00205289
0.00272441
0.00324936
0.00361516
0.00388022
0.00405037
0.00421185
0.00437475
0.00457977
0.00481226
0.00501644
0.00520289
2.35116e-05
0.00023493
0.000379086
0.000508971
0.000622881
0.000718899
0.000791247
0.000844524
0.000890053
0.000955948
0.00110885
0.00143319
0.00196563
0.00261928
0.00315449
0.00354567
0.00382568
0.00403425
0.00419356
0.00437996
0.00458947
0.00479837
0.00499974
2.31861e-05
0.000235427
0.000382973
0.000517899
0.000638469
0.000739194
0.000820181
0.000883308
0.000930528
0.000991318
0.00112252
0.0014071
0.00189017
0.00251984
0.00306912
0.00346613
0.00377981
0.00399047
0.00418745
0.00437514
0.00457643
0.00478334
2.28377e-05
0.000235479
0.000386617
0.000526827
0.000652222
0.000759834
0.000850255
0.000917085
0.000970316
0.00103161
0.00114771
0.00139292
0.00182931
0.0024321
0.00298171
0.00339704
0.00370179
0.0039694
0.00415978
0.00435725
0.00455516
2.24388e-05
0.000235385
0.000390282
0.000534411
0.000665082
0.000780599
0.000876481
0.000951513
0.00101375
0.00107522
0.001177
0.00139152
0.00178333
0.00234696
0.00288736
0.00330205
0.0036466
0.00390238
0.00413029
0.00431714
2.20276e-05
0.000235331
0.000393085
0.000541059
0.000678122
0.000799307
0.000901869
0.000986203
0.0010543
0.0011166
0.00121255
0.00139887
0.00174591
0.00225606
0.00279009
0.00322318
0.00354379
0.00384674
0.0040565
2.16364e-05
0.000234902
0.000395194
0.00054776
0.000689507
0.000816353
0.000926935
0.00101923
0.00109098
0.00116067
0.00124965
0.00141584
0.00171301
0.00217736
0.00268899
0.00311705
0.00346282
0.00371554
2.12162e-05
0.000234182
0.000397327
0.00055326
0.000699394
0.00083252
0.000950262
0.00104802
0.00113021
0.00120291
0.00129402
0.00143593
0.00169172
0.00210556
0.00257801
0.00299136
0.00330686
2.07802e-05
0.000233546
0.000398721
0.000557635
0.000708265
0.000847581
0.000970071
0.00107744
0.00116654
0.00125025
0.00133519
0.00146181
0.00168011
0.00203482
0.00244075
0.0028254
2.03778e-05
0.000232646
0.000399433
0.000561164
0.000716359
0.000859637
0.000990245
0.00110438
0.00120636
0.00129128
0.00137991
0.00149644
0.00167717
0.00195667
0.00232947
1.99692e-05
0.000231533
0.000399624
0.000564185
0.00072223
0.000872026
0.00100838
0.00113382
0.00123974
0.00133699
0.00143299
0.00154072
0.00169045
0.00194837
1.95638e-05
0.000230267
0.000399571
0.00056576
0.000728442
0.000882582
0.00102853
0.00115829
0.00128041
0.00139095
0.00149463
0.00160652
0.00175162
1.91648e-05
0.000228979
0.000398741
0.000567657
0.000733252
0.000894732
0.00104517
0.00119043
0.00132168
0.00145018
0.00156797
0.00167364
1.87868e-05
0.000227425
0.00039818
0.000568618
0.000739241
0.000904698
0.00106851
0.00121951
0.00137275
0.00149753
0.00161597
1.84032e-05
0.000226048
0.000397091
0.000570377
0.000744068
0.000919781
0.0010884
0.00125994
0.00140247
0.00155059
1.80531e-05
0.000224454
0.000396468
0.000571638
0.00075236
0.000932374
0.00111809
0.00128121
0.00145046
1.76857e-05
0.000223048
0.000395682
0.000574968
0.000759323
0.000951575
0.00113054
0.00131313
1.73391e-05
0.000221574
0.000395933
0.000577817
0.000769793
0.000958176
0.00114718
1.69946e-05
0.000220443
0.00039612
0.000581974
0.000772642
0.000962667
1.66662e-05
0.000219332
0.000396463
0.000582622
0.000769016
1.63549e-05
0.000217984
0.000395798
0.000574951
1.59777e-05
0.000216815
0.000388051
1.56884e-05
0.000211514
1.49216e-05
)
;

boundaryField
{
    inlet
    {
        type            calculated;
        value           nonuniform List<scalar> 0();
    }
    outlet
    {
        type            calculated;
        value           nonuniform List<scalar> 
50
(
0.00715524
0.00712809
0.00710048
0.00707274
0.00704522
0.00701345
0.0069741
0.00693003
0.00688148
0.00682818
0.00676949
0.00670538
0.00663594
0.0065612
0.0064813
0.00641553
0.00636272
0.00630328
0.00623528
0.00615727
0.00606766
0.00596477
0.00584692
0.00571257
0.00556057
0.00539046
0.0052029
0.00499975
0.00478335
0.00455517
0.00431715
0.0040565
0.00371555
0.00330686
0.00282541
0.00232947
0.00194838
0.00175163
0.00167364
0.00161597
0.0015506
0.00145047
0.00131314
0.00114718
0.000962669
0.000769017
0.000574952
0.000388052
0.000211514
1.49216e-05
)
;
    }
    splitter
    {
        type            compressible::alphatWallFunction;
        Prt             0.85;
        value           nonuniform List<scalar> 0();
    }
    fuel_inlet
    {
        type            calculated;
        value           nonuniform List<scalar> 10(0.00562019 0.0056194 0.00561929 0.00561914 0.005619 0.00561884 0.00561866 0.00561835 0.00561796 0.00561516);
    }
    back
    {
        type            compressible::alphatWallFunction;
        Prt             0.85;
        value           uniform 0;
    }
    sides
    {
        type            compressible::alphatWallFunction;
        Prt             0.85;
        value           uniform 0;
    }
    frontAndBack
    {
        type            empty;
    }
    procBoundary3to0
    {
        type            processor;
        value           nonuniform List<scalar> 
41
(
0.000503919
0.000491313
0.000479378
0.000433784
0.00043019
0.00043019
0.000992553
0.000992553
0.00163482
0.00223131
0.00310024
0.00403637
0.00496795
0.00578316
0.00650065
0.00711156
0.00761369
0.00800822
0.00829652
0.00847657
0.00853602
0.00844934
0.00822147
0.00783412
0.00727504
0.00655135
0.00569375
0.00471618
0.00370181
0.00273571
0.00185336
0.00110465
0.000602328
0.000356648
0.000295224
0.000284384
0.000261726
0.000230541
0.000196293
0.000156986
1.52232e-05
)
;
    }
    procBoundary3to2
    {
        type            processor;
        value           nonuniform List<scalar> 
83
(
5.57648e-06
0.000151707
0.000412968
0.000707267
0.00101754
0.00133825
0.00166662
0.00199958
0.00233416
0.00266695
0.00299403
0.00331092
0.00361257
0.00389343
0.0041479
0.00437082
0.00455839
0.00474023
0.00487689
0.00496287
0.00502438
0.00508128
0.00514525
0.00522065
0.00530704
0.00540189
0.00550224
0.00560557
0.00570989
0.00581372
0.00591592
0.00601567
0.0061124
0.00620575
0.00629552
0.00638161
0.00646474
0.00654653
0.00660998
0.00666935
0.00672544
0.00676826
0.00679846
0.00681595
0.00682123
0.00671595
0.00659715
0.00646169
0.00646169
0.00647601
0.00648535
0.0064915
0.00649671
0.00650349
0.00643946
0.00635891
0.00627676
0.00627676
0.00632394
0.00637259
0.00642429
0.0064802
0.00654067
0.0066056
0.00667519
0.00674978
0.00682991
0.0069162
0.00700917
0.00710904
0.00721432
0.00732036
0.00742185
0.0075125
0.00759071
0.00765185
0.00769768
0.00770912
0.00769542
0.007629
0.00753477
0.00739728
0.00718372
)
;
    }
}


// ************************************************************************* //
