/*--------------------------------*- C++ -*----------------------------------*\
  =========                 |
  \\      /  F ield         | OpenFOAM: The Open Source CFD Toolbox
   \\    /   O peration     | Website:  https://openfoam.org
    \\  /    A nd           | Version:  8
     \\/     M anipulation  |
\*---------------------------------------------------------------------------*/
FoamFile
{
    version     2.0;
    format      ascii;
    class       volScalarField;
    location    "0.05";
    object      CH4;
}
// * * * * * * * * * * * * * * * * * * * * * * * * * * * * * * * * * * * * * //

dimensions      [0 0 0 0 0 0 0];

internalField   nonuniform List<scalar> 
3929
(
0.417779
0.4262
0.431924
0.43368
0.439761
0.445569
0.440807
0.446709
0.45293
0.458534
0.448037
0.45336
0.459436
0.4655
0.469888
0.455569
0.460139
0.465679
0.471636
0.476586
0.478905
0.463517
0.467235
0.472063
0.47753
0.482462
0.485505
0.486244
0.471966
0.474759
0.478769
0.483573
0.488108
0.491271
0.492864
0.492724
0.480981
0.482792
0.485906
0.48994
0.493906
0.496812
0.498668
0.499651
0.499851
0.49062
0.491397
0.493553
0.496736
0.500026
0.502508
0.50428
0.505854
0.507908
0.511593
0.500929
0.50063
0.501771
0.504036
0.506568
0.508524
0.510074
0.512
0.51601
0.529214
0.686529
0.511943
0.510533
0.510611
0.5119
0.513607
0.514957
0.516199
0.518386
0.524199
0.544066
0.66211
0.99586
0.523679
0.521137
0.520114
0.520377
0.521198
0.521874
0.522728
0.525062
0.532399
0.55722
0.654704
0.987979
0.999598
0.536133
0.532453
0.530309
0.529508
0.529393
0.529336
0.529722
0.532055
0.540534
0.568861
0.658567
0.97991
0.998644
0.999916
0.549268
0.544474
0.541205
0.53932
0.538237
0.537401
0.53725
0.539447
0.548677
0.579136
0.666112
0.971465
0.997387
0.999702
0.999977
0.563013
0.557159
0.552793
0.549827
0.547762
0.546123
0.545391
0.547352
0.557016
0.588817
0.67467
0.962872
0.995889
0.999392
0.999915
0.999992
0.57725
0.570429
0.565025
0.561011
0.557977
0.55553
0.554197
0.555876
0.565777
0.598467
0.683053
0.953554
0.994198
0.998986
0.999817
0.999969
0.999994
0.584159
0.59426
0.577815
0.572817
0.568853
0.565613
0.563678
0.565051
0.575191
0.608257
0.691494
0.943328
0.992203
0.998493
0.999678
0.999931
0.999977
0.999987
0.591028
0.600477
0.613253
0.585147
0.580317
0.576322
0.573798
0.574848
0.585154
0.618236
0.699408
0.932153
0.98988
0.997902
0.999491
0.999873
0.99995
0.999953
0.999948
0.597853
0.606641
0.61866
0.63075
0.592254
0.587569
0.584493
0.58522
0.595549
0.628321
0.706899
0.919916
0.986899
0.997211
0.999253
0.999788
0.999909
0.999901
0.999823
0.999653
0.604508
0.61277
0.623998
0.635381
0.646572
0.599232
0.595676
0.596119
0.60636
0.638498
0.7139
0.906606
0.983104
0.99635
0.998959
0.999672
0.999848
0.999828
0.999649
0.998873
0.992949
0.611154
0.618812
0.629312
0.639938
0.65049
0.660687
0.607242
0.607475
0.617528
0.648699
0.720172
0.892386
0.978067
0.995282
0.998594
0.999518
0.999762
0.999729
0.999422
0.997898
0.979682
0.619001
0.625044
0.634639
0.644495
0.654345
0.663984
0.673192
0.619205
0.628899
0.658772
0.725533
0.877571
0.971474
0.99385
0.998145
0.999317
0.999647
0.9996
0.999142
0.996811
0.969232
0.63093
0.632767
0.640369
0.64917
0.658242
0.66725
0.675986
0.684279
0.640268
0.668429
0.729797
0.86238
0.963137
0.991919
0.997571
0.999062
0.999494
0.999436
0.998804
0.995653
0.961785
0.651389
0.644698
0.647758
0.654433
0.662378
0.670623
0.678797
0.686694
0.694177
0.677492
0.73284
0.847352
0.952872
0.98924
0.996828
0.998737
0.999297
0.999233
0.998405
0.99442
0.956654
0.685384
0.685831
0.664227
0.659066
0.661442
0.667275
0.67437
0.681798
0.689187
0.696331
0.70311
0.734969
0.833096
0.940739
0.985548
0.995829
0.998324
0.999045
0.998982
0.99794
0.993111
0.952995
0.724561
0.736322
0.694988
0.676825
0.672058
0.673969
0.679037
0.685307
0.69196
0.698632
0.705108
0.711272
0.820278
0.926902
0.980478
0.994495
0.997789
0.998728
0.998677
0.997401
0.991712
0.950631
0.474812
0.757957
0.809272
0.737574
0.703532
0.68819
0.683955
0.685529
0.689867
0.695368
0.701306
0.707326
0.713203
0.718817
0.911654
0.9737
0.992622
0.997102
0.998327
0.998307
0.996787
0.99023
0.94918
0.290874
0.524183
0.786023
0.895641
0.797931
0.739363
0.711505
0.698647
0.69496
0.69623
0.699912
0.704727
0.710012
0.715433
0.720757
0.725857
0.964963
0.990041
0.996184
0.997824
0.99786
0.996093
0.988707
0.948382
0.170983
0.33549
0.570483
0.809303
0.9541
0.875169
0.789823
0.741985
0.719142
0.708415
0.705205
0.706195
0.709341
0.713546
0.718229
0.723082
0.727872
0.732467
0.986439
0.994974
0.997183
0.997321
0.99532
0.987165
0.94798
0.0972582
0.205485
0.379452
0.613417
0.828308
0.981478
0.937066
0.857226
0.784437
0.745311
0.726595
0.71763
0.71483
0.71561
0.718306
0.721967
0.726077
0.730365
0.734614
0.738686
0.993312
0.996371
0.996671
0.994464
0.985626
0.947704
0.0544717
0.120709
0.24127
0.422862
0.653026
0.843897
0.991051
0.972233
0.919122
0.842785
0.781231
0.749297
0.733924
0.726414
0.723989
0.724624
0.726949
0.730108
0.733641
0.737341
0.741014
0.744525
0.995315
0.995887
0.993519
0.984103
0.94756
0.0302658
0.0691936
0.146413
0.278097
0.466287
0.688687
0.856644
0.99393
0.986663
0.960844
0.901717
0.831679
0.779951
0.753854
0.74118
0.734889
0.732825
0.733392
0.735395
0.738047
0.740968
0.744023
0.747062
0.749964
0.99493
0.992475
0.982609
0.947438
0.016715
0.0390239
0.0859797
0.174227
0.315965
0.509196
0.720384
0.867182
0.993739
0.991413
0.98093
0.947737
0.88611
0.823607
0.780302
0.758873
0.748413
0.743178
0.741509
0.742043
0.743702
0.745797
0.748026
0.750376
0.752735
0.754978
0.991315
0.981159
0.947374
0.00914382
0.0217167
0.0493829
0.104854
0.20392
0.35465
0.550664
0.747948
0.875966
0.989995
0.991766
0.988175
0.973771
0.933935
0.872895
0.818196
0.781933
0.764304
0.755698
0.751467
0.750124
0.750532
0.751816
0.753285
0.754783
0.756385
0.758006
0.759523
0.979752
0.947381
0.00492706
0.0119084
0.0278145
0.0614196
0.125796
0.235403
0.393939
0.589819
0.77155
0.883386
0.978344
0.988015
0.989352
0.984224
0.965293
0.920346
0.86236
0.814963
0.784635
0.770132
0.763165
0.759706
0.758575
0.758829
0.759687
0.760495
0.761223
0.762014
0.762823
0.763532
0.947465
0.00259518
0.00640951
0.0153588
0.0351139
0.0751994
0.148886
0.268422
0.433351
0.626247
0.791587
0.88964
0.947538
0.976465
0.98575
0.986551
0.979484
0.955817
0.907723
0.85443
0.813618
0.788251
0.776385
0.770724
0.767876
0.766881
0.766922
0.767295
0.767411
0.767304
0.767203
0.767103
0.766913
0.00132408
0.00336512
0.00829224
0.0195944
0.0437099
0.0907829
0.174026
0.302652
0.472587
0.659472
0.808621
0.8963
0.947583
0.974451
0.983224
0.983315
0.974028
0.945781
0.896855
0.848858
0.81389
0.792613
0.782985
0.77837
0.775991
0.775039
0.774794
0.774624
0.773981
0.772954
0.771847
0.770738
0.769564
0.000647603
0.00170956
0.00435542
0.0106506
0.024711
0.0536939
0.108236
0.201062
0.337891
0.511146
0.689359
0.826637
0.901066
0.947288
0.972212
0.980421
0.97968
0.96795
0.935774
0.888046
0.845455
0.815338
0.79777
0.789883
0.786086
0.784031
0.783018
0.782404
0.781603
0.780123
0.778036
0.775813
0.773611
0.771371
0.000299985
0.000832295
0.00220992
0.00561586
0.0135636
0.030803
0.0651568
0.127639
0.229881
0.374002
0.548243
0.722393
0.840084
0.904227
0.946516
0.969692
0.977332
0.975667
0.961388
0.926447
0.881383
0.843781
0.818114
0.803533
0.797006
0.793819
0.791941
0.790748
0.789653
0.78811
0.785649
0.782387
0.778972
0.775593
0.772201
0.000130749
0.000383826
0.00107362
0.00285471
0.00720175
0.0171119
0.0379629
0.0781978
0.149018
0.26035
0.410694
0.592091
0.74827
0.849898
0.905985
0.945192
0.966832
0.973962
0.971314
0.954584
0.918189
0.876685
0.843474
0.821963
0.809749
0.804255
0.801478
0.799617
0.798105
0.796389
0.793952
0.790361
0.785862
0.781171
0.77653
0.771923
5.56845e-05
0.000166647
0.000493923
0.00138761
0.00367844
0.00917299
0.0213772
0.0462877
0.0928911
0.172399
0.292408
0.45689
0.629016
0.768096
0.856844
0.906457
0.94326
0.963599
0.970313
0.96669
0.94777
0.911386
0.873467
0.844778
0.826615
0.816243
0.811489
0.808923
0.806907
0.804912
0.80241
0.798924
0.7941
0.788284
0.782229
0.776281
0.770408
2.33059e-05
7.07836e-05
0.000213978
0.000638276
0.00179379
0.0047205
0.0115937
0.0264447
0.0558811
0.109361
0.197963
0.334579
0.49856
0.659127
0.783113
0.861396
0.905691
0.940661
0.959998
0.966377
0.961863
0.941253
0.906009
0.871807
0.847283
0.831792
0.822818
0.818528
0.815965
0.813606
0.810944
0.807492
0.802826
0.79667
0.789437
0.781999
0.774713
0.767524
9.47465e-06
2.95929e-05
9.07651e-05
0.000276433
0.000826965
0.00231548
0.00602513
0.0145319
0.0324075
0.0668736
0.12799
0.232999
0.374603
0.534736
0.683304
0.794168
0.863848
0.903709
0.937363
0.956002
0.962159
0.956886
0.935294
0.9016
0.871659
0.850586
0.837223
0.829245
0.82515
0.822374
0.819469
0.815959
0.811404
0.805444
0.797869
0.789199
0.780358
0.771701
0.76315
3.68331e-06
1.20416e-05
3.79455e-05
0.000117278
0.000358796
0.0010725
0.00298009
0.00764159
0.0180634
0.0393875
0.0795994
0.154439
0.26772
0.411237
0.565512
0.702305
0.801862
0.864377
0.900543
0.933358
0.951577
0.957636
0.951821
0.929872
0.898619
0.872554
0.854354
0.842608
0.835262
0.831095
0.827881
0.824229
0.819704
0.813918
0.806576
0.797561
0.787457
0.777217
0.767189
0.75728
1.34093e-06
4.69757e-06
1.54685e-05
4.9089e-05
0.00015251
0.000467197
0.00139021
0.00381968
0.00962683
0.0222875
0.0476395
0.0980694
0.181901
0.300802
0.444058
0.591158
0.716789
0.806614
0.863128
0.896189
0.928601
0.946662
0.952777
0.94665
0.924644
0.896729
0.874081
0.858179
0.847618
0.840569
0.836068
0.832196
0.827614
0.821935
0.814825
0.806072
0.795633
0.784133
0.77253
0.761165
4.45401e-07
1.7214e-06
6.06074e-06
2.00688e-05
6.40037e-05
0.00019934
0.000609437
0.00179885
0.00487258
0.0120544
0.0273847
0.0598424
0.117997
0.209102
0.331599
0.472843
0.612015
0.727296
0.808741
0.860185
0.890626
0.923034
0.941158
0.947499
0.941159
0.920015
0.895466
0.875737
0.861667
0.851903
0.84484
0.839759
0.835032
0.82937
0.822436
0.813969
0.803824
0.792019
0.779192
0.766289
1.24525e-07
5.77363e-07
2.23763e-06
7.90485e-06
2.62724e-05
8.40081e-05
0.00026154
0.000795418
0.00232169
0.00618874
0.0150465
0.0350342
0.0734085
0.138386
0.235489
0.359808
0.497548
0.628445
0.734268
0.808466
0.8556
0.883805
0.916564
0.934947
0.94163
0.935101
0.915683
0.89432
0.877087
0.864409
0.855093
0.847743
0.841872
0.836132
0.829282
0.821054
0.811248
0.799776
0.786696
0.772634
3.19791e-08
1.63466e-07
7.58773e-07
2.94332e-06
1.0414e-05
3.46692e-05
0.000110874
0.000344056
0.0010379
0.00298958
0.00784701
0.0196021
0.0437617
0.0876583
0.158935
0.260574
0.385138
0.51821
0.640801
0.738045
0.805953
0.849395
0.875648
0.909092
0.927874
0.934919
0.928445
0.911285
0.892828
0.877653
0.865993
0.856831
0.84897
0.842147
0.835283
0.827205
0.8177
0.806622
0.793922
0.779679
0.764484
7.79071e-09
4.25217e-08
2.17952e-07
1.0103e-06
3.91459e-06
1.38452e-05
4.6069e-05
0.000146989
0.000453467
0.00135415
0.00384961
0.0104125
0.0249321
0.0531558
0.102379
0.179176
0.283885
0.407364
0.534937
0.649407
0.738902
0.801325
0.841561
0.866075
0.900482
0.919806
0.926914
0.921093
0.906351
0.890489
0.876991
0.86604
0.856795
0.848261
0.840382
0.832356
0.823065
0.81235
0.800105
0.786299
0.771006
0.754762
1.75613e-09
1.04774e-08
5.75697e-08
2.94956e-07
1.3618e-06
5.25959e-06
1.8558e-05
6.15885e-05
0.000195613
0.000598878
0.0017702
0.00520333
0.0134931
0.0307907
0.063083
0.1173
0.19873
0.30512
0.42635
0.547892
0.65456
0.737066
0.79467
0.832077
0.854989
0.890572
0.910303
0.91752
0.912773
0.900454
0.886859
0.874717
0.864225
0.854727
0.845424
0.836465
0.827292
0.81686
0.805044
0.791756
0.776963
0.760715
0.743466
3.532e-10
2.3806e-09
1.43912e-08
7.9308e-08
4.04795e-07
1.85654e-06
7.13263e-06
2.50593e-05
8.27905e-05
0.000261363
0.000794016
0.00243727
0.00687528
0.0169514
0.0371058
0.0733885
0.132201
0.217248
0.324045
0.442065
0.557271
0.656533
0.732732
0.786057
0.820922
0.842499
0.879336
0.899068
0.906622
0.903231
0.893207
0.881563
0.870512
0.8603
0.850452
0.840368
0.830363
0.820119
0.808656
0.795866
0.781658
0.765977
0.748828
0.730589
6.12105e-11
4.80357e-10
3.30737e-09
2.01772e-08
1.11064e-07
5.62805e-07
2.55757e-06
9.75572e-06
3.40738e-05
0.000111933
0.000351248
0.00111264
0.00328489
0.00879512
0.0207512
0.0437937
0.0839047
0.146787
0.234368
0.340517
0.454549
0.563293
0.655582
0.726068
0.77555
0.808201
0.828193
0.866274
0.886033
0.894109
0.892212
0.884283
0.874319
0.864163
0.854126
0.843906
0.833088
0.822132
0.810928
0.798563
0.784923
0.769896
0.753387
0.735356
0.716115
9.28464e-12
8.30529e-11
6.7184e-10
4.70807e-09
2.88496e-08
1.57935e-07
7.91938e-07
3.55768e-06
1.34533e-05
4.66706e-05
0.000152487
0.000500663
0.00152853
0.00428217
0.0109473
0.0248499
0.0507628
0.0944399
0.160796
0.249849
0.354429
0.463897
0.566191
0.651947
0.717228
0.763317
0.793507
0.812082
0.851352
0.871156
0.879892
0.879517
0.873475
0.864968
0.855579
0.845674
0.835118
0.823674
0.811895
0.799861
0.786715
0.772327
0.756542
0.739226
0.720299
0.700035
1.37029e-12
1.24977e-11
1.16192e-10
9.66755e-10
6.86183e-09
4.20148e-08
2.27784e-07
1.12689e-06
4.99562e-06
1.87143e-05
6.45177e-05
0.000221117
0.000700674
0.00202991
0.00542583
0.0133133
0.0291977
0.0579097
0.104851
0.173955
0.263507
0.365737
0.470248
0.566207
0.645852
0.706428
0.74899
0.777028
0.794266
0.834588
0.854466
0.86396
0.86506
0.860705
0.853493
0.844791
0.835024
0.824219
0.812279
0.799823
0.787076
0.77325
0.758172
0.741649
0.723508
0.703654
2.23076e-13
1.82257e-12
1.73628e-11
1.67857e-10
1.43086e-09
1.02268e-08
6.22387e-08
3.32884e-07
1.62107e-06
7.08567e-06
2.63164e-05
9.52965e-05
0.00031519
0.000947614
0.00261821
0.00670913
0.015868
0.0337381
0.0651174
0.114943
0.186035
0.275228
0.374466
0.47378
0.563583
0.637504
0.693488
0.732882
0.758951
0.774957
0.816115
0.836099
0.846389
0.84888
0.846045
0.840001
0.831937
0.822359
0.811402
0.799108
0.786097
0.772733
0.758282
0.742529
0.725245
0.706238
4.15913e-14
2.92904e-13
2.50028e-12
2.49624e-11
2.50573e-10
2.17611e-09
1.5563e-08
9.36701e-08
4.92765e-07
2.35954e-06
1.01774e-05
3.97127e-05
0.000138454
0.00043406
0.00124406
0.00329245
0.0081208
0.018582
0.0384051
0.0722667
0.124557
0.196875
0.284958
0.380697
0.474694
0.558486
0.627022
0.678743
0.715269
0.73954
0.754451
0.796165
0.816275
0.827362
0.831147
0.829686
0.824696
0.817259
0.80791
0.79691
0.784367
0.770896
0.756966
0.741896
0.725438
0.707343
8.85406e-15
5.39835e-14
3.96007e-13
3.5502e-12
3.7212e-11
3.86395e-10
3.39544e-09
2.41477e-08
1.43161e-07
7.39715e-07
3.48627e-06
1.57739e-05
5.89276e-05
0.000194247
0.000580014
0.00159126
0.00404902
0.00964771
0.0214207
0.0431364
0.0792472
0.133525
0.206351
0.292692
0.384558
0.473127
0.551278
0.614707
0.662526
0.696459
0.719133
0.733098
0.775049
0.795298
0.807163
0.812137
0.811904
0.80787
0.80103
0.791965
0.780976
0.768255
0.754368
0.73987
0.724145
0.706921
0.687956
2.17429e-15
1.13819e-14
7.20136e-14
5.5348e-13
5.2345e-12
5.75726e-11
6.14771e-10
5.42632e-09
3.81748e-08
2.22529e-07
1.13109e-06
5.60338e-06
2.39985e-05
8.43571e-05
0.000264299
0.000754707
0.001989
0.00488255
0.0112728
0.0243471
0.0478523
0.0859464
0.141702
0.214388
0.298483
0.386182
0.469518
0.542226
0.600901
0.645205
0.676814
0.698075
0.711278
0.753134
0.773541
0.786139
0.792185
0.793014
0.78984
0.783567
0.774769
0.76382
0.750932
0.736617
0.721505
0.705054
0.686992
0.667104
6.59859e-16
2.77461e-15
1.50131e-14
9.91255e-14
8.02905e-13
8.03344e-12
9.242e-11
1.00736e-09
8.8718e-09
6.15981e-08
3.54039e-07
1.90382e-06
8.80755e-06
3.51647e-05
0.00011702
0.000349982
0.000959067
0.00243576
0.00578533
0.0129769
0.0273206
0.0524826
0.0922687
0.148988
0.220974
0.302473
0.38592
0.464097
0.531659
0.585976
0.627119
0.656669
0.676757
0.689401
0.730835
0.7514
0.764662
0.771627
0.773368
0.770928
0.765126
0.756559
0.745615
0.73251
0.717701
0.701896
0.684635
0.66567
0.644847
2.56328e-16
8.37899e-16
3.62851e-15
2.03956e-14
1.41406e-13
1.21344e-12
1.28479e-11
1.53718e-10
1.69711e-09
1.48638e-08
1.02376e-07
6.30755e-07
3.11438e-06
1.32958e-05
4.98616e-05
0.000157862
0.000452347
0.00119325
0.0029287
0.0067482
0.0147386
0.0302999
0.0569602
0.0981224
0.155325
0.226244
0.30485
0.383954
0.457141
0.519881
0.570276
0.608612
0.636412
0.655567
0.667828
0.708555
0.729258
0.743091
0.750801
0.753262
0.751382
0.745935
0.737508
0.726473
0.713046
0.697646
0.681054
0.662903
0.643008
0.62129
3.24207e-16
1.08944e-15
4.87986e-15
2.86629e-14
2.1002e-13
1.91577e-12
2.14061e-11
2.64384e-10
2.94206e-09
2.58296e-08
1.95425e-07
1.08264e-06
4.87397e-06
1.93794e-05
6.86745e-05
0.000207711
0.00057206
0.00145665
0.00346374
0.00775995
0.0165338
0.03324
0.0612254
0.103441
0.160786
0.230279
0.305738
0.380507
0.448925
0.507251
0.554142
0.590056
0.6164
0.634839
0.646873
0.686653
0.707458
0.721712
0.729946
0.732911
0.7314
0.726154
0.717716
0.706446
0.69256
0.676453
0.658985
0.639906
0.619103
0.596592
4.1961e-16
1.45511e-15
6.77753e-15
4.18769e-14
3.26102e-13
3.16387e-12
3.70959e-11
4.70139e-10
5.32212e-09
5.34454e-08
3.55215e-07
1.76919e-06
7.34193e-06
2.73855e-05
9.21586e-05
0.000267228
0.000709378
0.00174788
0.00403549
0.00880852
0.0183402
0.0361022
0.0652271
0.108212
0.165441
0.233133
0.305289
0.375808
0.439755
0.494103
0.537921
0.57177
0.596938
0.614852
0.626784
0.665428
0.686237
0.700705
0.709241
0.712454
0.711102
0.705855
0.697222
0.685547
0.671049
0.654124
0.63573
0.615736
0.594115
0.570961
5.57413e-16
2.00442e-15
9.7699e-15
6.39313e-14
5.30984e-13
5.46283e-12
6.68223e-11
8.76667e-10
1.20096e-08
1.0381e-07
6.11236e-07
2.77217e-06
1.06948e-05
3.76458e-05
0.000120812
0.000336882
0.000864115
0.00206474
0.00463839
0.00988138
0.0201327
0.0388525
0.068938
0.112596
0.169261
0.234889
0.303677
0.370107
0.429945
0.480741
0.521907
0.554039
0.578277
0.595821
0.607708
0.645067
0.665721
0.680191
0.688745
0.69196
0.690522
0.68505
0.676018
0.663756
0.648497
0.63069
0.611375
0.590543
0.568246
0.544647
7.62833e-16
2.86149e-15
1.46994e-14
1.02456e-13
9.07717e-13
9.85923e-12
1.26899e-10
2.14096e-09
2.50566e-08
1.89694e-07
1.0041e-06
4.18703e-06
1.51211e-05
5.04819e-05
0.000155056
0.000416916
0.00103563
0.00240462
0.00526546
0.0109643
0.0218896
0.0414731
0.0724723
0.116473
0.172272
0.235652
0.301089
0.363664
0.419764
0.467449
0.506362
0.537091
0.560605
0.57787
0.589683
0.62565
0.645967
0.660163
0.668466
0.671413
0.669637
0.663706
0.654068
0.641042
0.624927
0.606229
0.58606
0.564525
0.541746
0.517917
1.08043e-15
4.25796e-15
2.32158e-14
1.72908e-13
1.63072e-12
1.8884e-11
3.28622e-10
4.77708e-09
4.88616e-08
3.29393e-07
1.5841e-06
6.12119e-06
2.08149e-05
6.61937e-05
0.000195207
0.000507334
0.00122293
0.00276409
0.00590963
0.0120452
0.0235964
0.0440191
0.0757641
0.119831
0.174522
0.235546
0.297726
0.35672
0.409479
0.454476
0.491503
0.521093
0.544029
0.561017
0.572675
0.607177
0.626915
0.640562
0.648334
0.650744
0.648377
0.641765
0.631318
0.617412
0.600406
0.58087
0.559979
0.537931
0.514888
0.491039
1.59268e-15
6.64665e-15
3.86821e-14
3.08139e-13
3.13147e-12
5.08165e-11
7.73141e-10
9.90082e-09
9.01486e-08
5.47238e-07
2.41111e-06
8.69112e-06
2.79695e-05
8.50444e-05
0.000241471
0.000607914
0.00142458
0.00313992
0.00656375
0.0131126
0.0252728
0.0464784
0.0787889
0.122682
0.176078
0.234707
0.293783
0.349505
0.399325
0.442023
0.477483
0.506146
0.528556
0.545209
0.55656
0.589551
0.608448
0.621265
0.628236
0.629851
0.626658
0.619143
0.607759
0.592915
0.57505
0.554801
0.533375
0.511035
0.487946
0.464257
2.46002e-15
1.09543e-14
6.83306e-14
5.91333e-13
8.65306e-12
1.24294e-10
1.68091e-09
1.9332e-08
1.58625e-07
8.74201e-07
3.55369e-06
1.20194e-05
3.67691e-05
0.000107252
0.000293931
0.000718194
0.00163899
0.00352805
0.00722097
0.0141665
0.0269405
0.0488317
0.0815342
0.125048
0.177021
0.23328
0.289449
0.342229
0.389487
0.430238
0.464406
0.492258
0.514127
0.530312
0.541156
0.572612
0.590395
0.602114
0.60803
0.608611
0.60437
0.595818
0.583422
0.567651
0.549037
0.528259
0.50652
0.484113
0.461168
0.437771
4.01079e-15
1.91959e-14
1.30915e-13
1.66648e-12
2.18504e-11
2.80024e-10
3.42755e-09
3.58997e-08
2.67674e-07
1.34808e-06
5.08786e-06
1.62301e-05
4.73832e-05
0.000132978
0.000352541
0.000837539
0.00186419
0.0039249
0.00787853
0.0152362
0.0285837
0.0510648
0.0839974
0.126967
0.177441
0.231408
0.284901
0.335064
0.38011
0.419233
0.452287
0.479374
0.500605
0.516133
0.526238
0.55615
0.572558
0.582935
0.587563
0.586897
0.581474
0.571802
0.558386
0.541783
0.522596
0.501514
0.479693
0.45742
0.434761
0.411733
6.96094e-15
3.67205e-14
3.75002e-13
4.33313e-12
5.07888e-11
5.89518e-10
6.62502e-09
6.38068e-08
4.34972e-07
2.01333e-06
7.09489e-06
2.14456e-05
5.99601e-05
0.000162328
0.000417142
0.000965117
0.0020985
0.00432823
0.00855034
0.016312
0.0301933
0.0531676
0.0861869
0.128488
0.177435
0.229227
0.280289
0.328148
0.371314
0.409035
0.44109
0.467367
0.487797
0.50244
0.511567
0.53994
0.554733
0.56355
0.566691
0.564652
0.557964
0.547154
0.532798
0.515532
0.495996
0.474845
0.453152
0.431163
0.408877
0.386236
1.31931e-14
1.06751e-13
1.0035e-12
1.03963e-11
1.10083e-10
1.1726e-09
1.22251e-08
1.09067e-07
6.82876e-07
2.9203e-06
9.6593e-06
2.77822e-05
7.46228e-05
0.000195341
0.000487463
0.0011001
0.0023405
0.00474362
0.00923558
0.0173887
0.031761
0.0551364
0.0881198
0.129664
0.177099
0.22686
0.275738
0.321601
0.363136
0.39963
0.430703
0.456051
0.475472
0.48899
0.496898
0.523751
0.536723
0.543799
0.545336
0.541856
0.533879
0.522
0.50687
0.48916
0.469513
0.448511
0.427105
0.405495
0.383606
0.361325
3.89705e-14
2.94049e-13
2.49008e-12
2.32537e-11
2.24879e-10
2.22078e-09
2.16607e-08
1.79892e-07
1.0386e-06
4.12416e-06
1.28663e-05
3.53469e-05
9.14646e-05
0.000232001
0.000563176
0.0012418
0.00259234
0.00517229
0.00993171
0.0184614
0.0332814
0.0569723
0.0898195
0.130555
0.176525
0.224414
0.271358
0.31547
0.355586
0.390936
0.420969
0.44521
0.463382
0.475529
0.482009
0.50737
0.518364
0.523582
0.523476
0.518527
0.509329
0.496541
0.480854
0.462944
0.443412
0.42272
0.401704
0.380503
0.358983
0.337006
1.10377e-13
7.56006e-13
5.76895e-12
4.89688e-11
4.36491e-10
4.02973e-09
3.69883e-08
2.87147e-07
1.53387e-06
5.68356e-06
1.67996e-05
4.42342e-05
0.00011055
0.000272245
0.000644028
0.00139112
0.00285558
0.00561333
0.0106371
0.0195269
0.0347513
0.058681
0.0913144
0.131218
0.175792
0.221982
0.267205
0.309788
0.348616
0.382829
0.411689
0.434597
0.451269
0.461828
0.466737
0.490632
0.499531
0.502882
0.501106
0.494759
0.484502
0.471023
0.455027
0.437151
0.417901
0.397625
0.377033
0.356214
0.335003
0.313261
2.9402e-13
1.81945e-12
1.2585e-11
9.78782e-11
8.10294e-10
7.03604e-09
6.10921e-08
4.44453e-07
2.20463e-06
7.65907e-06
2.15387e-05
5.4525e-05
0.000131915
0.000316041
0.000730414
0.00154926
0.00312986
0.00606589
0.01135
0.0205825
0.0361695
0.0602719
0.0926353
0.131707
0.174973
0.219621
0.263322
0.304533
0.342143
0.375141
0.40263
0.423955
0.438903
0.447725
0.450952
0.473406
0.4802
0.481675
0.478306
0.470736
0.459631
0.445717
0.429659
0.411995
0.393136
0.373306
0.353113
0.332611
0.31163
0.290066
7.35405e-13
4.12617e-12
2.60517e-11
1.86938e-10
1.44578e-09
1.1868e-08
9.77935e-08
6.68557e-07
3.08975e-06
1.01112e-05
2.71574e-05
6.62835e-05
0.000155596
0.00036369
0.000823139
0.00171616
0.00341447
0.00652911
0.0120686
0.0216264
0.0375373
0.0617576
0.093812
0.132071
0.17412
0.217374
0.259707
0.29966
0.336027
0.367662
0.393546
0.413055
0.426118
0.433088
0.43456
0.455632
0.460349
0.46003
0.45526
0.44667
0.434986
0.420894
0.404963
0.387632
0.369194
0.349776
0.329913
0.309642
0.288822
0.267411
1.73463e-12
8.87815e-12
5.15121e-11
3.43014e-10
2.49e-09
1.93874e-08
1.52102e-07
9.78665e-07
4.23015e-06
1.30985e-05
3.37178e-05
7.95742e-05
0.000181915
0.000415681
0.000922341
0.00189156
0.00370927
0.0070027
0.012792
0.022658
0.0388579
0.0631505
0.094873
0.132348
0.173269
0.215254
0.256343
0.295062
0.330103
0.36017
0.384208
0.401724
0.412773
0.417801
0.417576
0.437306
0.44004
0.438131
0.432161
0.422831
0.410839
0.396772
0.381101
0.364143
0.346083
0.326996
0.30737
0.287248
0.266549
0.245308
3.88055e-12
1.82405e-11
9.78229e-11
6.07013e-10
4.14799e-09
3.07154e-08
2.29821e-07
1.39523e-06
5.66261e-06
1.66699e-05
4.13154e-05
9.46581e-05
0.000211108
0.000472164
0.00102795
0.00207543
0.00401409
0.00748609
0.0135195
0.0236774
0.0401346
0.0644637
0.0958412
0.132565
0.17244
0.213258
0.253161
0.290616
0.324176
0.35244
0.374438
0.389808
0.398742
0.401892
0.40008
0.418495
0.419447
0.416158
0.409275
0.399491
0.387406
0.373513
0.358154
0.34153
0.323755
0.304889
0.285407
0.265381
0.244808
0.223807
8.28233e-12
3.60142e-11
1.79828e-10
1.04669e-09
6.76435e-09
4.77014e-08
3.40094e-07
1.9462e-06
7.44367e-06
2.0929e-05
5.0097e-05
0.000111658
0.000243321
0.00053319
0.00114008
0.00226763
0.00432878
0.00797879
0.0142508
0.024685
0.0413716
0.0657081
0.0967335
0.13274
0.171635
0.211352
0.25007
0.286167
0.318038
0.344292
0.364073
0.377185
0.384059
0.385446
0.382203
0.399352
0.398751
0.394369
0.386875
0.376867
0.364854
0.3512
0.336121
0.319735
0.302119
0.283365
0.263961
0.244023
0.223632
0.202983
1.69832e-11
6.87987e-11
3.2192e-10
1.76608e-09
1.08327e-08
7.28822e-08
4.94381e-07
2.6642e-06
9.62936e-06
2.59485e-05
6.01609e-05
0.000130705
0.000278671
0.000598945
0.00125877
0.00246819
0.00465329
0.00848083
0.0149858
0.0256815
0.0425723
0.0668911
0.0975604
0.132877
0.170841
0.209478
0.24696
0.281533
0.311512
0.335561
0.352993
0.363881
0.368807
0.368581
0.364138
0.380065
0.378196
0.373039
0.365177
0.355127
0.343269
0.329831
0.314937
0.298654
0.28107
0.262346
0.242998
0.223192
0.203084
0.182926
3.36364e-11
1.27795e-10
5.63356e-10
2.92537e-09
1.70672e-08
1.09507e-07
7.0545e-07
3.57983e-06
1.22693e-05
3.1803e-05
7.161e-05
0.000151917
0.000317311
0.000669554
0.00138406
0.00267734
0.00498782
0.00899199
0.0157243
0.0266673
0.0437384
0.0680172
0.0983244
0.132968
0.170024
0.207561
0.243697
0.276561
0.30444
0.326127
0.341209
0.34997
0.353092
0.351491
0.346122
0.360869
0.358057
0.35238
0.344353
0.334362
0.322648
0.309336
0.294485
0.278165
0.260512
0.241782
0.222523
0.202941
0.183252
0.163735
6.46619e-11
2.31742e-10
9.67147e-10
4.76719e-09
2.64791e-08
1.61759e-07
9.87472e-07
4.72384e-06
1.54133e-05
3.85678e-05
8.45425e-05
0.000175426
0.000359399
0.000745097
0.00151618
0.00289513
0.00533225
0.00951224
0.0164659
0.0276418
0.0448704
0.0690855
0.0990207
0.132994
0.169136
0.205511
0.24015
0.271102
0.2967
0.315978
0.328784
0.335553
0.337113
0.334416
0.328404
0.342029
0.338544
0.332571
0.324499
0.314572
0.302917
0.289584
0.274625
0.258152
0.240382
0.221669
0.202582
0.183351
0.16423
0.14551
1.21139e-10
4.11747e-10
1.63267e-09
7.65617e-09
4.0459e-08
2.34819e-07
1.35592e-06
6.12621e-06
1.91108e-05
4.63159e-05
9.90626e-05
0.000201368
0.000405061
0.000825755
0.0016552
0.00312168
0.00568661
0.0100412
0.0172099
0.0286038
0.0459653
0.0700914
0.0996366
0.132927
0.168114
0.203221
0.23619
0.265035
0.288256
0.305163
0.315811
0.32083
0.321108
0.317591
0.311201
0.323757
0.319842
0.313713
0.305618
0.295679
0.283938
0.270423
0.255225
0.238536
0.22066
0.202042
0.183247
0.164517
0.146121
0.128441
2.21983e-10
7.18602e-10
2.71616e-09
1.21232e-08
6.09039e-08
3.3493e-07
1.82666e-06
7.81606e-06
2.34081e-05
5.512e-05
0.000115275
0.000229869
0.000454455
0.00091172
0.00180129
0.00335716
0.00605079
0.0105783
0.0179548
0.02955
0.0470181
0.0710248
0.100153
0.132725
0.166884
0.200588
0.231701
0.258304
0.279142
0.293771
0.302491
0.306031
0.305297
0.301234
0.294704
0.306244
0.302058
0.295815
0.287633
0.277539
0.265542
0.251701
0.236184
0.219278
0.201374
0.18297
0.164614
0.146541
0.129117
0.113698
3.9895e-10
1.23493e-09
4.45612e-09
1.89437e-08
9.02952e-08
4.69406e-07
2.41619e-06
9.81925e-06
2.83491e-05
6.50507e-05
0.000133279
0.000261062
0.000507786
0.00100313
0.00195473
0.00360158
0.00642452
0.0111227
0.018698
0.0304759
0.0480207
0.0718718
0.100543
0.132342
0.165373
0.197514
0.226617
0.250927
0.26944
0.28199
0.289035
0.291363
0.289901
0.285542
0.279035
0.289604
0.285209
0.278803
0.270396
0.259972
0.247561
0.2333
0.217451
0.200396
0.182584
0.164546
0.146787
0.12962
0.114389
7.05026e-10
2.0916e-09
7.21881e-09
2.92009e-08
1.31874e-07
6.46762e-07
3.14017e-06
1.21598e-05
3.39732e-05
7.61722e-05
0.000153174
0.000295101
0.000565179
0.00110021
0.00211564
0.00385495
0.00680741
0.0116726
0.0194362
0.0313752
0.0489625
0.0726147
0.100778
0.131727
0.163505
0.193934
0.220937
0.242968
0.259305
0.270009
0.275645
0.27705
0.275118
0.270639
0.264226
0.273861
0.269226
0.262525
0.253716
0.242795
0.229862
0.215151
0.199029
0.181944
0.164385
0.146879
0.129965
0.114927
1.22653e-09
3.49705e-09
1.15429e-08
4.44152e-08
1.89753e-07
8.7657e-07
4.01435e-06
1.48574e-05
4.03131e-05
8.85437e-05
0.000175062
0.000332112
0.000626796
0.0012032
0.0022841
0.00411717
0.00719843
0.0122259
0.0201648
0.0322398
0.0498304
0.0732334
0.100824
0.130827
0.161223
0.189831
0.214702
0.234547
0.248913
0.258027
0.26254
0.263289
0.261078
0.256563
0.250221
0.258954
0.253957
0.246786
0.237398
0.225854
0.212356
0.197245
0.180965
0.164013
0.146887
0.130168
0.115321
2.10437e-09
5.76959e-09
1.82254e-08
6.66505e-08
2.69126e-07
1.1697e-06
5.05343e-06
1.79278e-05
4.73933e-05
0.000102223
0.00019903
0.000372219
0.000692814
0.00131217
0.00246017
0.0043877
0.00759639
0.0127795
0.020878
0.0330601
0.0506104
0.0737061
0.100648
0.129602
0.158505
0.185225
0.208004
0.225825
0.238456
0.246257
0.24992
0.250216
0.247824
0.243264
0.236878
0.244736
0.239204
0.231377
0.221272
0.209049
0.195022
0.179622
0.16335
0.14672
0.130293
0.115586
3.55985e-09
9.39998e-09
2.84076e-08
9.8705e-08
3.76371e-07
1.53838e-06
6.27185e-06
2.13803e-05
5.52347e-05
0.000117254
0.000225168
0.000415543
0.00076336
0.00142728
0.00264371
0.00466599
0.00799954
0.0133298
0.0215693
0.0338259
0.0512874
0.0740116
0.100222
0.128028
0.155358
0.180183
0.200979
0.216979
0.228134
0.234894
0.237922
0.237881
0.235314
0.230603
0.223996
0.231006
0.224749
0.216115
0.20522
0.192341
0.177893
0.16237
0.146303
0.130268
0.115773
5.94333e-09
1.51147e-08
4.37126e-08
1.44234e-07
5.19432e-07
1.99611e-06
7.68322e-06
2.52235e-05
6.38414e-05
0.000133673
0.000253551
0.00046218
0.000838558
0.00154857
0.00283451
0.00495113
0.00840562
0.0138724
0.0222313
0.0345265
0.0518473
0.0741319
0.0995289
0.126106
0.151823
0.17481
0.193783
0.208193
0.218136
0.224079
0.226605
0.22625
0.223416
0.218383
0.211348
0.217539
0.210395
0.200867
0.189192
0.175758
0.161053
0.145614
0.130032
0.115826
9.78614e-09
2.3985e-08
6.63772e-08
2.08103e-07
7.07714e-07
2.55825e-06
9.30305e-06
2.94517e-05
7.3212e-05
0.0001515
0.000284213
0.000512204
0.000918492
0.00167605
0.0030322
0.0052419
0.00881196
0.0144024
0.0228565
0.0351519
0.0522781
0.0740555
0.0985662
0.123861
0.147978
0.169237
0.18658
0.199646
0.208604
0.213879
0.215945
0.215198
0.211934
0.206373
0.198719
0.20413
0.195994
0.185567
0.173205
0.15938
0.144633
0.129563
0.115699
1.58904e-08
3.75509e-08
9.95173e-08
2.96394e-07
9.52721e-07
3.24201e-06
1.1146e-05
3.40626e-05
8.33274e-05
0.00017072
0.000317169
0.000565668
0.0010032
0.00180958
0.00323615
0.0055368
0.00921562
0.0149147
0.0234377
0.0356935
0.0525718
0.0737802
0.0973495
0.121347
0.143927
0.163606
0.179536
0.19148
0.199614
0.204281
0.205825
0.204534
0.200637
0.194356
0.185938
0.190614
0.181468
0.170226
0.157337
0.143341
0.128843
0.115373
2.5442e-08
5.80132e-08
1.47216e-07
4.17024e-07
1.26801e-06
4.06701e-06
1.32298e-05
3.90476e-05
9.41522e-05
0.000191296
0.000352382
0.000622567
0.00109262
0.00194895
0.00344568
0.00583417
0.00961332
0.0154046
0.0239688
0.0361456
0.0527265
0.0733155
0.0959141
0.118639
0.139784
0.158063
0.172785
0.183775
0.191162
0.19518
0.196065
0.19403
0.189304
0.182151
0.172902
0.176901
0.166818
0.154915
0.141726
0.127855
0.114832
4.0163e-08
8.83837e-08
2.15056e-07
5.79768e-07
1.66977e-06
5.05473e-06
1.55742e-05
4.43983e-05
0.000105645
0.000213141
0.000389814
0.000682804
0.00118664
0.0020937
0.00365996
0.00613209
0.010002
0.0158675
0.0244453
0.0365061
0.0527479
0.0726841
0.0943131
0.115828
0.135673
0.152731
0.166411
0.176539
0.183159
0.186404
0.186435
0.183459
0.177746
0.169649
0.159595
0.162982
0.152109
0.139777
0.126588
0.114061
6.24826e-08
1.32866e-07
3.10105e-07
7.96736e-07
2.17634e-06
6.23042e-06
1.82016e-05
5.01125e-05
0.000117733
0.000236158
0.000429343
0.000746241
0.00128501
0.00224337
0.0038779
0.00642879
0.0103789
0.0163004
0.0248654
0.0367781
0.0526501
0.0719218
0.0926124
0.113011
0.131704
0.147695
0.160435
0.169699
0.175445
0.177731
0.176707
0.172626
0.165846
0.156828
0.146074
0.148918
0.137488
0.125029
0.113048
9.58188e-08
1.96948e-07
4.41558e-07
1.08241e-06
2.80993e-06
7.62051e-06
2.11397e-05
5.61847e-05
0.000130334
0.000260192
0.000470801
0.000812672
0.00138742
0.00239735
0.00409848
0.00672245
0.0107416
0.0167016
0.0252303
0.0369701
0.052456
0.0710745
0.0908865
0.11028
0.127956
0.142983
0.154799
0.163109
0.167804
0.168929
0.166681
0.161405
0.153577
0.14374
0.132488
0.134855
0.123173
0.111782
1.44773e-07
2.87972e-07
6.20871e-07
1.45474e-06
3.59443e-06
9.25623e-06
2.44179e-05
6.26243e-05
0.000143341
0.000285048
0.000513893
0.00088179
0.0014934
0.00255503
0.0043206
0.00701166
0.011089
0.0170714
0.0255451
0.0370966
0.0521965
0.0701958
0.089208
0.107706
0.124462
0.138554
0.149372
0.156565
0.160009
0.159795
0.15622
0.14976
0.140984
0.130535
0.119057
0.121015
0.110257
2.15552e-07
4.15376e-07
8.62565e-07
1.93396e-06
4.55873e-06
1.11702e-05
2.80721e-05
6.94455e-05
0.000156651
0.000310491
0.000558291
0.000953169
0.00160244
0.00271571
0.00454337
0.0072956
0.0114212
0.0174129
0.0258187
0.0371776
0.0519081
0.0693399
0.087636
0.105325
0.121196
0.134297
0.143969
0.149845
0.151848
0.150179
0.145279
0.137732
0.128218
0.117434
0.106833
0.108468
3.16323e-07
5.9135e-07
1.18376e-06
2.5454e-06
5.73398e-06
1.34e-05
3.21415e-05
7.66691e-05
0.000170177
0.000336274
0.00060358
0.00102639
0.00171398
0.00287876
0.00476625
0.00757427
0.0117397
0.0177311
0.0260638
0.0372374
0.0516291
0.0685537
0.0862046
0.103122
0.118068
0.130045
0.138374
0.142734
0.143166
0.14003
0.133894
0.12547
0.115499
0.105473
4.57756e-07
8.3075e-07
1.60626e-06
3.31644e-06
7.15608e-06
1.59854e-05
3.66696e-05
8.43304e-05
0.000183865
0.000362117
0.000649311
0.00110094
0.00182734
0.00304372
0.00498853
0.00784852
0.0120475
0.0180342
0.0262962
0.0373017
0.0513944
0.0678666
0.0849099
0.101029
0.114933
0.125594
0.132373
0.135068
0.133897
0.129372
0.12221
0.113193
0.103845
6.53159e-07
1.15264e-06
2.15423e-06
4.28015e-06
8.86361e-06
1.89718e-05
4.17012e-05
9.24811e-05
0.000197694
0.000387708
0.000695041
0.00117616
0.0019419
0.00320997
0.00521049
0.00811989
0.0123497
0.0183322
0.0265328
0.0373956
0.0512277
0.0672817
0.0837015
0.0989244
0.111604
0.120736
0.125794
0.126769
0.124059
0.118349
0.110446
0.101898
9.19711e-07
1.57899e-06
2.85741e-06
5.47336e-06
1.09029e-05
2.24062e-05
4.72941e-05
0.000101191
0.0002117
0.000412854
0.000740304
0.00125144
0.0020574
0.00337736
0.00543289
0.00839123
0.0126523
0.0186358
0.0267909
0.0375362
0.0511353
0.0667648
0.0824836
0.0966423
0.107883
0.115294
0.118546
0.117844
0.113787
0.107175
0.0995683
1.27775e-06
2.13674e-06
3.75052e-06
6.94013e-06
1.33206e-05
2.63479e-05
5.35082e-05
0.000110544
0.000225978
0.000437443
0.000784798
0.00132638
0.0021736
0.00354591
0.00565703
0.00866608
0.0129618
0.0189564
0.0270823
0.0377304
0.051096
0.066245
0.0811165
0.0940016
0.103593
0.109164
0.110627
0.108419
0.103291
0.0967843
1.75236e-06
2.85835e-06
4.87425e-06
8.72666e-06
1.61746e-05
3.08545e-05
6.04144e-05
0.00012065
0.000240686
0.000461606
0.00082832
0.00140048
0.00229051
0.00371587
0.00588517
0.00894797
0.0132857
0.0193018
0.0274125
0.0379654
0.0510609
0.0656107
0.0794409
0.0908282
0.0986178
0.10233
0.102146
0.0986964
0.0934645
2.37408e-06
3.7819e-06
6.27403e-06
1.0889e-05
1.95249e-05
3.60013e-05
6.81054e-05
0.000131647
0.000256113
0.000485618
0.00087066
0.00147401
0.00240798
0.00388834
0.00611947
0.00924086
0.0136286
0.0196756
0.0277739
0.0382087
0.0509463
0.06473
0.077293
0.087004
0.0929287
0.0948857
0.0932969
0.0895215
3.17918e-06
4.95136e-06
8.00431e-06
1.34871e-05
2.34482e-05
4.1875e-05
7.66949e-05
0.000143713
0.00027254
0.000509897
0.0009123
0.00154708
0.00252608
0.00406495
0.00636157
0.00954698
0.0139923
0.0200729
0.0281444
0.0384
0.05065
0.0634578
0.0745585
0.0824806
0.0865971
0.0870096
0.0848669
4.21037e-06
6.41927e-06
1.01232e-05
1.65962e-05
2.80296e-05
4.85758e-05
8.63089e-05
0.000157018
0.000290405
0.000535138
0.000953885
0.00161976
0.00264572
0.00424636
0.00661223
0.00986717
0.014373
0.020478
0.0284818
0.0384647
0.0500535
0.0616884
0.071171
0.0773104
0.0797835
0.0794213
5.51855e-06
8.24264e-06
1.27043e-05
2.03019e-05
3.33642e-05
5.62226e-05
9.71199e-05
0.000171877
0.000310146
0.000562092
0.000996113
0.00169285
0.002767
0.00443309
0.00687142
0.0101984
0.014759
0.0208619
0.0287331
0.0383118
0.0490626
0.059345
0.067165
0.0716266
0.0731298
7.16003e-06
1.0493e-05
1.58321e-05
2.46972e-05
3.95658e-05
6.49789e-05
0.000109345
0.000188532
0.000332191
0.000591537
0.00104016
0.00176687
0.0028907
0.00462423
0.00713653
0.0105317
0.0151296
0.0211877
0.0288315
0.0378628
0.0476029
0.056446
0.0626405
0.0659864
9.20477e-06
1.32527e-05
1.95974e-05
2.98884e-05
4.67854e-05
7.50185e-05
0.000123163
0.000207288
0.000357049
0.000624316
0.00108706
0.00184269
0.0030161
0.0048168
0.00740062
0.0108524
0.0154579
0.0214072
0.0287147
0.0370541
0.0456783
0.0530551
0.0580636
1.17332e-05
1.66108e-05
2.41023e-05
3.60173e-05
5.51804e-05
8.64896e-05
0.000138857
0.000228531
0.000385151
0.000661041
0.00113753
0.00192043
0.00314077
0.00500566
0.00765383
0.0111398
0.015711
0.0214718
0.0283329
0.0358817
0.0433206
0.0495454
1.48325e-05
2.06661e-05
2.94767e-05
4.32279e-05
6.48826e-05
9.96465e-05
0.000156722
0.000252455
0.000416706
0.000701948
0.00119196
0.00199902
0.00326133
0.00518391
0.00788029
0.0113732
0.01585
0.0213477
0.0276802
0.0343544
0.0408119
1.85983e-05
2.55387e-05
3.58557e-05
5.16439e-05
7.61016e-05
0.000114716
0.00017685
0.000279262
0.000451913
0.000747156
0.00124956
0.00207657
0.00337324
0.00533997
0.00806492
0.0115203
0.0158568
0.0210225
0.026752
0.0326762
2.31434e-05
3.13549e-05
4.33549e-05
6.14351e-05
8.9024e-05
0.00013178
0.000199451
0.000309123
0.000490604
0.000795747
0.00130883
0.00215009
0.00346834
0.00546145
0.00818509
0.0115738
0.0157116
0.0204929
0.0256896
2.85849e-05
3.82229e-05
5.21166e-05
7.27619e-05
0.000103735
0.00015099
0.000224626
0.000341815
0.000532091
0.000846503
0.00136739
0.00221441
0.00353886
0.00553751
0.00823476
0.0115155
0.0154249
0.0198466
3.5023e-05
4.62656e-05
6.2278e-05
8.57022e-05
0.000120333
0.000172412
0.000252217
0.000376845
0.000575619
0.000897614
0.00142206
0.00226532
0.0035807
0.00556166
0.00820426
0.0113568
0.0150403
4.25654e-05
5.55996e-05
7.39066e-05
0.000100323
0.000138858
0.000195928
0.000281834
0.000413726
0.000619854
0.000947125
0.00146986
0.00230038
0.00359104
0.00553137
0.00809768
0.0111246
5.13093e-05
6.62818e-05
8.70498e-05
0.000116643
0.00015922
0.000221232
0.000313114
0.000451499
0.000663549
0.000992722
0.00150905
0.00231914
0.00357183
0.00545262
0.00794815
6.12993e-05
7.83437e-05
0.000101706
0.000134585
0.000181167
0.000248042
0.000345371
0.000489314
0.000704996
0.00103357
0.00154021
0.00232542
0.00353314
0.00536444
7.25526e-05
9.17687e-05
0.000117804
0.00015394
0.00020448
0.00027584
0.000378011
0.000525978
0.000744051
0.00107084
0.00156692
0.00232914
0.00350603
8.50381e-05
0.000106486
0.000135168
0.000174529
0.000228748
0.000304216
0.000410221
0.000561684
0.000781658
0.00110643
0.00159601
0.00234402
9.86817e-05
0.00012234
0.000153642
0.000196021
0.00025369
0.000332607
0.000442275
0.000596794
0.000818701
0.00114408
0.00162936
0.000113344
0.000139194
0.000172959
0.00021822
0.000278911
0.000361261
0.000474143
0.000632092
0.000856704
0.00118331
0.000128897
0.000156825
0.000192975
0.000240838
0.000304579
0.000389943
0.000506542
0.000667718
0.000896031
0.00014516
0.000175123
0.000213469
0.000263944
0.000330358
0.000419138
0.000538791
0.000703831
0.000162041
0.000193901
0.000234404
0.000287149
0.000356402
0.000447693
0.000570277
0.000179364
0.000213015
0.000255344
0.000310238
0.000381327
0.000474216
0.000196876
0.000231977
0.000275726
0.000331736
0.00040299
0.000214012
0.000249908
0.000294036
0.000348808
0.000229596
0.000265264
0.000306847
0.000242018
0.000274169
0.000247089
)
;

boundaryField
{
    inlet
    {
        type            fixedValue;
        value           nonuniform List<scalar> 0();
    }
    outlet
    {
        type            zeroGradient;
    }
    splitter
    {
        type            zeroGradient;
    }
    fuel_inlet
    {
        type            fixedValue;
        value           uniform 1;
    }
    back
    {
        type            zeroGradient;
    }
    sides
    {
        type            zeroGradient;
    }
    frontAndBack
    {
        type            empty;
    }
    procBoundary3to0
    {
        type            processor;
        value           nonuniform List<scalar> 
41
(
0.257496
0.407325
0.508632
0.582115
0.638809
0.638809
0.422528
0.422528
0.246016
0.138262
0.0762026
0.0418329
0.0230281
0.0126952
0.00696558
0.00377471
0.00200195
0.00102873
0.000506606
0.000236136
0.000103465
4.42308e-05
1.85491e-05
7.53977e-06
2.92318e-06
1.05821e-06
3.48523e-07
9.63957e-08
2.44977e-08
5.91741e-09
1.32727e-09
2.66788e-10
4.64188e-11
7.09803e-12
1.05892e-12
1.74322e-13
3.28234e-14
7.04542e-15
1.74115e-15
5.30675e-16
2.06861e-16
)
;
    }
    procBoundary3to2
    {
        type            processor;
        value           nonuniform List<scalar> 
83
(
0.403302
0.412432
0.420549
0.428229
0.435971
0.443985
0.452394
0.461282
0.47072
0.480768
0.491478
0.50289
0.515028
0.527894
0.541459
0.555657
0.570375
0.588046
0.607816
0.626064
0.642591
0.657335
0.670368
0.681872
0.692077
0.70122
0.709508
0.71711
0.724149
0.730708
0.736836
0.742552
0.747847
0.752697
0.757066
0.760894
0.764105
0.766605
0.768292
0.76905
0.768756
0.767287
0.76451
0.760288
0.75454
0.749944
0.753648
0.758514
0.758514
0.749213
0.738369
0.725955
0.711945
0.696319
0.682343
0.685423
0.687425
0.687425
0.667089
0.645298
0.622159
0.597836
0.572534
0.546498
0.519989
0.493267
0.466566
0.440082
0.413963
0.388304
0.36316
0.338553
0.314479
0.290935
0.26793
0.245496
0.223699
0.202622
0.182365
0.163028
0.144707
0.127594
0.112855
)
;
    }
}


// ************************************************************************* //
