/*--------------------------------*- C++ -*----------------------------------*\
  =========                 |
  \\      /  F ield         | OpenFOAM: The Open Source CFD Toolbox
   \\    /   O peration     | Website:  https://openfoam.org
    \\  /    A nd           | Version:  8
     \\/     M anipulation  |
\*---------------------------------------------------------------------------*/
FoamFile
{
    version     2.0;
    format      ascii;
    class       volScalarField;
    location    "0.05";
    object      N2;
}
// * * * * * * * * * * * * * * * * * * * * * * * * * * * * * * * * * * * * * //

dimensions      [0 0 0 0 0 0 0];

internalField   nonuniform List<scalar> 
3929
(
0.446563
0.440104
0.435715
0.434367
0.429703
0.425249
0.428901
0.424374
0.419603
0.415305
0.423356
0.419273
0.414612
0.409961
0.406596
0.417579
0.414074
0.409824
0.405255
0.401458
0.39968
0.411482
0.408631
0.404928
0.400734
0.396952
0.394617
0.394051
0.405002
0.40286
0.399784
0.396099
0.392621
0.390195
0.388973
0.389081
0.398088
0.396699
0.39431
0.391216
0.388174
0.385945
0.384521
0.383768
0.383614
0.390695
0.390098
0.388445
0.386004
0.38348
0.381576
0.380217
0.37901
0.377434
0.374609
0.382787
0.383017
0.382142
0.380404
0.378462
0.376962
0.375773
0.374296
0.37122
0.361093
0.240432
0.374339
0.375421
0.375361
0.374372
0.373064
0.372028
0.371075
0.369398
0.36494
0.349701
0.259162
0.00317512
0.365338
0.367288
0.368072
0.36787
0.367241
0.366722
0.366068
0.364277
0.35865
0.339613
0.264842
0.00922033
0.000308119
0.355786
0.358608
0.360253
0.360867
0.360955
0.360999
0.360703
0.358913
0.352411
0.330684
0.261879
0.0154088
0.00104021
6.4578e-05
0.345711
0.349388
0.351895
0.353341
0.354172
0.354814
0.354929
0.353244
0.346164
0.322803
0.256092
0.0218862
0.00200422
0.00022884
1.79446e-05
0.335168
0.339659
0.343008
0.345283
0.346867
0.348124
0.348685
0.34718
0.339769
0.315377
0.249528
0.0284774
0.00315277
0.000466709
6.55458e-05
6.47994e-06
0.324249
0.32948
0.333626
0.336704
0.339032
0.340908
0.341931
0.340643
0.333049
0.307975
0.243098
0.0356241
0.00445016
0.000777378
0.000140143
2.40536e-05
4.69265e-06
0.318949
0.311202
0.323815
0.327649
0.33069
0.333174
0.334659
0.333606
0.325829
0.300466
0.236624
0.0434674
0.00597992
0.00115571
0.000247029
5.30569e-05
1.73354e-05
1.0164e-05
0.313681
0.306433
0.296634
0.318192
0.321896
0.324961
0.326897
0.326092
0.318187
0.292812
0.230554
0.0520385
0.00776238
0.00160886
0.000390023
9.76394e-05
3.80848e-05
3.63064e-05
4.00931e-05
0.308446
0.301706
0.292487
0.283214
0.312741
0.316334
0.318694
0.318136
0.310213
0.285078
0.224808
0.0614245
0.0100483
0.00213935
0.000572786
0.000162245
7.00056e-05
7.60373e-05
0.000135536
0.000266374
0.303341
0.297005
0.288393
0.279662
0.271078
0.307388
0.310116
0.309776
0.301922
0.277272
0.219439
0.071633
0.0129589
0.00279938
0.00079857
0.000251469
0.000116687
0.000132247
0.000269102
0.000863857
0.00540717
0.298245
0.29237
0.284317
0.276166
0.268073
0.260252
0.301245
0.301066
0.293356
0.269448
0.214628
0.0825397
0.0168229
0.00361904
0.00107828
0.000370033
0.000182186
0.000208055
0.000442856
0.001612
0.0155799
0.292226
0.28759
0.280231
0.272672
0.265116
0.257723
0.25066
0.29207
0.284635
0.261722
0.210516
0.0939034
0.0218791
0.00471691
0.00142265
0.000523756
0.000270999
0.000306817
0.000658266
0.00244553
0.0235939
0.283076
0.281667
0.275836
0.269086
0.262128
0.255218
0.248517
0.242157
0.275914
0.254315
0.207246
0.105554
0.0282736
0.00619834
0.0018631
0.00071949
0.000388168
0.000432191
0.000917456
0.00333321
0.0293041
0.267385
0.272516
0.270169
0.265049
0.258955
0.252631
0.246361
0.240304
0.234565
0.247364
0.204912
0.117081
0.036147
0.00825256
0.00243267
0.000968633
0.000539463
0.000588423
0.00122314
0.00427877
0.0332393
0.241264
0.240967
0.257537
0.261496
0.259673
0.255199
0.249758
0.24406
0.238392
0.232912
0.227713
0.203279
0.128015
0.045453
0.011085
0.00319915
0.00128557
0.00073218
0.000780495
0.00157996
0.00528246
0.0360448
0.211223
0.202241
0.233944
0.247875
0.251531
0.250065
0.246178
0.241368
0.236266
0.231148
0.226181
0.221453
0.137847
0.0560661
0.014973
0.00422216
0.00169591
0.000975631
0.00101468
0.00199292
0.00635546
0.0378584
0.402758
0.185614
0.146288
0.201281
0.227391
0.239158
0.242406
0.241198
0.237871
0.233652
0.229097
0.22448
0.219972
0.215666
0.0677616
0.0201717
0.00565866
0.00222237
0.00128298
0.00129861
0.00246425
0.00749168
0.0389714
0.543836
0.364898
0.164093
0.0800431
0.154987
0.199908
0.221275
0.231138
0.233965
0.232991
0.230166
0.226473
0.222419
0.218262
0.214178
0.210266
0.0268732
0.00763831
0.00292712
0.00166891
0.00164149
0.00299589
0.00865979
0.0395833
0.635801
0.509619
0.329392
0.146241
0.0352052
0.0957456
0.161205
0.197897
0.215418
0.223645
0.226107
0.225348
0.222934
0.219709
0.216117
0.212395
0.20872
0.205197
0.0104012
0.00385525
0.00216071
0.00205452
0.00358897
0.00984224
0.0398922
0.692361
0.609338
0.475905
0.296468
0.131668
0.0142066
0.0482705
0.109507
0.165337
0.195346
0.209701
0.216578
0.218724
0.218127
0.216059
0.21325
0.210098
0.206808
0.203549
0.200426
0.00512941
0.00278292
0.00255293
0.00424564
0.0110228
0.040104
0.725191
0.674373
0.581893
0.442614
0.266093
0.119713
0.00686351
0.021297
0.0620331
0.120584
0.167795
0.192289
0.20408
0.20984
0.211699
0.211213
0.209429
0.207006
0.204296
0.201458
0.19864
0.195948
0.00359352
0.00315457
0.00497024
0.0121911
0.0402146
0.743767
0.713897
0.654657
0.553649
0.409312
0.238746
0.109938
0.0046553
0.0102293
0.0300325
0.0753832
0.129102
0.168777
0.188794
0.198514
0.20334
0.204923
0.204487
0.202951
0.200917
0.198676
0.196333
0.194002
0.191776
0.0038883
0.0057707
0.013337
0.0403083
0.754167
0.737047
0.70102
0.633323
0.524607
0.376405
0.214438
0.101857
0.00480141
0.00658567
0.0146269
0.0400858
0.0873539
0.135294
0.168508
0.184944
0.192967
0.196982
0.198262
0.197852
0.19658
0.194972
0.193263
0.19146
0.18965
0.18793
0.00666045
0.0144489
0.0403576
0.759979
0.750329
0.7291
0.686542
0.610549
0.494938
0.344603
0.1933
0.0951214
0.00767253
0.00631495
0.00906961
0.0201176
0.0506721
0.0974892
0.139444
0.167257
0.180778
0.187379
0.190624
0.191654
0.191341
0.190356
0.189229
0.18808
0.186851
0.185608
0.184444
0.0155282
0.0403524
0.763217
0.757858
0.745651
0.719866
0.670478
0.586403
0.464806
0.314575
0.1752
0.0894315
0.016608
0.00919135
0.00816641
0.0120998
0.0266199
0.0610943
0.105569
0.141923
0.165185
0.176308
0.181652
0.184305
0.185172
0.184977
0.184319
0.183699
0.18314
0.182533
0.181913
0.181369
0.0402888
0.765007
0.762079
0.75521
0.74005
0.709295
0.652768
0.561078
0.434581
0.286639
0.159834
0.0846361
0.0402326
0.018049
0.0109288
0.0103148
0.0157352
0.033888
0.070776
0.111652
0.142955
0.162411
0.171513
0.175854
0.178038
0.178801
0.17877
0.178484
0.178394
0.178476
0.178553
0.17863
0.178775
0.765983
0.764416
0.760634
0.75196
0.733456
0.697341
0.633486
0.534826
0.404489
0.261158
0.146772
0.079529
0.0401986
0.0195935
0.0128656
0.0127965
0.0199201
0.0415862
0.0791119
0.115926
0.142746
0.159066
0.16645
0.16999
0.171814
0.172544
0.172732
0.172862
0.173355
0.174143
0.174992
0.175842
0.176742
0.766503
0.765687
0.763656
0.758824
0.748034
0.725796
0.683954
0.612749
0.5078
0.374918
0.238238
0.132955
0.0758738
0.0404253
0.0213112
0.0150159
0.0155844
0.0245822
0.0492611
0.0858686
0.118536
0.141635
0.15511
0.161159
0.164072
0.165647
0.166424
0.166895
0.167509
0.168644
0.170245
0.171949
0.173638
0.175356
0.76677
0.766361
0.765303
0.762689
0.756589
0.74336
0.717003
0.669071
0.590645
0.480105
0.346468
0.212904
0.122643
0.0734499
0.0410173
0.0232441
0.0173853
0.0186624
0.029615
0.0564149
0.0909794
0.11982
0.139506
0.15069
0.155696
0.15814
0.159581
0.160495
0.161335
0.162518
0.164406
0.166907
0.169527
0.172117
0.174719
0.7669
0.766705
0.766176
0.764808
0.761472
0.753866
0.737867
0.706999
0.652672
0.567277
0.451964
0.31284
0.193059
0.115117
0.0721024
0.0420335
0.0254376
0.0199696
0.0220013
0.0348336
0.0627489
0.0945821
0.120055
0.136554
0.145922
0.150136
0.152266
0.153693
0.154853
0.156168
0.158037
0.160791
0.164242
0.167839
0.171399
0.174932
0.766957
0.766872
0.766621
0.765935
0.764176
0.759959
0.750594
0.731481
0.695729
0.634739
0.542689
0.416535
0.284521
0.177855
0.10979
0.0717406
0.0435149
0.0279167
0.0227682
0.0255477
0.0400603
0.0679666
0.0970505
0.119055
0.132986
0.140941
0.144588
0.146555
0.148101
0.149632
0.15155
0.154224
0.157923
0.162384
0.167028
0.17159
0.176094
0.766982
0.766946
0.766836
0.76651
0.765623
0.763376
0.758102
0.746706
0.724122
0.683096
0.615132
0.510346
0.384577
0.261428
0.166338
0.1063
0.0723281
0.045509
0.0306786
0.0257876
0.0292498
0.0450584
0.072091
0.0983236
0.117134
0.129015
0.135898
0.139189
0.141154
0.142964
0.145005
0.147653
0.151231
0.155952
0.1615
0.167204
0.172792
0.178306
0.766993
0.766977
0.76693
0.766788
0.766365
0.765222
0.762375
0.755847
0.742131
0.715689
0.668807
0.58826
0.47965
0.356833
0.242887
0.15786
0.10442
0.073849
0.048038
0.0337437
0.0290224
0.0330673
0.0496292
0.0754723
0.0984371
0.1146
0.124849
0.130968
0.134109
0.136238
0.138466
0.141158
0.144652
0.149223
0.155032
0.161682
0.168462
0.175102
0.18166
0.766997
0.766991
0.766971
0.76691
0.766724
0.766177
0.764712
0.761135
0.753138
0.736777
0.705928
0.64852
0.56163
0.451554
0.333229
0.228315
0.151959
0.104014
0.0762775
0.0511097
0.0371375
0.0324918
0.0369522
0.0537876
0.0777587
0.0977509
0.11171
0.120719
0.126353
0.129549
0.132014
0.134815
0.138285
0.142723
0.148354
0.155268
0.163018
0.170872
0.178562
0.186162
0.766999
0.766996
0.766988
0.766962
0.766883
0.766641
0.765933
0.764068
0.759612
0.749897
0.730446
0.69176
0.627457
0.536257
0.426382
0.313561
0.217207
0.148316
0.104972
0.0796167
0.0547584
0.0409076
0.0362182
0.0409181
0.0577974
0.0792083
0.0965794
0.108776
0.116876
0.122283
0.125735
0.128705
0.132219
0.136574
0.142027
0.14874
0.156746
0.165567
0.174466
0.183183
0.767
0.766999
0.766995
0.766985
0.766951
0.766847
0.766532
0.765619
0.76326
0.757749
0.745986
0.721086
0.676475
0.606593
0.512638
0.404306
0.297565
0.209149
0.146685
0.10723
0.0838832
0.0590284
0.0451284
0.0402661
0.0451298
0.0613474
0.0801771
0.0953089
0.106101
0.11359
0.119006
0.122904
0.126529
0.130871
0.13619
0.142684
0.150464
0.159518
0.169357
0.179253
0.767
0.767
0.766998
0.766994
0.76698
0.766935
0.766799
0.766389
0.765218
0.76225
0.755453
0.740118
0.71068
0.660836
0.586356
0.491003
0.385358
0.284965
0.203803
0.146896
0.110747
0.0891152
0.0639909
0.0498924
0.0447672
0.0497761
0.0646697
0.0810559
0.0942731
0.103997
0.111143
0.11678
0.121283
0.125685
0.130939
0.13725
0.14477
0.153569
0.163601
0.174386
0.767
0.767
0.766999
0.766998
0.766992
0.766973
0.766915
0.766736
0.766203
0.764705
0.760978
0.751958
0.733423
0.699749
0.645075
0.567116
0.471575
0.369512
0.275489
0.200906
0.148824
0.115506
0.0953712
0.0697215
0.0553172
0.049915
0.0548809
0.068043
0.0821999
0.0938389
0.102782
0.109809
0.115838
0.121071
0.126336
0.132531
0.139822
0.148318
0.158058
0.168983
0.180636
0.767
0.767
0.767
0.766999
0.766997
0.766989
0.766965
0.766887
0.766652
0.765961
0.764045
0.759009
0.747869
0.726217
0.688458
0.629551
0.549237
0.45453
0.356684
0.268889
0.20025
0.152374
0.121515
0.102714
0.0763251
0.0615049
0.0560544
0.0605195
0.0718272
0.0839933
0.0943462
0.102745
0.109837
0.116382
0.122425
0.128581
0.135707
0.143925
0.153316
0.163905
0.175634
0.188093
0.767
0.767
0.767
0.767
0.766999
0.766996
0.766986
0.766953
0.76685
0.76654
0.765641
0.763007
0.756646
0.743375
0.718602
0.677013
0.614553
0.532951
0.439968
0.346748
0.264937
0.201658
0.157478
0.128789
0.111216
0.0839256
0.0687934
0.0632587
0.0669005
0.0763496
0.0867777
0.0960904
0.104138
0.111423
0.118558
0.125429
0.132464
0.140465
0.149528
0.159719
0.171065
0.183528
0.196757
0.767
0.767
0.767
0.767
0.767
0.766999
0.766995
0.766981
0.766936
0.766799
0.766391
0.765129
0.761724
0.753993
0.738531
0.710697
0.665584
0.60035
0.518436
0.427916
0.339555
0.263424
0.204982
0.164084
0.137344
0.120796
0.0925433
0.0774104
0.0716174
0.0742188
0.0819081
0.0908393
0.0993148
0.107147
0.114701
0.122435
0.130109
0.137965
0.146758
0.156567
0.167464
0.179491
0.192644
0.206633
0.767
0.767
0.767
0.767
0.767
0.767
0.766998
0.766993
0.766974
0.766914
0.76673
0.766146
0.764479
0.760251
0.751078
0.7334
0.702631
0.654397
0.587219
0.505802
0.418342
0.334937
0.264154
0.210094
0.172143
0.147101
0.131768
0.102562
0.0874078
0.0812147
0.0826706
0.0887521
0.0963945
0.104184
0.111883
0.119721
0.128019
0.136421
0.145015
0.154499
0.16496
0.176485
0.189147
0.202977
0.217734
0.767
0.767
0.767
0.767
0.767
0.767
0.766999
0.766997
0.76699
0.766964
0.766883
0.766616
0.765827
0.763714
0.7586
0.747934
0.728055
0.69455
0.643651
0.575346
0.495133
0.411173
0.332715
0.266943
0.216874
0.181525
0.158372
0.144125
0.114007
0.0988179
0.0921186
0.0924069
0.0970412
0.103566
0.110768
0.118365
0.126462
0.135239
0.144273
0.153503
0.163585
0.174621
0.186727
0.200008
0.214525
0.230067
0.767
0.767
0.767
0.767
0.767
0.767
0.767
0.766999
0.766996
0.766986
0.76695
0.76683
0.766462
0.765442
0.762836
0.756785
0.744598
0.722573
0.686565
0.633559
0.564871
0.48646
0.406302
0.332703
0.271617
0.225158
0.192514
0.17101
0.15779
0.126864
0.111619
0.104338
0.103495
0.106835
0.112367
0.119042
0.126533
0.13482
0.143978
0.153532
0.163308
0.173913
0.185477
0.19815
0.212064
0.227292
0.767
0.767
0.767
0.767
0.767
0.767
0.767
0.767
0.766999
0.766995
0.76698
0.766927
0.766758
0.766273
0.764991
0.761852
0.754825
0.741115
0.717044
0.678824
0.624293
0.555881
0.479766
0.403593
0.334716
0.278021
0.235083
0.204869
0.184875
0.1726
0.141033
0.125706
0.117814
0.115904
0.118079
0.122715
0.1289
0.136247
0.144651
0.15408
0.164059
0.174309
0.185393
0.197475
0.210731
0.22531
0.767
0.767
0.767
0.767
0.767
0.767
0.767
0.767
0.767
0.766998
0.766992
0.76697
0.766894
0.766667
0.766045
0.764473
0.760769
0.752743
0.737535
0.71156
0.67145
0.61598
0.548419
0.474987
0.402893
0.338626
0.28606
0.246392
0.218378
0.199763
0.188327
0.156333
0.14091
0.132407
0.129505
0.130626
0.134454
0.140158
0.147328
0.155765
0.165386
0.175718
0.186402
0.19796
0.210583
0.224462
0.767
0.767
0.767
0.767
0.767
0.767
0.767
0.767
0.767
0.766999
0.766997
0.766988
0.766955
0.766851
0.766555
0.765779
0.763893
0.759597
0.750565
0.733906
0.706206
0.664572
0.608712
0.542487
0.472026
0.404095
0.344155
0.295506
0.25883
0.232805
0.215415
0.204705
0.172529
0.157
0.1479
0.144085
0.144264
0.147358
0.152605
0.159558
0.167986
0.177743
0.188394
0.199514
0.211575
0.224785
0.239331
0.767
0.767
0.767
0.767
0.767
0.767
0.767
0.767
0.767
0.767
0.766999
0.766996
0.766982
0.766935
0.766797
0.766421
0.765474
0.763253
0.758351
0.74832
0.730289
0.701067
0.6583
0.602547
0.538046
0.470781
0.406863
0.351098
0.306095
0.272116
0.247872
0.231566
0.22144
0.189338
0.173687
0.164025
0.159388
0.158752
0.161187
0.165998
0.172747
0.181145
0.191029
0.202009
0.2136
0.226217
0.24007
0.255324
0.767
0.767
0.767
0.767
0.767
0.767
0.767
0.767
0.767
0.767
0.767
0.766999
0.766993
0.766973
0.76691
0.766731
0.766264
0.765131
0.762561
0.757043
0.746039
0.726737
0.696218
0.652712
0.597497
0.534986
0.470983
0.411022
0.359203
0.317543
0.285988
0.263324
0.247917
0.23822
0.206441
0.190668
0.180497
0.175155
0.17382
0.175692
0.180143
0.186713
0.195107
0.205159
0.216517
0.228639
0.241878
0.256424
0.272395
0.767
0.767
0.767
0.767
0.767
0.767
0.767
0.767
0.767
0.767
0.767
0.767
0.766998
0.76699
0.766962
0.766879
0.766653
0.766084
0.764753
0.761822
0.755692
0.743754
0.723303
0.691728
0.647852
0.593455
0.533163
0.472491
0.416357
0.368237
0.329585
0.300182
0.27886
0.264169
0.254766
0.223529
0.207651
0.197042
0.191129
0.189241
0.190684
0.194861
0.201325
0.209789
0.220088
0.231899
0.244625
0.258546
0.273806
0.290463
0.767
0.767
0.767
0.767
0.767
0.767
0.767
0.767
0.767
0.767
0.767
0.766999
0.766996
0.766985
0.766947
0.766841
0.766561
0.765882
0.764342
0.761046
0.754315
0.741499
0.720031
0.687649
0.643663
0.59036
0.532483
0.475136
0.42266
0.377924
0.34196
0.314415
0.29421
0.280067
0.270838
0.240327
0.224371
0.213439
0.207124
0.20485
0.206009
0.210033
0.216505
0.225149
0.235799
0.248153
0.261551
0.276184
0.29214
0.309406
0.767
0.767
0.767
0.767
0.767
0.767
0.767
0.767
0.767
0.767
0.767
0.766999
0.766994
0.766979
0.766929
0.766795
0.766456
0.765659
0.763903
0.760241
0.752929
0.739303
0.716962
0.68399
0.640093
0.588171
0.532827
0.47874
0.429693
0.388009
0.354401
0.32844
0.309137
0.295398
0.286247
0.256607
0.240648
0.229551
0.223005
0.22054
0.221577
0.225602
0.232224
0.241178
0.252299
0.26528
0.279387
0.294723
0.311306
0.329064
0.767
0.767
0.767
0.767
0.767
0.767
0.767
0.767
0.767
0.767
0.767
0.766998
0.766992
0.766971
0.766907
0.766741
0.766337
0.765416
0.763441
0.759418
0.751554
0.737194
0.714115
0.680627
0.637163
0.586825
0.534065
0.483113
0.437218
0.398258
0.366685
0.34204
0.32345
0.309995
0.300878
0.272224
0.256383
0.245285
0.238725
0.236259
0.237362
0.241559
0.248487
0.257892
0.269595
0.283253
0.298067
0.314046
0.331147
0.349247
0.767
0.767
0.767
0.767
0.767
0.767
0.767
0.767
0.767
0.767
0.766999
0.766997
0.766988
0.766961
0.766881
0.76668
0.766205
0.765155
0.76296
0.758588
0.750206
0.735184
0.711405
0.677654
0.634854
0.58624
0.53605
0.488055
0.445027
0.408453
0.378607
0.355039
0.337005
0.323763
0.314703
0.287117
0.271534
0.260646
0.254278
0.252018
0.253381
0.25793
0.265322
0.275313
0.287673
0.302014
0.317483
0.334001
0.351472
0.369749
0.767
0.767
0.767
0.767
0.767
0.767
0.767
0.767
0.767
0.767
0.766999
0.766995
0.766984
0.766949
0.76685
0.766611
0.766062
0.764879
0.762466
0.757759
0.748897
0.733231
0.70888
0.675078
0.633128
0.586322
0.53863
0.493382
0.452915
0.418404
0.390005
0.36731
0.349719
0.336689
0.327748
0.301285
0.286147
0.27568
0.269719
0.267871
0.269687
0.274759
0.282771
0.293437
0.30648
0.321464
0.337487
0.354398
0.372072
0.390364
0.767
0.767
0.767
0.767
0.767
0.767
0.767
0.767
0.767
0.767
0.766998
0.766993
0.766979
0.766935
0.766815
0.766533
0.765907
0.764591
0.761964
0.75694
0.747611
0.731344
0.70656
0.672892
0.631935
0.586966
0.541655
0.498916
0.460704
0.427955
0.400758
0.378774
0.361586
0.348814
0.340108
0.314805
0.300311
0.290481
0.285134
0.283896
0.286345
0.292109
0.300841
0.312226
0.325928
0.341459
0.357893
0.375027
0.392737
0.410906
0.767
0.767
0.767
0.767
0.767
0.767
0.767
0.767
0.767
0.766999
0.766997
0.766991
0.766972
0.766918
0.766774
0.766449
0.765742
0.764293
0.76146
0.756131
0.746332
0.729539
0.704454
0.671077
0.631213
0.588061
0.544979
0.504497
0.46825
0.436995
0.410789
0.389426
0.372654
0.36024
0.351923
0.327797
0.314158
0.305169
0.300632
0.300187
0.30344
0.309999
0.319507
0.331603
0.34588
0.361816
0.37849
0.395676
0.413275
0.43122
0.767
0.767
0.767
0.767
0.767
0.767
0.767
0.767
0.767
0.766999
0.766996
0.766988
0.766964
0.766898
0.766729
0.766357
0.76557
0.763988
0.760955
0.755311
0.745072
0.727826
0.702565
0.669605
0.630891
0.589497
0.548468
0.509992
0.475443
0.445435
0.420083
0.399308
0.383025
0.371115
0.363365
0.340423
0.327838
0.319879
0.31633
0.316841
0.321001
0.328419
0.338709
0.351444
0.36616
0.382329
0.399066
0.41615
0.433529
0.451191
0.767
0.767
0.767
0.767
0.767
0.767
0.767
0.767
0.767
0.766998
0.766995
0.766984
0.766954
0.766875
0.76668
0.766259
0.76539
0.763679
0.76044
0.754486
0.743837
0.726214
0.700886
0.668439
0.630895
0.59117
0.552005
0.515298
0.48219
0.453258
0.428672
0.408518
0.392849
0.381618
0.374618
0.352856
0.34151
0.334748
0.332339
0.333903
0.339033
0.347324
0.358335
0.371578
0.386562
0.402785
0.419423
0.436289
0.453382
0.470748
0.767
0.767
0.767
0.767
0.767
0.767
0.767
0.767
0.766999
0.766998
0.766993
0.766979
0.766943
0.76685
0.766626
0.766156
0.765204
0.76336
0.759914
0.75366
0.742634
0.724704
0.699403
0.667537
0.631153
0.592986
0.555497
0.520319
0.488462
0.460472
0.436639
0.417197
0.402302
0.391934
0.385869
0.365273
0.355324
0.349897
0.348718
0.351387
0.357506
0.366617
0.378222
0.391805
0.406875
0.422983
0.439401
0.455976
0.472765
0.489855
0.767
0.767
0.767
0.767
0.767
0.767
0.767
0.767
0.766999
0.766997
0.76699
0.766973
0.76693
0.766822
0.766568
0.766047
0.765011
0.763032
0.75938
0.752837
0.741468
0.723295
0.6981
0.666854
0.631594
0.594863
0.558856
0.525022
0.494253
0.46714
0.444106
0.425513
0.411575
0.402259
0.397289
0.377837
0.369406
0.365403
0.365484
0.369281
0.376336
0.386144
0.398176
0.411913
0.426894
0.442764
0.458883
0.475145
0.49165
0.508507
0.767
0.767
0.767
0.767
0.767
0.767
0.767
0.767
0.766999
0.766996
0.766987
0.766966
0.766915
0.766791
0.766506
0.765933
0.764809
0.762693
0.758839
0.752019
0.740341
0.721985
0.696953
0.666346
0.632157
0.596728
0.562042
0.529381
0.4996
0.473359
0.451223
0.433653
0.420866
0.412768
0.409003
0.390675
0.38385
0.38128
0.382642
0.387511
0.395378
0.405716
0.417985
0.431696
0.44646
0.462012
0.477806
0.493774
0.510044
0.526719
0.767
0.767
0.767
0.767
0.767
0.767
0.767
0.767
0.766998
0.766994
0.766983
0.766958
0.766899
0.766757
0.76644
0.765811
0.764599
0.762346
0.758292
0.75121
0.739253
0.720765
0.69594
0.665971
0.632785
0.598539
0.565021
0.533412
0.504565
0.479256
0.458172
0.441816
0.430351
0.423585
0.42111
0.403888
0.398677
0.397546
0.40013
0.405937
0.414454
0.425126
0.437442
0.45099
0.465456
0.480665
0.496153
0.511878
0.52797
0.54451
0.767
0.767
0.767
0.767
0.767
0.767
0.767
0.766999
0.766998
0.766992
0.766979
0.766949
0.766881
0.766721
0.766368
0.765683
0.76438
0.761991
0.757741
0.750409
0.738204
0.719625
0.695038
0.665692
0.63344
0.600263
0.567793
0.53715
0.509256
0.484992
0.46514
0.450177
0.440158
0.434812
0.433683
0.417521
0.413902
0.414148
0.417806
0.424395
0.433356
0.444165
0.456384
0.469677
0.483819
0.498712
0.513947
0.529495
0.545464
0.561887
0.767
0.767
0.767
0.767
0.767
0.767
0.767
0.766999
0.766997
0.76699
0.766974
0.766939
0.76686
0.766681
0.766292
0.765549
0.764154
0.761627
0.757186
0.749618
0.737191
0.718557
0.694224
0.66548
0.634092
0.601889
0.570374
0.540676
0.5138
0.490739
0.472302
0.458868
0.450393
0.446537
0.44671
0.431577
0.42948
0.430944
0.435523
0.442679
0.451877
0.462667
0.474686
0.487693
0.501545
0.516185
0.531238
0.546671
0.562548
0.57884
0.767
0.767
0.767
0.767
0.767
0.767
0.767
0.766999
0.766996
0.766987
0.766968
0.766927
0.766838
0.766638
0.766211
0.765408
0.76392
0.761257
0.756628
0.748836
0.736212
0.71755
0.693482
0.665313
0.634729
0.60342
0.572815
0.544086
0.518346
0.496668
0.479796
0.468007
0.461155
0.458739
0.460129
0.446005
0.445275
0.447797
0.453077
0.460581
0.46985
0.480506
0.492286
0.505037
0.518671
0.533141
0.548083
0.563443
0.579224
0.595331
0.767
0.767
0.767
0.767
0.767
0.767
0.767
0.766999
0.766994
0.766984
0.766962
0.766914
0.766813
0.766591
0.766125
0.76526
0.763679
0.760879
0.756067
0.748063
0.735263
0.716596
0.692798
0.66518
0.635346
0.604883
0.575186
0.547499
0.523054
0.502918
0.487746
0.477689
0.472417
0.471353
0.473841
0.460687
0.461149
0.46451
0.470257
0.477934
0.487148
0.49762
0.509186
0.521754
0.535266
0.54965
0.564533
0.579826
0.595466
0.611304
0.767
0.767
0.767
0.767
0.767
0.767
0.767
0.766998
0.766993
0.76698
0.766954
0.7669
0.766786
0.76654
0.766034
0.765106
0.76343
0.760494
0.755503
0.747299
0.734342
0.715688
0.692164
0.665075
0.635956
0.606321
0.577572
0.551054
0.52806
0.509614
0.496244
0.487894
0.484116
0.484289
0.487697
0.475481
0.476915
0.48087
0.4869
0.494609
0.503704
0.51401
0.525434
0.537923
0.55141
0.565772
0.580612
0.595803
0.611226
0.626688
0.767
0.767
0.767
0.767
0.767
0.767
0.766999
0.766997
0.766991
0.766976
0.766945
0.766883
0.766757
0.766486
0.765938
0.764946
0.763173
0.760101
0.754937
0.746543
0.733448
0.714825
0.691578
0.665005
0.636582
0.607791
0.580074
0.554868
0.533484
0.516851
0.505283
0.498563
0.496169
0.497397
0.501515
0.490204
0.492361
0.496715
0.502872
0.510535
0.51952
0.529731
0.541121
0.553639
0.567178
0.581544
0.596316
0.611336
0.626438
0.641407
0.767
0.767
0.767
0.767
0.767
0.767
0.766999
0.766996
0.766988
0.76697
0.766935
0.766865
0.766724
0.766428
0.765837
0.764779
0.762909
0.759702
0.754368
0.745795
0.73258
0.714005
0.691044
0.664985
0.637264
0.609364
0.582795
0.559055
0.539422
0.524635
0.514813
0.509621
0.508425
0.510493
0.515105
0.504655
0.507328
0.511909
0.5181
0.525714
0.534654
0.54488
0.556354
0.568988
0.582618
0.596972
0.611611
0.626362
0.641028
0.655387
0.767
0.767
0.767
0.767
0.767
0.767
0.766999
0.766995
0.766985
0.766964
0.766924
0.766845
0.766689
0.766366
0.76573
0.764605
0.762637
0.759297
0.753797
0.745057
0.73174
0.713234
0.690572
0.665037
0.638048
0.611121
0.585833
0.563709
0.545898
0.532931
0.524764
0.520914
0.520701
0.523399
0.5283
0.518669
0.521672
0.526373
0.532582
0.540205
0.549211
0.559576
0.571234
0.584035
0.597745
0.612025
0.626441
0.640808
0.654918
0.668479
0.767
0.767
0.767
0.767
0.767
0.767
0.766999
0.766994
0.766982
0.766958
0.766912
0.766824
0.766651
0.7663
0.765618
0.764424
0.762358
0.758885
0.753226
0.744332
0.730932
0.712518
0.690176
0.665192
0.638991
0.61314
0.589276
0.568872
0.552889
0.541668
0.53498
0.532265
0.532828
0.535944
0.540953
0.532102
0.535312
0.540101
0.546376
0.554118
0.563321
0.573937
0.585838
0.598805
0.612538
0.626654
0.640734
0.654596
0.667961
0.679787
0.767
0.767
0.767
0.767
0.767
0.767
0.766998
0.766992
0.766978
0.76695
0.766898
0.7668
0.76661
0.76623
0.7655
0.764237
0.762071
0.758467
0.752656
0.743621
0.730163
0.711868
0.689876
0.665486
0.640151
0.615498
0.593176
0.57453
0.56033
0.550705
0.545301
0.543516
0.544638
0.547981
0.552971
0.544865
0.548236
0.553149
0.559598
0.567593
0.577112
0.58805
0.600207
0.613288
0.62695
0.640785
0.654407
0.667574
0.679257
0.767
0.767
0.767
0.767
0.767
0.767
0.766998
0.766991
0.766974
0.766942
0.766882
0.766774
0.766566
0.766156
0.765377
0.764042
0.761777
0.758045
0.75209
0.742932
0.729441
0.711299
0.689696
0.665958
0.641584
0.618244
0.597533
0.580635
0.568104
0.559895
0.555572
0.554494
0.555976
0.559411
0.56433
0.55694
0.560495
0.565635
0.572391
0.580768
0.590688
0.601971
0.614337
0.627441
0.640909
0.654337
0.66731
0.678845
0.767
0.767
0.767
0.767
0.767
0.766999
0.766997
0.766989
0.766969
0.766932
0.766866
0.766745
0.766519
0.766077
0.765248
0.763841
0.761478
0.757621
0.751531
0.742269
0.728776
0.710824
0.689661
0.666648
0.643334
0.621391
0.602315
0.587094
0.576075
0.569085
0.565623
0.565049
0.566745
0.570208
0.575072
0.568374
0.572206
0.577707
0.584908
0.593761
0.604115
0.615705
0.628192
0.641194
0.65433
0.667155
0.678543
0.767
0.767
0.767
0.767
0.767
0.766999
0.766996
0.766986
0.766964
0.766922
0.766847
0.766714
0.766468
0.765993
0.765113
0.763634
0.761172
0.757196
0.750984
0.741639
0.728177
0.710462
0.689796
0.667588
0.645419
0.624924
0.607453
0.593784
0.584096
0.578113
0.575303
0.575076
0.576911
0.580409
0.585307
0.579279
0.583522
0.589526
0.597276
0.606652
0.61741
0.629222
0.641703
0.654458
0.667059
0.678339
0.767
0.767
0.767
0.767
0.767
0.766999
0.766995
0.766984
0.766958
0.76691
0.766827
0.766681
0.766414
0.765905
0.764972
0.76342
0.760863
0.756774
0.750454
0.741052
0.727658
0.710228
0.690123
0.668795
0.647833
0.628792
0.612841
0.600569
0.592013
0.586828
0.584506
0.584537
0.586506
0.590119
0.595187
0.58981
0.59461
0.601231
0.609588
0.619466
0.630549
0.642455
0.654778
0.667078
0.678195
0.767
0.767
0.767
0.767
0.767
0.766998
0.766994
0.766981
0.766951
0.766897
0.766805
0.766645
0.766357
0.765812
0.764825
0.763202
0.760552
0.756358
0.749946
0.740515
0.727229
0.710136
0.690655
0.67027
0.650545
0.632913
0.618361
0.607308
0.599682
0.595124
0.593186
0.593458
0.595632
0.599492
0.604888
0.600139
0.605619
0.612927
0.621882
0.632186
0.643465
0.655307
0.667259
0.678155
0.767
0.767
0.767
0.767
0.766999
0.766998
0.766993
0.766977
0.766944
0.766884
0.766782
0.766607
0.766295
0.765714
0.764674
0.762979
0.76024
0.755951
0.749466
0.740035
0.726898
0.710194
0.691394
0.671992
0.653494
0.637187
0.623886
0.613863
0.606993
0.602947
0.601363
0.601936
0.604439
0.608704
0.614575
0.610424
0.616665
0.624662
0.634144
0.644748
0.65606
0.667619
0.678253
0.767
0.767
0.767
0.767
0.766999
0.766998
0.766991
0.766974
0.766936
0.766869
0.766757
0.766566
0.76623
0.765612
0.764517
0.762752
0.75993
0.755558
0.749021
0.73962
0.726673
0.710406
0.692327
0.67392
0.656601
0.641507
0.629289
0.620127
0.613889
0.610309
0.609124
0.610114
0.613103
0.617921
0.624378
0.620791
0.627806
0.636429
0.646315
0.65705
0.668171
0.678502
0.767
0.767
0.767
0.767
0.766999
0.766997
0.76699
0.76697
0.766928
0.766853
0.76673
0.766522
0.766162
0.765505
0.764357
0.762524
0.759625
0.755183
0.748613
0.739273
0.726555
0.710762
0.693428
0.675998
0.659779
0.645759
0.634467
0.626038
0.620371
0.617289
0.616611
0.618171
0.621796
0.627283
0.634377
0.631309
0.639043
0.648173
0.658289
0.668928
0.678917
0.767
0.767
0.767
0.767
0.766999
0.766996
0.766988
0.766966
0.766919
0.766836
0.766701
0.766476
0.76609
0.765394
0.764192
0.762296
0.759327
0.754828
0.748248
0.738997
0.726538
0.711246
0.694656
0.678154
0.662932
0.649848
0.639355
0.631587
0.62651
0.624021
0.623997
0.62628
0.630661
0.636872
0.644583
0.641985
0.650326
0.659784
0.669901
0.679509
0.767
0.767
0.767
0.766999
0.766998
0.766995
0.766986
0.766962
0.76691
0.766819
0.766671
0.766427
0.766014
0.765279
0.764025
0.762068
0.759038
0.754496
0.747926
0.738788
0.726613
0.711831
0.695961
0.680315
0.665976
0.653711
0.643939
0.636834
0.632427
0.630673
0.631458
0.634588
0.639789
0.646706
0.654954
0.652773
0.66154
0.671096
0.680286
0.767
0.767
0.767
0.766999
0.766998
0.766994
0.766984
0.766957
0.7669
0.7668
0.766639
0.766376
0.765936
0.765161
0.763856
0.761843
0.75876
0.754188
0.747646
0.738641
0.726762
0.712481
0.697285
0.682409
0.668852
0.657325
0.648263
0.641889
0.638287
0.637424
0.639148
0.643195
0.649199
0.656745
0.665375
0.663559
0.67252
0.681257
0.767
0.767
0.767
0.766999
0.766997
0.766993
0.766981
0.766952
0.76689
0.766781
0.766606
0.766323
0.765854
0.76504
0.763685
0.761621
0.758493
0.753904
0.747404
0.738544
0.726961
0.713155
0.698572
0.684384
0.671532
0.660723
0.652425
0.646908
0.644267
0.64443
0.647172
0.652128
0.658858
0.666873
0.675677
0.674175
0.682427
0.767
0.767
0.766999
0.766999
0.766997
0.766991
0.766978
0.766947
0.76688
0.766762
0.766572
0.766269
0.765771
0.764917
0.763514
0.761403
0.758239
0.753642
0.747195
0.738482
0.727183
0.713812
0.699778
0.68621
0.674037
0.663988
0.656569
0.652062
0.650526
0.651806
0.655564
0.661353
0.66865
0.676922
0.685053
0.683799
0.767
0.767
0.766999
0.766998
0.766996
0.76699
0.766975
0.766941
0.766869
0.766742
0.766537
0.766213
0.765685
0.764791
0.763344
0.761189
0.757994
0.753398
0.747007
0.738436
0.727397
0.714415
0.700876
0.6879
0.676436
0.667249
0.660861
0.657516
0.657185
0.659591
0.664297
0.670758
0.678406
0.686096
0.767
0.766999
0.766999
0.766997
0.766995
0.766988
0.766972
0.766935
0.766859
0.766722
0.766502
0.766155
0.765598
0.764665
0.763173
0.760979
0.757758
0.753166
0.746828
0.738387
0.727577
0.714942
0.701869
0.689505
0.67884
0.670664
0.665464
0.663397
0.664295
0.667765
0.673258
0.680175
0.687345
0.766999
0.766999
0.766998
0.766997
0.766993
0.766985
0.766968
0.766929
0.766848
0.766703
0.766467
0.766098
0.76551
0.764537
0.763003
0.760771
0.757526
0.752937
0.746647
0.738315
0.727705
0.715391
0.702796
0.69112
0.681394
0.67439
0.67051
0.669762
0.671841
0.67622
0.682282
0.688839
0.766999
0.766999
0.766998
0.766996
0.766992
0.766983
0.766964
0.766922
0.766838
0.766683
0.766432
0.76604
0.765422
0.764409
0.762832
0.760563
0.757294
0.752705
0.746449
0.738207
0.727776
0.715787
0.70373
0.69287
0.684248
0.678564
0.676069
0.676608
0.67972
0.684791
0.690625
0.766999
0.766998
0.766997
0.766995
0.76699
0.76698
0.766959
0.766915
0.766827
0.766664
0.766398
0.765982
0.765332
0.76428
0.76266
0.760352
0.757057
0.752459
0.746226
0.738058
0.727806
0.716186
0.704779
0.694896
0.687539
0.683266
0.682144
0.683837
0.68777
0.692761
0.766999
0.766998
0.766996
0.766993
0.766988
0.766976
0.766954
0.766907
0.766815
0.766646
0.766364
0.765926
0.765243
0.764149
0.762485
0.760136
0.756808
0.752194
0.745972
0.737878
0.727833
0.716673
0.706064
0.69733
0.691355
0.688507
0.688649
0.691294
0.695307
0.766998
0.766997
0.766995
0.766992
0.766985
0.766972
0.766948
0.766899
0.766803
0.766627
0.766332
0.765869
0.765153
0.764017
0.762306
0.759911
0.756545
0.751907
0.745695
0.737691
0.727921
0.717348
0.707712
0.700263
0.695719
0.694217
0.695436
0.698332
0.766998
0.766996
0.766994
0.76699
0.766982
0.766968
0.766941
0.76689
0.766791
0.766609
0.7663
0.765813
0.765062
0.763882
0.76212
0.759676
0.756266
0.751602
0.745411
0.737544
0.728148
0.718324
0.709809
0.703733
0.700575
0.700259
0.701902
0.766997
0.766995
0.766992
0.766987
0.766978
0.766963
0.766934
0.76688
0.766777
0.766589
0.766268
0.765757
0.76497
0.763742
0.761928
0.759431
0.755974
0.751292
0.745152
0.737495
0.728606
0.719681
0.712408
0.707698
0.705801
0.706079
0.766996
0.766994
0.76699
0.766984
0.766974
0.766957
0.766925
0.766868
0.766762
0.766569
0.766236
0.765701
0.764877
0.763599
0.761729
0.759177
0.755678
0.750997
0.744959
0.737612
0.729366
0.721479
0.71548
0.712058
0.710905
0.766995
0.766992
0.766988
0.766981
0.76697
0.76695
0.766916
0.766855
0.766745
0.766546
0.766202
0.765645
0.764782
0.763453
0.761525
0.758921
0.755394
0.750747
0.744884
0.737956
0.730485
0.723702
0.718951
0.716384
0.766993
0.76699
0.766985
0.766977
0.766964
0.766942
0.766906
0.766841
0.766726
0.766521
0.766166
0.765586
0.764686
0.763305
0.761323
0.758675
0.755142
0.750579
0.744974
0.738577
0.731962
0.726303
0.722461
0.766991
0.766987
0.766982
0.766972
0.766958
0.766934
0.766893
0.766825
0.766705
0.766493
0.766127
0.765527
0.764591
0.76316
0.761129
0.758455
0.754948
0.750529
0.745266
0.739476
0.73377
0.728995
0.766989
0.766984
0.766977
0.766967
0.76695
0.766924
0.76688
0.766806
0.76668
0.766461
0.766086
0.765466
0.764498
0.763023
0.760955
0.758276
0.754842
0.750624
0.745767
0.740648
0.735694
0.766986
0.76698
0.766972
0.76696
0.766942
0.766912
0.766864
0.766786
0.766653
0.766427
0.766041
0.765407
0.764412
0.762904
0.760813
0.758163
0.754836
0.750874
0.746479
0.741935
0.766982
0.766976
0.766967
0.766953
0.766932
0.766899
0.766847
0.766763
0.766624
0.76639
0.765996
0.765351
0.764339
0.76281
0.760721
0.758122
0.754948
0.75128
0.747294
0.766978
0.766971
0.76696
0.766944
0.76692
0.766884
0.766828
0.766738
0.766592
0.766351
0.765951
0.765301
0.764285
0.762752
0.760683
0.758166
0.755168
0.751776
0.766973
0.766965
0.766952
0.766934
0.766908
0.766868
0.766806
0.766711
0.766558
0.766311
0.765909
0.765262
0.764253
0.762734
0.760706
0.758288
0.755463
0.766967
0.766957
0.766943
0.766923
0.766893
0.76685
0.766784
0.766683
0.766524
0.766273
0.765872
0.765235
0.764245
0.762757
0.760788
0.758466
0.766961
0.766949
0.766933
0.766911
0.766878
0.76683
0.76676
0.766654
0.766491
0.766238
0.765842
0.765221
0.76426
0.762817
0.760903
0.766953
0.76694
0.766922
0.766897
0.766861
0.76681
0.766735
0.766625
0.766459
0.766207
0.765818
0.765216
0.76429
0.762885
0.766944
0.76693
0.76691
0.766882
0.766843
0.766788
0.76671
0.766596
0.766429
0.766178
0.765798
0.765213
0.76431
0.766935
0.766918
0.766896
0.766866
0.766824
0.766767
0.766685
0.766569
0.7664
0.766151
0.765776
0.765202
0.766924
0.766906
0.766882
0.76685
0.766805
0.766745
0.766661
0.766542
0.766372
0.766122
0.76575
0.766913
0.766893
0.766867
0.766833
0.766786
0.766723
0.766636
0.766515
0.766343
0.766092
0.766901
0.76688
0.766852
0.766815
0.766766
0.766701
0.766611
0.766488
0.766313
0.766889
0.766866
0.766836
0.766797
0.766747
0.766678
0.766587
0.76646
0.766876
0.766851
0.76682
0.76678
0.766727
0.766657
0.766562
0.766862
0.766837
0.766804
0.766762
0.766707
0.766636
0.766849
0.766822
0.766788
0.766745
0.766691
0.766836
0.766808
0.766774
0.766732
0.766824
0.766796
0.766765
0.766814
0.76679
0.76681
)
;

boundaryField
{
    inlet
    {
        type            fixedValue;
        value           nonuniform List<scalar> 0();
    }
    outlet
    {
        type            zeroGradient;
    }
    splitter
    {
        type            zeroGradient;
    }
    fuel_inlet
    {
        type            fixedValue;
        value           uniform 0;
    }
    back
    {
        type            zeroGradient;
    }
    sides
    {
        type            zeroGradient;
    }
    frontAndBack
    {
        type            empty;
    }
    procBoundary3to0
    {
        type            processor;
        value           nonuniform List<scalar> 
41
(
0.569362
0.454475
0.376795
0.320449
0.276977
0.276977
0.442853
0.442853
0.578238
0.660899
0.708513
0.734887
0.74932
0.757252
0.761651
0.764101
0.765462
0.76621
0.766611
0.766819
0.766921
0.766966
0.766986
0.766994
0.766998
0.766999
0.767
0.767
0.767
0.767
0.767
0.767
0.767
0.767
0.767
0.767
0.767
0.767
0.767
0.767
0.767
)
;
    }
    procBoundary3to2
    {
        type            processor;
        value           nonuniform List<scalar> 
83
(
0.457668
0.450665
0.444439
0.438548
0.43261
0.426463
0.420014
0.413196
0.405958
0.398251
0.390036
0.381283
0.371973
0.362105
0.3517
0.340811
0.329522
0.315968
0.300805
0.286808
0.274131
0.262823
0.252826
0.244003
0.236176
0.229163
0.222806
0.216975
0.211576
0.206546
0.201845
0.197461
0.1934
0.189679
0.186328
0.183392
0.18093
0.179012
0.177718
0.177136
0.177361
0.178488
0.180617
0.183855
0.188264
0.191788
0.188948
0.185216
0.185216
0.192349
0.200666
0.210187
0.220933
0.232917
0.243636
0.241274
0.239739
0.239739
0.255336
0.272049
0.289796
0.308452
0.327858
0.347827
0.36816
0.388655
0.409135
0.429448
0.449481
0.469162
0.488447
0.507321
0.525785
0.543843
0.561489
0.578695
0.595415
0.611581
0.627118
0.64195
0.656002
0.669128
0.680434
)
;
    }
}


// ************************************************************************* //
