/*--------------------------------*- C++ -*----------------------------------*\
  =========                 |
  \\      /  F ield         | OpenFOAM: The Open Source CFD Toolbox
   \\    /   O peration     | Website:  https://openfoam.org
    \\  /    A nd           | Version:  8
     \\/     M anipulation  |
\*---------------------------------------------------------------------------*/
FoamFile
{
    version     2.0;
    format      ascii;
    class       volScalarField;
    location    "0.05";
    object      nut;
}
// * * * * * * * * * * * * * * * * * * * * * * * * * * * * * * * * * * * * * //

dimensions      [0 2 -1 0 0 0 0];

internalField   nonuniform List<scalar> 
3929
(
1.41463e-05
0.000345411
1.69264e-05
0.000924
0.000374768
2.00094e-05
0.00157075
0.000988553
0.000403967
2.33993e-05
0.00224647
0.0016719
0.00105107
0.000432923
2.68599e-05
0.00293667
0.00238226
0.00176805
0.00111115
0.000459785
2.99206e-05
0.00363267
0.00310253
0.00250893
0.00185794
0.00116434
0.000481527
3.26015e-05
0.00432722
0.00382127
0.00325409
0.00262375
0.00193368
0.00120428
0.000498327
3.46962e-05
0.00501208
0.0045311
0.00399006
0.0033864
0.00271444
0.00198504
0.00123134
0.000513016
3.84437e-05
0.0056791
0.00522156
0.00470683
0.0041303
0.00348184
0.00276636
0.00201231
0.00125305
0.000528638
4.30914e-05
0.00631944
0.00588351
0.0053941
0.0048417
0.00421747
0.00351951
0.00277746
0.00202019
0.00125922
0.000536705
3.42282e-05
0.00692342
0.0065071
0.00604022
0.00551041
0.00490261
0.00421753
0.00348406
0.00273277
0.00197025
0.00115383
0.000176119
0.00403627
0.0074807
0.00708192
0.00663376
0.00612077
0.00552112
0.00483039
0.00408201
0.00331031
0.00252024
0.00164758
0.000600832
0.00211275
0.00951979
0.00798078
0.00759744
0.00716308
0.00665849
0.00605375
0.00533531
0.00453334
0.00366828
0.00271771
0.00176518
0.00112117
0.0015156
0.00802447
0.0100444
0.00841407
0.00804396
0.00761765
0.00711073
0.00648194
0.00570503
0.00480838
0.00377605
0.00262018
0.00169131
0.00133817
0.00107765
0.00665079
0.00982183
0.0101059
0.00877332
0.00841411
0.00798977
0.00746918
0.0067972
0.00594046
0.00492227
0.00371482
0.00245696
0.00164577
0.00147776
0.000765688
0.00535557
0.00941879
0.0101511
0.0101252
0.00905538
0.0087044
0.00827641
0.00773256
0.00700433
0.00606149
0.00492179
0.0035952
0.00234162
0.00165475
0.00156982
0.000668979
0.00394093
0.00883873
0.0101338
0.0102406
0.0101494
0.00891661
0.00930596
0.00848027
0.00790706
0.00711889
0.00609483
0.0048598
0.00348479
0.00229166
0.0016935
0.00162335
0.000576201
0.00296746
0.00803123
0.0100302
0.0103325
0.0102975
0.0101666
0.00861003
0.00908842
0.00946465
0.00800504
0.00716179
0.00606994
0.00477821
0.00340866
0.00229451
0.00176189
0.00165438
0.000616925
0.00193674
0.00712367
0.00981127
0.0103803
0.0104005
0.0102114
0.0100041
0.00804372
0.00869571
0.00917911
0.00954727
0.00715436
0.0060141
0.00470316
0.00337232
0.00233699
0.00184611
0.00168367
0.000663362
0.00146605
0.00592315
0.00946415
0.0103623
0.0104384
0.0100963
0.009219
0.0086153
0.00711964
0.0080466
0.00872071
0.00922087
0.00960459
0.00595285
0.0046516
0.00337738
0.00240989
0.00193904
0.00169904
0.00077675
0.000994024
0.00492306
0.00893246
0.0102606
0.0103992
0.00985359
0.00835073
0.00472867
0.00191054
0.00590754
0.00707707
0.0080244
0.00873058
0.00925961
0.00967059
0.00463582
0.00342616
0.00251539
0.00203946
0.00173837
0.000954077
0.000797083
0.00373991
0.0082823
0.0100529
0.0102767
0.00952835
0.00760326
0.00339902
0.00118946
0.00466464
0.00589754
0.00706146
0.0080267
0.00876247
0.0093221
0.00976203
0.00351839
0.00265614
0.00216432
0.00181736
0.00115454
0.000636382
0.00292165
0.00741538
0.00973272
0.0100691
0.0091539
0.00700086
0.00289298
0.000944371
0.0036534
0.00476199
0.00596254
0.00710395
0.00807653
0.00883383
0.00941836
0.00988232
0.00282321
0.00230285
0.00193705
0.00136702
0.000576154
0.00209421
0.00653632
0.00927609
0.00977933
0.00874834
0.00649586
0.00270472
0.000872889
0.00300994
0.00386097
0.004945
0.0060953
0.00721118
0.00817972
0.00894691
0.00954704
0.0100274
0.00246157
0.00207649
0.0015766
0.000572098
0.00157795
0.00544799
0.00871323
0.00940749
0.00832514
0.00604478
0.00266606
0.000828938
0.000902976
0.00265067
0.00325636
0.00413179
0.0051802
0.00629285
0.00737758
0.00832997
0.00909535
0.00970146
0.0101906
0.00224525
0.00175281
0.000654061
0.00106394
0.00460248
0.0079887
0.00896736
0.00788583
0.00564216
0.00270069
0.000857652
0.000952707
0.00242307
0.0028947
0.00356683
0.00444224
0.00546711
0.00654215
0.00758932
0.00851592
0.00926983
0.00987384
0.0103654
0.00195329
0.000776431
0.000842874
0.00342128
0.00728547
0.00845262
0.00745196
0.0052803
0.00278849
0.00093998
0.00189749
0.00101978
0.00207972
0.00263594
0.0031892
0.00389829
0.00478681
0.00579006
0.00682618
0.0078316
0.00872594
0.00946143
0.0100573
0.0105465
0.000994702
0.000645897
0.00272347
0.006309
0.00792835
0.00704192
0.00499905
0.00291671
0.00109289
0.0034274
0.00180501
0.00110893
0.00127758
0.00224866
0.00289803
0.00350641
0.00425835
0.00515417
0.00613426
0.00713047
0.00809198
0.00895028
0.00966279
0.0102463
0.0107298
0.000592013
0.00188125
0.00555199
0.00729522
0.00667768
0.0047916
0.00302163
0.00128521
0.00473119
0.00327009
0.00173759
0.00122634
0.00060526
0.00161275
0.00250465
0.00319106
0.00384834
0.00463624
0.00553359
0.00648832
0.00744388
0.0083608
0.00918124
0.00986809
0.0104366
0.0109122
0.0014189
0.00446399
0.00671951
0.00634455
0.00464517
0.00311436
0.00149802
0.00677898
0.00445819
0.00305218
0.00170093
0.00139596
0.000961043
0.000753129
0.00199393
0.00279171
0.00350819
0.00421359
0.00502405
0.0059169
0.00684347
0.00775809
0.00863065
0.00941279
0.0100728
0.0106248
0.0110913
0.00375569
0.0059894
0.00606727
0.00454216
0.00319524
0.00172063
0.00917433
0.00620581
0.00430173
0.00289266
0.00171786
0.00155592
0.00279595
0.000777144
0.00103239
0.00231919
0.003089
0.00385434
0.00459021
0.00541552
0.00629691
0.00719291
0.00806651
0.00889561
0.00964014
0.0102732
0.0108084
0.0112655
0.00539887
0.005774
0.00448406
0.0032695
0.00195295
0.0116664
0.00847947
0.00569643
0.0042006
0.0027665
0.00177138
0.00174708
0.00467377
0.00209107
0.000672047
0.001434
0.00259178
0.00341526
0.00420993
0.00497426
0.0058033
0.0066676
0.00753084
0.00836372
0.00915096
0.00985945
0.0104666
0.0109855
0.0114338
0.00550333
0.00445705
0.00334352
0.0021811
0.0139305
0.0109265
0.00782503
0.00533737
0.00402184
0.0026604
0.00186328
0.00192833
0.00518993
0.00387831
0.00145027
0.000743096
0.00180272
0.00288693
0.00375744
0.00457908
0.00535643
0.0061813
0.00702333
0.00785216
0.00864532
0.009393
0.0100678
0.0106509
0.0111552
0.0115955
0.00445068
0.00342002
0.00239855
0.0159299
0.0132507
0.0101889
0.0072454
0.00506407
0.00383288
0.00258482
0.00197587
0.00210314
0.00445195
0.00474559
0.00315799
0.00103363
0.000980115
0.00217422
0.00320103
0.00410299
0.00494725
0.00573045
0.00654325
0.00735889
0.00815279
0.00890801
0.00961908
0.0102634
0.0108253
0.0113166
0.0117504
0.00350731
0.00258633
0.0176326
0.0153422
0.0125443
0.0094855
0.00674716
0.00496564
0.00367169
0.00253921
0.00210259
0.00226439
0.00358665
0.00441605
0.00424573
0.00241524
0.000877773
0.00127518
0.00253833
0.00351431
0.00445319
0.00530974
0.00608884
0.00688339
0.00767026
0.00842993
0.00914988
0.00982772
0.0104457
0.0109892
0.01147
0.0118992
0.00273925
0.0190311
0.0171427
0.0147172
0.0118345
0.00883877
0.00629361
0.00483255
0.0035335
0.00253063
0.00222415
0.00242681
0.00287511
0.00368495
0.00436487
0.00363267
0.0019349
0.000872661
0.00162857
0.00284186
0.00383285
0.00480093
0.00565649
0.00642413
0.00719755
0.00795509
0.0086827
0.00936981
0.0100194
0.0106141
0.0111428
0.0116166
0.0120459
0.020131
0.0186328
0.016613
0.0140633
0.0111262
0.00825354
0.00592567
0.00466248
0.00341916
0.00255667
0.00235664
0.00259968
0.00302266
0.00379012
0.00416842
0.00315565
0.00152616
0.00098175
0.00198422
0.00314815
0.00415486
0.00513449
0.00598148
0.0067323
0.00748336
0.00821391
0.00890988
0.00956981
0.0101936
0.0107698
0.0112893
0.0117627
0.0121864
0.0209406
0.0198128
0.0181969
0.0160459
0.0133872
0.0104409
0.00773095
0.005703
0.00450162
0.00332808
0.00260554
0.00251244
0.00276638
0.0031592
0.00384087
0.00392217
0.00271813
0.00129133
0.00121624
0.0023065
0.00345591
0.00446912
0.00544924
0.00628192
0.00701296
0.00773979
0.00844399
0.00911551
0.00974866
0.0103528
0.0109176
0.0114321
0.0118923
0.0122966
0.0214614
0.0206908
0.0194617
0.0177234
0.0154449
0.0126962
0.00979215
0.00728593
0.00556836
0.00433968
0.00326595
0.00268164
0.00266935
0.00291035
0.00327547
0.00383398
0.00361037
0.00238106
0.00119372
0.00149659
0.00265336
0.00374931
0.00477236
0.00574382
0.00655701
0.00726812
0.00796857
0.00865099
0.00929669
0.00990945
0.010497
0.0110519
0.0115539
0.0120049
0.0124109
0.0216695
0.0212712
0.0204132
0.0190765
0.0172133
0.0148156
0.0120129
0.0091979
0.00687399
0.00542056
0.0042068
0.0032196
0.0027776
0.00280942
0.00303305
0.00336349
0.00378731
0.00326517
0.00212356
0.0012152
0.0018222
0.00294384
0.00403542
0.00505892
0.00601763
0.00680882
0.00749888
0.00817334
0.008829
0.00945573
0.0100502
0.0106285
0.0111742
0.0116708
0.0121205
0.0125168
0.021505
0.0215356
0.0210577
0.0201062
0.0186565
0.0166686
0.014166
0.0113412
0.00868263
0.00651246
0.00528023
0.00407147
0.00320428
0.00287988
0.00293404
0.00313674
0.00342998
0.00368657
0.00296936
0.00191433
0.00133316
0.00213919
0.00323491
0.00431664
0.00533119
0.00627481
0.00703937
0.007706
0.00835428
0.00898419
0.00959713
0.0101822
0.0107507
0.0112916
0.0117855
0.012226
0.0126048
0.0209845
0.0214288
0.0213821
0.0208193
0.0197683
0.0182019
0.0160924
0.0135021
0.0107082
0.00819203
0.00632333
0.00508752
0.0039517
0.00322422
0.00298086
0.00304398
0.00322462
0.00347405
0.00353113
0.00275028
0.00177644
0.00153324
0.00242564
0.00352471
0.00458195
0.00558571
0.00650921
0.00724867
0.00789046
0.00851635
0.00912362
0.0097224
0.0103037
0.0108667
0.0114043
0.0118913
0.0123178
0.0126763
0.0200606
0.0209709
0.0213356
0.0212073
0.0205544
0.0193987
0.0177134
0.0154902
0.0128394
0.0101028
0.00782019
0.00611984
0.00489978
0.00387612
0.00326377
0.00307702
0.00314192
0.00328982
0.00347898
0.0033745
0.0025861
0.00173505
0.00176586
0.00273031
0.00379588
0.0048353
0.0058159
0.00671289
0.00743049
0.00804798
0.00865266
0.0092454
0.00983002
0.0104132
0.010976
0.0115105
0.0119877
0.0123967
0.0127313
0.0186951
0.0201149
0.020943
0.0212238
0.0210095
0.0202616
0.018997
0.0171934
0.0148689
0.0121884
0.00958028
0.00733422
0.00594616
0.0047551
0.00383406
0.00331527
0.00316827
0.00322549
0.00333495
0.0034587
0.00321095
0.00248942
0.00177231
0.00203032
0.00299338
0.00403537
0.0050683
0.00602134
0.00689009
0.00759078
0.00818916
0.00877437
0.00935677
0.00993299
0.010516
0.0110834
0.011612
0.0120752
0.0124626
0.0127707
0.016894
0.0188157
0.0201585
0.0208988
0.0210914
0.0207871
0.0199397
0.0185634
0.0166447
0.0142343
0.0115707
0.00899606
0.00702034
0.00576022
0.00464399
0.00381734
0.00337514
0.00325351
0.00329502
0.00336084
0.00341554
0.00307034
0.00242191
0.00187628
0.0022956
0.00323149
0.00427682
0.00527781
0.00620284
0.00704523
0.00772843
0.00831618
0.00889252
0.00946604
0.010041
0.0106214
0.011191
0.0117093
0.0121539
0.0125162
0.0147233
0.0170666
0.0189305
0.0201888
0.0208361
0.0209368
0.0205389
0.0195883
0.0180988
0.0160724
0.0135987
0.0108617
0.00852581
0.00675286
0.00559773
0.00456319
0.00382298
0.00344057
0.00333195
0.00335083
0.00337257
0.00336397
0.00295977
0.00238391
0.00203865
0.00254133
0.00348493
0.00449575
0.00546535
0.00636455
0.00718322
0.00785062
0.00843011
0.00900921
0.00958037
0.0101558
0.0107332
0.0112995
0.0118025
0.0122239
0.0122142
0.0149204
0.0172402
0.0190372
0.0202036
0.0207529
0.0207584
0.0202638
0.0192071
0.0176059
0.0154828
0.0128492
0.0101983
0.00807644
0.00661913
0.00547022
0.00451016
0.00384658
0.00350871
0.00340335
0.00339476
0.0033787
0.00331644
0.00290134
0.00240429
0.00222095
0.00279765
0.00369874
0.00469316
0.00563685
0.00650981
0.00730912
0.00796696
0.00854413
0.00912784
0.00970573
0.0102807
0.0108532
0.0114094
0.0118916
0.00958998
0.0124013
0.0151253
0.0174126
0.0191331
0.0202003
0.0206473
0.0205549
0.0199609
0.0187968
0.0170868
0.0147682
0.0120835
0.00966773
0.00773454
0.0064753
0.00537106
0.00448194
0.00388343
0.0035781
0.00346806
0.00343188
0.0033836
0.00327148
0.00289114
0.00246439
0.0024366
0.00301174
0.00392562
0.00488024
0.00579333
0.00664465
0.00743113
0.00808666
0.00866469
0.00925555
0.00984399
0.0104177
0.010982
0.0115203
0.0119772
0.00708834
0.0097422
0.0126012
0.0153367
0.0175811
0.0192153
0.0201765
0.0205175
0.0203252
0.0196301
0.0183581
0.0164478
0.0139702
0.0114219
0.00923725
0.007457
0.006339
0.00529695
0.0044748
0.00393113
0.003648
0.0035284
0.00346617
0.0033949
0.00324627
0.00290419
0.00258235
0.00264208
0.00325328
0.00413665
0.00505327
0.00594205
0.00677757
0.00755949
0.00821527
0.00880219
0.00940164
0.00999786
0.0105678
0.0111187
0.011632
0.0120583
0.00479978
0.00720294
0.009908
0.0128139
0.0155526
0.0177429
0.0192807
0.0201296
0.020362
0.0200685
0.0192715
0.0178104
0.0157145
0.0132691
0.0108632
0.00888083
0.00730602
0.00622495
0.00524642
0.0044864
0.00398787
0.00371882
0.00358701
0.00350326
0.00341897
0.00323954
0.00294319
0.00272174
0.00287227
0.00348852
0.00433133
0.00522274
0.00609149
0.00692018
0.0076985
0.00836494
0.00896292
0.00956971
0.0101688
0.0107295
0.0112622
0.0117432
0.0121365
0.00286321
0.00487476
0.00732905
0.0100882
0.0130387
0.0157708
0.0178946
0.0193262
0.0200576
0.0201795
0.0197845
0.018818
0.017167
0.0150243
0.0126389
0.0104006
0.00856516
0.00719674
0.00613677
0.00521875
0.00451459
0.00405259
0.00379158
0.00364782
0.00354834
0.00345712
0.00326179
0.00300964
0.00288962
0.00309772
0.00370952
0.00452984
0.00539604
0.00625415
0.00707531
0.00786301
0.00854201
0.00915009
0.00976166
0.0103552
0.0109017
0.0114096
0.0118537
0.0122139
0.00155779
0.00291048
0.0049574
0.00746779
0.0102833
0.0132746
0.0159883
0.0180327
0.0193487
0.0199583
0.0199693
0.0194199
0.0182735
0.0165429
0.0143706
0.0120832
0.0100157
0.00827154
0.00710428
0.0060746
0.00521202
0.00455759
0.00412486
0.00386837
0.00371382
0.00360894
0.00351474
0.00331167
0.00310755
0.00307365
0.00332603
0.00394318
0.00473465
0.00558617
0.00643233
0.00725966
0.00805926
0.00874947
0.00936605
0.00997467
0.0105556
0.0110806
0.0115587
0.0119641
0.0122937
0.000917758
0.00157997
0.00296256
0.00504862
0.00762028
0.0104939
0.0135199
0.0162017
0.0181533
0.0193452
0.0198305
0.0196914
0.0189703
0.0177334
0.0159401
0.0137946
0.0115983
0.00971071
0.00808799
0.00701364
0.00603435
0.00522442
0.00461406
0.00420494
0.00395102
0.0037937
0.0036784
0.00359401
0.00338661
0.00323501
0.00327104
0.00357149
0.00418094
0.00495937
0.00579432
0.00664198
0.00748064
0.00828962
0.00899
0.00960651
0.0102072
0.0107656
0.0112632
0.0117072
0.0120756
0.0123794
0.000753522
0.000925861
0.00160421
0.00301999
0.00514939
0.00778766
0.01072
0.0137725
0.0164071
0.0182526
0.0193133
0.0196482
0.0193331
0.0185148
0.017202
0.0153709
0.0132623
0.0111937
0.00943078
0.007956
0.00693993
0.00601452
0.00525453
0.00468297
0.00429367
0.00404315
0.00388308
0.00376624
0.00370167
0.00349097
0.0033941
0.00349038
0.0038276
0.00444168
0.00520269
0.0060353
0.00689316
0.00773892
0.00855794
0.00925771
0.00987038
0.0104523
0.0109809
0.0114471
0.011853
0.0121903
0.000724098
0.000753654
0.000934764
0.00163087
0.00308342
0.00526082
0.00797091
0.010961
0.0140294
0.0166
0.0183267
0.0192432
0.0193897
0.0189593
0.0180587
0.0166857
0.0148261
0.0127871
0.0108301
0.00918088
0.00786542
0.00688716
0.00601429
0.00530091
0.00476422
0.00439153
0.00415033
0.00398168
0.00387928
0.00383487
0.00362392
0.00358276
0.00373146
0.00410474
0.00471748
0.00547878
0.00632211
0.0071829
0.0080407
0.00885579
0.00955224
0.0101485
0.0107046
0.0111972
0.0116313
0.0119991
0.000666035
0.000722458
0.000753787
0.000944597
0.00166022
0.00315353
0.00538404
0.00817025
0.011216
0.0142869
0.0167759
0.0183838
0.0191035
0.0191039
0.018576
0.0176065
0.016185
0.014344
0.012359
0.0105516
0.00899157
0.00779848
0.00685551
0.00603248
0.00536291
0.00485675
0.00450312
0.00426272
0.00410332
0.00401456
0.00399381
0.00378666
0.00379894
0.00399795
0.00440337
0.0050222
0.00580446
0.00664525
0.00752138
0.00837347
0.00918459
0.00986184
0.010435
0.0109577
0.0114127
0.011812
0.000587115
0.000664081
0.000720506
0.000754049
0.000955392
0.00169261
0.0032312
0.00552166
0.00838628
0.011483
0.0145405
0.0169612
0.0183842
0.0189227
0.0187979
0.0181881
0.0171614
0.0157131
0.0138907
0.0119904
0.0102853
0.008837
0.00774841
0.00684384
0.00606845
0.00543894
0.0049627
0.00462229
0.00438972
0.00424442
0.00417536
0.00417829
0.00397854
0.00404407
0.00429073
0.00472705
0.00537451
0.00615433
0.00702216
0.00788964
0.00874232
0.00952896
0.0101806
0.0107216
0.0112042
0.0116239
0.0119865
0.000500853
0.000585985
0.00066197
0.00071861
0.000754309
0.000967355
0.0017284
0.00331688
0.00567498
0.00861915
0.0117594
0.0148325
0.0171114
0.0183308
0.018709
0.0184779
0.0177995
0.0167297
0.0152499
0.0134733
0.0116681
0.0100579
0.00871931
0.00771305
0.00685106
0.00612008
0.00552893
0.00507842
0.0047596
0.00453565
0.00440357
0.00435691
0.004391
0.0042012
0.00431826
0.0046102
0.00508486
0.00576045
0.00656615
0.00742087
0.00829952
0.00912626
0.00988373
0.0104985
0.011002
0.0114429
0.0118293
0.0121623
0.000401473
0.000500973
0.000584782
0.00065973
0.000716221
0.000754752
0.000980456
0.00176804
0.00341159
0.00584534
0.00886822
0.0120953
0.0151212
0.0172016
0.0182314
0.0184695
0.0181488
0.0174147
0.0163062
0.0148399
0.0130998
0.0113921
0.00988233
0.00863718
0.00769146
0.00687579
0.00618616
0.00563087
0.00520872
0.00490053
0.00469555
0.00458545
0.00456419
0.0046292
0.00445307
0.00462132
0.00496029
0.00548966
0.00619542
0.00700128
0.00787143
0.00872142
0.00952263
0.0102366
0.0108084
0.0112707
0.0116732
0.0120294
0.012342
3.9106e-05
0.000402567
0.000501129
0.000583521
0.000657275
0.000713929
0.000755188
0.000995049
0.00181198
0.00351657
0.00603338
0.00918248
0.0124599
0.0153554
0.017237
0.0180936
0.0182105
0.0178152
0.0170338
0.0159084
0.014453
0.012759
0.0111321
0.00973388
0.00858282
0.00768502
0.00691963
0.0062664
0.00574618
0.00534778
0.00505766
0.00487495
0.00478813
0.00479312
0.00489265
0.00473309
0.00495543
0.00534974
0.00593015
0.00664844
0.00748115
0.00833239
0.0091585
0.0099155
0.0105795
0.0111042
0.0115245
0.0118971
0.0122277
0.0125287
3.94025e-05
0.00040376
0.000501339
0.000582187
0.000654676
0.000711261
0.000755908
0.00101096
0.00186079
0.00363295
0.00627905
0.00954521
0.0127887
0.0155356
0.0172236
0.0179241
0.0179374
0.0174796
0.0166649
0.015508
0.014085
0.012472
0.0109166
0.00961375
0.00855055
0.00769777
0.00697832
0.00636045
0.00587263
0.00549716
0.00523312
0.0050704
0.00500731
0.00504451
0.00518079
0.00504092
0.00532346
0.0057743
0.00638906
0.00714918
0.00797166
0.00880306
0.00958936
0.0102964
0.0109052
0.0113817
0.0117676
0.0121148
0.0124282
0.012725
3.97246e-05
0.000405065
0.000501603
0.000580805
0.000651838
0.000708572
0.000756704
0.00102883
0.00191514
0.00378626
0.00657774
0.00989451
0.0130772
0.0156639
0.0171674
0.0177292
0.0176544
0.0171468
0.0162992
0.0151569
0.0137525
0.0121973
0.0107369
0.00951979
0.00853037
0.0077277
0.00705012
0.00646684
0.0060087
0.00566281
0.00541863
0.00527975
0.00524584
0.00531765
0.00549504
0.00537878
0.0057207
0.00622219
0.00688573
0.00765551
0.00846891
0.00926729
0.0100063
0.010657
0.0112101
0.0116439
0.0120029
0.0123292
0.0126339
0.0129319
4.00751e-05
0.000406488
0.00050195
0.000579361
0.000648857
0.000705243
0.000758091
0.00104818
0.00198694
0.00397721
0.00688127
0.0102238
0.013323
0.0157437
0.0170746
0.0175144
0.0173659
0.0168154
0.0159562
0.0148216
0.0134479
0.0119458
0.0105859
0.00944977
0.00852357
0.00777245
0.00713382
0.00658357
0.00615663
0.00583339
0.00561539
0.00550433
0.00550255
0.00561362
0.00583557
0.00574659
0.00614301
0.00670194
0.00739555
0.00816851
0.0089594
0.00971629
0.0104004
0.0109926
0.0114967
0.0118947
0.0122316
0.0125446
0.0128462
0.0131497
4.04565e-05
0.00040805
0.000502381
0.000577892
0.00064561
0.000701904
0.000759908
0.00107358
0.00207739
0.00417818
0.00718349
0.0105275
0.013525
0.015779
0.0169509
0.0172846
0.0170738
0.016494
0.0156056
0.0144997
0.013176
0.0117379
0.0104605
0.00939933
0.00853023
0.00782976
0.0072279
0.00671035
0.006312
0.00601458
0.00582426
0.00574307
0.00577833
0.00593263
0.00619984
0.0061395
0.00659458
0.00719933
0.00791206
0.00867567
0.00943409
0.0101409
0.010765
0.0113052
0.0117666
0.012136
0.0124566
0.0127628
0.0130659
0.0133793
4.0872e-05
0.000409754
0.000502936
0.000576387
0.000642216
0.000697775
0.000761474
0.00110568
0.00217456
0.00438664
0.00747853
0.0108011
0.0136837
0.0157744
0.0168017
0.0170435
0.0167828
0.016173
0.0153002
0.0141985
0.0129099
0.0115559
0.010358
0.00936572
0.00854968
0.00789745
0.00733128
0.00684507
0.00647468
0.00620569
0.00604344
0.00599684
0.00607327
0.00627366
0.00658993
0.00655973
0.0070665
0.00770614
0.00842476
0.00916766
0.00988459
0.0105316
0.0111032
0.0115995
0.0120196
0.0123705
0.0126808
0.0129851
0.0132946
0.0136219
4.13249e-05
0.000411628
0.00050362
0.000574902
0.000638548
0.000693262
0.000764547
0.00113989
0.00227797
0.00460033
0.00776014
0.0110416
0.0138008
0.0157346
0.0166318
0.0167954
0.0164915
0.0158701
0.0150026
0.0139291
0.0126749
0.0113982
0.0102754
0.00934686
0.00858079
0.00797366
0.00744244
0.00698617
0.00664449
0.0064036
0.00627384
0.00626555
0.00638781
0.00663906
0.00700085
0.00700099
0.00755389
0.00821311
0.00892447
0.00963791
0.0102969
0.0108945
0.0114187
0.0118707
0.0122619
0.0126006
0.0129063
0.013214
0.0135342
0.0138793
4.18183e-05
0.000413675
0.00050449
0.000573434
0.000634043
0.000687101
0.000768459
0.00117498
0.0023888
0.00481471
0.00802355
0.0112469
0.0138787
0.0156643
0.0164458
0.016542
0.0162071
0.0155602
0.0147177
0.0136683
0.012468
0.0112623
0.0102103
0.00934098
0.00862221
0.00805671
0.00755963
0.00713279
0.00681931
0.00660946
0.00651514
0.00655083
0.0067246
0.00702463
0.00742957
0.00745763
0.00804515
0.00871043
0.0094026
0.0100661
0.0106816
0.0112308
0.0117087
0.0121247
0.0124991
0.0128295
0.0131362
0.0134518
0.0137868
0.0141535
4.23575e-05
0.000415923
0.000505552
0.000571824
0.000628825
0.000680655
0.000772112
0.0012114
0.00250427
0.00502673
0.00826374
0.0114167
0.0139204
0.015568
0.016247
0.0162876
0.0159227
0.0152893
0.0144419
0.0134167
0.0122829
0.0111459
0.0101605
0.00934641
0.00867249
0.00814495
0.00768158
0.00728308
0.0069998
0.00682248
0.00676871
0.00685541
0.0070802
0.00742913
0.00786852
0.00792315
0.0085306
0.00918902
0.00984512
0.0104686
0.0110365
0.0115335
0.0119775
0.0123693
0.0127335
0.0130608
0.0133731
0.013701
0.0140553
0.0144467
4.29433e-05
0.000418387
0.000507156
0.000570284
0.000623789
0.000674562
0.0007768
0.00124791
0.00262452
0.00523044
0.00847817
0.0115509
0.0139294
0.0154499
0.0160394
0.0160318
0.0156501
0.0150198
0.0141992
0.0131977
0.0121173
0.0110467
0.0101238
0.00936155
0.00873002
0.00823709
0.00780626
0.00743753
0.00718424
0.00704382
0.00703813
0.00717654
0.00745563
0.00784647
0.00831281
0.00838962
0.00900202
0.00963552
0.0102629
0.0108391
0.0113542
0.0118172
0.0122322
0.0126089
0.0129679
0.0132975
0.0136199
0.0139648
0.0143424
0.0147606
4.35853e-05
0.000421591
0.000509392
0.000569242
0.000618988
0.000668756
0.000781427
0.0012866
0.00274472
0.00542344
0.00866352
0.0116509
0.0139089
0.0153139
0.015825
0.0157795
0.0153751
0.0147626
0.0139517
0.0129946
0.0119695
0.0109625
0.0100984
0.00938475
0.00879336
0.00833145
0.00793435
0.00759352
0.00737375
0.00727702
0.00732165
0.00751797
0.00784554
0.0082699
0.00875165
0.00884628
0.00944561
0.0100634
0.0106422
0.0111694
0.0116457
0.0120828
0.0124777
0.0128468
0.013206
0.0135427
0.0138801
0.0142468
0.0146504
0.0150929
4.4419e-05
0.000425499
0.000512139
0.000568738
0.000614648
0.000663123
0.000786903
0.00132503
0.00286522
0.00559946
0.00881944
0.0117181
0.0138625
0.0151633
0.0156073
0.0155265
0.0151305
0.0145101
0.0137168
0.0128086
0.0118376
0.0108915
0.0100825
0.00941451
0.00886052
0.00842799
0.00806207
0.00775212
0.00757115
0.007521
0.00762495
0.00787477
0.00824454
0.00869242
0.00917332
0.00928045
0.00987304
0.0104545
0.0109819
0.011471
0.0119225
0.0123371
0.0127189
0.0130875
0.0134502
0.0138002
0.0141578
0.0145496
0.0149778
0.0154353
4.54105e-05
0.000429654
0.000515335
0.000568895
0.000610783
0.000658006
0.000791824
0.00136563
0.00297934
0.00575776
0.00894429
0.0117548
0.0137934
0.0150015
0.0153864
0.0152827
0.0148834
0.0142842
0.013507
0.0126379
0.0117198
0.0108316
0.0100745
0.00944902
0.00893093
0.0085244
0.00819125
0.0079169
0.00777587
0.00778363
0.00794303
0.00824277
0.008645
0.00910209
0.00958395
0.00970085
0.0102761
0.010795
0.0112916
0.0117521
0.0121851
0.0125844
0.0129612
0.0133321
0.0137051
0.0140742
0.0144561
0.0148723
0.0153168
0.0157773
4.64482e-05
0.000433931
0.000519155
0.000569833
0.000607647
0.000653324
0.000797529
0.00140471
0.00308825
0.00589281
0.00903903
0.0117631
0.0137049
0.0148303
0.0151673
0.0150369
0.0146483
0.0140518
0.0133091
0.0124811
0.0116145
0.0107812
0.0100725
0.00948724
0.0090024
0.00862085
0.00832102
0.00808629
0.00799756
0.00805833
0.00827405
0.00861728
0.0090386
0.00950317
0.00998175
0.0101059
0.0106149
0.0111099
0.0115805
0.0120244
0.0124374
0.0128294
0.0132057
0.0135856
0.0139758
0.0143686
0.0147745
0.0152078
0.0156573
0.0161061
4.75122e-05
0.000438483
0.000523498
0.000571557
0.000605277
0.000649332
0.000802305
0.00144467
0.00318423
0.00600507
0.00910365
0.0117452
0.0135994
0.0146535
0.0149451
0.0148151
0.0144152
0.0138308
0.0131243
0.012337
0.0115199
0.0107385
0.0100753
0.00952751
0.00907409
0.00871813
0.0084511
0.00826634
0.00822583
0.00834719
0.00861614
0.00898865
0.0094264
0.00989125
0.0103174
0.0104441
0.0109289
0.0114077
0.0118534
0.0122822
0.012687
0.0130743
0.0134576
0.0138535
0.0142662
0.0146831
0.0151066
0.0155464
0.015987
0.0164173
4.862e-05
0.000443073
0.000528537
0.000574407
0.000603979
0.000646174
0.000807773
0.00148116
0.00327012
0.00609165
0.00913959
0.011704
0.0134805
0.0144704
0.0147343
0.0145905
0.0142025
0.0136297
0.0129513
0.0122041
0.0114344
0.010702
0.0100814
0.00956857
0.00914594
0.00881596
0.00858629
0.00845439
0.00846976
0.00865016
0.00895833
0.00935688
0.00979907
0.0102239
0.0106264
0.0107544
0.0112342
0.011678
0.0121203
0.0125357
0.012934
0.0133249
0.0137225
0.0141402
0.0145768
0.0150121
0.0154431
0.0158762
0.0163006
0.0166998
4.97433e-05
0.000448024
0.000534238
0.000578058
0.000603703
0.000643783
0.000811987
0.00151574
0.00333698
0.00615008
0.00914547
0.0116409
0.0133494
0.0142872
0.014513
0.0143721
0.0139872
0.0134372
0.012789
0.0120809
0.0113566
0.0106703
0.0100894
0.00960985
0.00921765
0.00891539
0.0087259
0.00865003
0.00872847
0.00895693
0.00930017
0.00971041
0.0101285
0.0105324
0.0109334
0.0110632
0.0115038
0.011952
0.0123775
0.0127839
0.0131847
0.0135871
0.0140055
0.0144468
0.0149025
0.0153464
0.0157725
0.0161912
0.0165861
0.0169554
5.08605e-05
0.000452877
0.00054036
0.000583023
0.000604546
0.000642119
0.000816399
0.00154361
0.0033861
0.00617946
0.00912186
0.0115573
0.013209
0.0140992
0.0143109
0.0141623
0.0137772
0.0132548
0.0126364
0.0119663
0.0112851
0.010642
0.0100985
0.00965084
0.00928976
0.00902057
0.00887198
0.00885676
0.00899308
0.00926638
0.00963417
0.0100349
0.0104351
0.0108357
0.0112013
0.0113324
0.0117785
0.0122142
0.0126267
0.0130344
0.0134455
0.0138663
0.0143083
0.0147691
0.0152348
0.0156751
0.0160884
0.0164789
0.0168446
0.0171407
5.20854e-05
0.000457632
0.000547201
0.000588999
0.000607215
0.000641354
0.000819479
0.00156703
0.00341445
0.00618007
0.00907154
0.0114539
0.0130598
0.0139121
0.0141146
0.0139552
0.013585
0.0130816
0.0124925
0.0118589
0.0112185
0.0106161
0.0101079
0.00969159
0.00936274
0.00913247
0.00902936
0.0090738
0.00926402
0.00957408
0.00994571
0.0103348
0.0107322
0.0111017
0.0114712
0.0116047
0.0120471
0.0124634
0.0128769
0.0132937
0.0137223
0.0141651
0.0146276
0.0150993
0.015563
0.0159914
0.0163775
0.0167396
0.0170327
0.0172746
5.33177e-05
0.000462516
0.000554499
0.000596604
0.000611299
0.000641922
0.000822534
0.00158208
0.00342294
0.00615327
0.00899474
0.0113326
0.0129026
0.0137287
0.013914
0.0137628
0.0133995
0.0129166
0.0123562
0.0117575
0.0111558
0.0105917
0.0101172
0.00973238
0.00943776
0.00925223
0.00920231
0.0093012
0.00953846
0.00986668
0.0102348
0.0106238
0.0109954
0.0113699
0.0117435
0.0118773
0.0122954
0.012713
0.0131347
0.0135677
0.014017
0.0144808
0.0149557
0.0154271
0.01588
0.0162814
0.0166399
0.01693
0.0171701
0.0172931
5.45537e-05
0.000467383
0.000562714
0.000605254
0.00061774
0.000643846
0.000824556
0.00158973
0.00341082
0.00609862
0.00889451
0.0111934
0.0127401
0.0135419
0.0137201
0.013567
0.0132209
0.0127589
0.0122264
0.0116612
0.011096
0.0105683
0.0101265
0.00977371
0.00951726
0.00937974
0.00938401
0.00953613
0.00980521
0.0101396
0.0105126
0.0108828
0.0112614
0.0116402
0.0119887
0.0121242
0.012544
0.0129692
0.013406
0.0138594
0.0143286
0.0148062
0.015283
0.0157453
0.0161715
0.0165452
0.0168323
0.0170702
0.0171936
0.0172481
5.57507e-05
0.000472486
0.000571325
0.000615861
0.000625847
0.000647873
0.000826434
0.00158808
0.00337868
0.00601908
0.00877065
0.0110379
0.0125712
0.0133549
0.0135308
0.0133793
0.0130491
0.0126079
0.0121024
0.0115691
0.0110385
0.0105454
0.0101359
0.0098171
0.0096023
0.0095153
0.00957493
0.00976972
0.0100556
0.0104025
0.0107667
0.011146
0.0115274
0.0118837
0.0122337
0.0123712
0.0127983
0.0132379
0.0136943
0.0141679
0.0146508
0.0151323
0.015602
0.0160387
0.0164373
0.0167392
0.0169748
0.0170982
0.0171539
0.0170997
5.69442e-05
0.00047749
0.000581065
0.000627472
0.000636816
0.000653822
0.000827817
0.0015781
0.00332723
0.00591378
0.0086247
0.0108666
0.012395
0.0131754
0.0133453
0.0132005
0.0128839
0.0124628
0.0119832
0.0114803
0.0109828
0.0105231
0.0101461
0.00986378
0.00969379
0.00966015
0.00976917
0.00999394
0.0103017
0.0106519
0.0110245
0.0114045
0.0117684
0.0121269
0.0124833
0.0126232
0.0130641
0.0135227
0.0139992
0.0144873
0.0149748
0.0154515
0.0158971
0.0163073
0.0166338
0.0168839
0.0170068
0.0170631
0.0170115
0.0167664
5.8061e-05
0.000482835
0.000591011
0.000641321
0.000649711
0.00066269
0.000829355
0.00155945
0.00325904
0.0057843
0.00845811
0.0106792
0.0122148
0.0129926
0.013162
0.0130284
0.0127245
0.0123229
0.0118683
0.0113945
0.0109285
0.0105014
0.0101581
0.00991492
0.0097933
0.00981102
0.00996066
0.010216
0.0105393
0.0108967
0.0112722
0.0116421
0.0120091
0.0123743
0.0127427
0.0128858
0.0133452
0.0138236
0.0143153
0.0148095
0.0152936
0.0157477
0.0161682
0.0165072
0.0167813
0.0169195
0.0169759
0.0169259
0.0166958
5.91751e-05
0.000487892
0.000602357
0.000656116
0.000665834
0.000674092
0.000831349
0.00153385
0.00317499
0.00563368
0.00827081
0.0104758
0.0120282
0.0128077
0.0129896
0.0128604
0.01257
0.0121877
0.0117572
0.0113112
0.0108757
0.0104811
0.0101729
0.0099721
0.00989966
0.0099642
0.0101525
0.0104318
0.0107665
0.0111326
0.0115053
0.0118793
0.0122535
0.0126311
0.013016
0.0131629
0.013642
0.0141362
0.0146351
0.0151277
0.0155903
0.0160211
0.0163715
0.0166584
0.0168214
0.0168923
0.0168432
0.0166257
6.01557e-05
0.000493535
0.000613589
0.000673208
0.000684076
0.00068924
0.000834393
0.00150183
0.00307874
0.00546149
0.00806459
0.0102607
0.011828
0.0126256
0.012813
0.0126959
0.0124201
0.0120566
0.0116494
0.0112302
0.0108244
0.0104627
0.0101919
0.0100356
0.0100112
0.0101203
0.0103414
0.010641
0.0109894
0.011359
0.0117375
0.0121198
0.0125067
0.0129012
0.0133041
0.0134552
0.0139506
0.0144531
0.0149522
0.0154246
0.0158655
0.0162276
0.0165262
0.0167042
0.0167986
0.0167638
0.0165567
6.1158e-05
0.000498432
0.000626441
0.000691399
0.000705874
0.000707473
0.000839336
0.00146617
0.00297076
0.00527313
0.00784097
0.0100344
0.0116189
0.012442
0.0126378
0.0125354
0.0122743
0.0119294
0.0115447
0.0111516
0.0107752
0.0104472
0.0102158
0.0101051
0.0101279
0.0102772
0.0105274
0.0108471
0.0112058
0.0115844
0.0119728
0.0123686
0.0127729
0.0131859
0.0136042
0.0137594
0.0142641
0.0147685
0.0152488
0.0157011
0.016075
0.0163858
0.0165778
0.0166867
0.0166747
0.0164896
6.19465e-05
0.000504688
0.00063939
0.000711771
0.000729647
0.000730131
0.000846687
0.00142747
0.00285542
0.00507179
0.00759993
0.00979786
0.0114002
0.0122541
0.0124679
0.0123785
0.0121323
0.0118058
0.0114431
0.0110755
0.0107285
0.0104356
0.0102455
0.0101808
0.0102482
0.0104346
0.0107122
0.0110496
0.0114217
0.0118128
0.012216
0.0126298
0.0130532
0.0134826
0.0139097
0.0140688
0.0145773
0.0150644
0.0155263
0.0159133
0.0162364
0.0164431
0.0165656
0.016568
0.0164133
6.27965e-05
0.000509759
0.000653159
0.000732861
0.00075716
0.000756267
0.000857772
0.00138905
0.00273006
0.00485923
0.00734603
0.00954822
0.0111665
0.0120646
0.0122995
0.0122244
0.0119939
0.0116855
0.0113446
0.0110022
0.0106852
0.0104289
0.0102813
0.0102621
0.0103722
0.0105932
0.0108962
0.0112527
0.011641
0.0120487
0.0124711
0.0129048
0.0133456
0.0137849
0.0142171
0.014379
0.0148717
0.0153423
0.015741
0.0160775
0.0162994
0.0164364
0.0164522
0.0163207
6.34618e-05
0.000514961
0.00066717
0.000756463
0.000786418
0.000787202
0.000872614
0.00135251
0.00260065
0.00463789
0.00707576
0.00928414
0.0109266
0.0118736
0.0121308
0.0120729
0.0118587
0.0115689
0.0112493
0.0109323
0.0106461
0.0104277
0.0103234
0.0103492
0.0104998
0.0107538
0.0110824
0.0114598
0.0118675
0.0122963
0.0127395
0.013192
0.0136438
0.0140896
0.0145071
0.0146713
0.0151495
0.0155591
0.0159078
0.016146
0.0162983
0.0163282
0.0162186
6.4004e-05
0.000520439
0.00068241
0.000780226
0.000819291
0.000821679
0.000893112
0.00131986
0.00247029
0.00441043
0.00679202
0.00900569
0.0106772
0.011676
0.0119622
0.0119234
0.0117268
0.0114555
0.0111577
0.0108665
0.010612
0.0104327
0.0103725
0.0104421
0.010632
0.0109184
0.0112738
0.0116744
0.0121056
0.0125566
0.0130203
0.013485
0.0139453
0.0143776
0.0147831
0.0149484
0.015368
0.0157283
0.0159818
0.0161503
0.0161954
0.0161081
6.44575e-05
0.000525883
0.000697317
0.000807126
0.000854071
0.000861205
0.000918509
0.00129295
0.0023419
0.00418263
0.0064933
0.00871618
0.0104122
0.0114772
0.0117938
0.0117763
0.0115979
0.0113459
0.0110701
0.0108052
0.0105835
0.0104448
0.0104285
0.0105416
0.0107701
0.0110897
0.011473
0.0119005
0.012356
0.0128296
0.0133071
0.0137824
0.0142306
0.0146525
0.0150036
0.0151681
0.0155391
0.0158075
0.0159917
0.0160526
0.0159884
6.48055e-05
0.000531604
0.000714424
0.000834204
0.000891935
0.000903613
0.00095071
0.00127303
0.00222014
0.00395597
0.00618992
0.0084121
0.0101327
0.0112623
0.0116247
0.0116305
0.011472
0.0112403
0.0109868
0.0107491
0.0105617
0.0104641
0.0104927
0.0106487
0.0109167
0.0112695
0.0116841
0.0121385
0.0126193
0.0131086
0.0135992
0.0140644
0.0145041
0.0148734
0.0151775
0.0153407
0.0156233
0.0158231
0.0158993
0.0158582
6.50845e-05
0.000537441
0.000729638
0.000862915
0.000930911
0.000950829
0.000988573
0.00126195
0.00210639
0.00372958
0.00588211
0.0080992
0.00984987
0.0110341
0.0114532
0.0114855
0.0113494
0.0111382
0.0109086
0.0106991
0.0105468
0.0104922
0.0105654
0.0107659
0.0110724
0.0114617
0.0119066
0.0123898
0.0128886
0.013394
0.0138768
0.0143358
0.0147254
0.015048
0.0152702
0.0154295
0.0156446
0.015736
0.0157176
6.53105e-05
0.000542579
0.000746238
0.000891901
0.000972946
0.00100029
0.00103301
0.00126052
0.0020049
0.00350442
0.00557106
0.00776697
0.00955787
0.0107939
0.0112771
0.0113415
0.0112284
0.0110407
0.0108355
0.0106553
0.0105405
0.0105291
0.0106494
0.0108929
0.0112415
0.0116652
0.0121431
0.0126471
0.0131656
0.0136659
0.0141453
0.0145572
0.014901
0.0151434
0.015302
0.0154563
0.0155628
0.0155666
6.53524e-05
0.000547909
0.000762857
0.000922547
0.00101515
0.00105346
0.00108324
0.00126981
0.0019175
0.00328622
0.00526091
0.0074209
0.00925415
0.010539
0.011098
0.0111956
0.0111111
0.0109471
0.0107677
0.0106194
0.0105425
0.0105777
0.0107437
0.0110343
0.0114217
0.0118832
0.0123855
0.0129134
0.0134299
0.0139303
0.0143664
0.0147337
0.0149998
0.0151791
0.0152304
0.0153799
0.0154055
6.53262e-05
0.000552983
0.000780682
0.000952466
0.00105997
0.00110887
0.00113926
0.00128986
0.00184552
0.00307935
0.0049553
0.00706553
0.00893551
0.0102739
0.0109112
0.0110507
0.0109947
0.010857
0.0107066
0.0105907
0.0105559
0.0106365
0.0108532
0.0111866
0.0116171
0.0121073
0.0126382
0.013168
0.0136888
0.0141503
0.0145436
0.0148361
0.0150403
0.015111
0.015095
0.0152345
6.52054e-05
0.000558478
0.000798084
0.00098462
0.00110518
0.00116675
0.00119954
0.00132161
0.00179014
0.00288871
0.00465667
0.00670583
0.00860836
0.00999103
0.010719
0.0109009
0.0108788
0.0107722
0.0106514
0.0105724
0.0105787
0.010711
0.0109731
0.0113548
0.0118187
0.0123429
0.0128804
0.0134193
0.0139064
0.0143278
0.0146497
0.0148822
0.0149767
0.0149832
6.50665e-05
0.000563534
0.000816582
0.0010149
0.00115116
0.00122545
0.00126512
0.00136339
0.00175295
0.00271775
0.00435722
0.00634596
0.00826117
0.00969185
0.0105075
0.0107473
0.010766
0.0106906
0.0106044
0.0105621
0.0106168
0.010795
0.0111095
0.0115293
0.0120329
0.012569
0.0131214
0.0136328
0.0140836
0.0144374
0.0147019
0.0148238
0.0148582
6.48113e-05
0.000568974
0.000834307
0.00104523
0.00119683
0.00128698
0.00133323
0.00141588
0.00173449
0.00256979
0.00406977
0.00598732
0.00789741
0.00939407
0.0102754
0.0105935
0.0106518
0.010614
0.010564
0.0105657
0.0106633
0.0108955
0.0112523
0.0117176
0.0122388
0.0127966
0.0133279
0.0138086
0.0141962
0.0144963
0.0146492
0.0147156
6.45727e-05
0.000574031
0.00085103
0.00107589
0.00124481
0.00134818
0.0014056
0.00147743
0.00173476
0.00244761
0.00379822
0.0056384
0.00753073
0.00908528
0.0100364
0.0104304
0.0105375
0.0105421
0.0105347
0.0105761
0.0107252
0.0110026
0.0114094
0.0118984
0.012449
0.0129919
0.0135014
0.0139233
0.014262
0.0144499
0.0145527
6.4257e-05
0.000578424
0.000868111
0.00110698
0.00129054
0.00141098
0.00147956
0.00154657
0.0017537
0.00235139
0.00355248
0.00529917
0.00715362
0.00877348
0.00977839
0.0102602
0.0104261
0.0104773
0.0105103
0.0105999
0.0107939
0.0111237
0.0115602
0.012086
0.0126279
0.0131625
0.0136164
0.0139961
0.0142226
0.0143662
6.38196e-05
0.000582776
0.00088479
0.00113683
0.00133608
0.00147281
0.00155561
0.0016228
0.00179026
0.00228559
0.00333727
0.0049617
0.00679493
0.00845263
0.00950713
0.0100943
0.0103161
0.010415
0.0104965
0.0106303
0.0108748
0.0112394
0.0117193
0.0122448
0.0127941
0.0132746
0.0136958
0.013964
0.0141527
6.33514e-05
0.0005869
0.000900307
0.00116715
0.00138059
0.0015359
0.00163371
0.00170535
0.00184341
0.00224564
0.00315696
0.00464934
0.00645087
0.00811509
0.00924859
0.00991011
0.0102057
0.0103599
0.0104887
0.0106694
0.0109518
0.0113635
0.0118552
0.0124005
0.0128987
0.0133602
0.0136714
0.0139087
6.28384e-05
0.000590353
0.000915971
0.00119528
0.00142459
0.00159867
0.00171264
0.0017906
0.00190754
0.00223739
0.0030146
0.00436994
0.00611009
0.00779915
0.0089869
0.00971911
0.0100994
0.0103089
0.0104844
0.0107063
0.0110351
0.0114748
0.0119906
0.0124946
0.01299
0.0133431
0.0136312
6.22321e-05
0.000593799
0.000929904
0.00122304
0.00146869
0.00165929
0.0017891
0.00187926
0.00198817
0.00225485
0.00291065
0.00412296
0.00579141
0.00748137
0.00873173
0.0095305
0.00999315
0.0102558
0.0104805
0.0107462
0.011118
0.0115775
0.0120719
0.0125878
0.0129793
0.0133176
6.16265e-05
0.000596273
0.000943155
0.00125081
0.00151146
0.00171774
0.00186958
0.0019741
0.00207493
0.00229399
0.00284681
0.00392244
0.00549077
0.00719073
0.00848605
0.00934004
0.00988235
0.0102064
0.0104738
0.0107941
0.0111774
0.0116441
0.01216
0.0125824
0.0129669
6.08788e-05
0.000598283
0.00095627
0.00127702
0.00155043
0.00177665
0.00194909
0.00206426
0.00216723
0.00235846
0.00282083
0.00376607
0.00522655
0.00692559
0.00824161
0.00914172
0.00977197
0.0101464
0.0104821
0.0108065
0.0112257
0.0117163
0.012158
0.01258
6.00646e-05
0.00060017
0.000968433
0.0013002
0.0015911
0.0018362
0.00202073
0.00215641
0.0022721
0.00243949
0.00282832
0.00365307
0.00500499
0.00665873
0.0080009
0.0089654
0.00963386
0.0101061
0.0104396
0.0108283
0.0112681
0.0117141
0.0121601
5.92421e-05
0.000601533
0.000978517
0.00132323
0.0016312
0.00188838
0.00209502
0.00225589
0.00237592
0.00253029
0.00286377
0.00358719
0.00481348
0.00640635
0.00778435
0.0087639
0.00951814
0.00999777
0.0104295
0.0108285
0.0112587
0.0117105
5.8361e-05
0.000601761
0.00098799
0.00134626
0.00166662
0.00194145
0.00217225
0.00234262
0.00247803
0.00263369
0.00292864
0.00355169
0.00465915
0.00618374
0.0075628
0.00858919
0.00932229
0.00994778
0.010368
0.0107993
0.0112303
5.73508e-05
0.000601616
0.000997517
0.00136587
0.00169977
0.00199487
0.00223968
0.00243104
0.00258948
0.00274561
0.00300401
0.00354878
0.00454268
0.00596779
0.00732382
0.00834954
0.00918486
0.00978416
0.0103041
0.0107162
5.63084e-05
0.000601573
0.00100484
0.00138309
0.00173339
0.00204303
0.00230497
0.00252015
0.0026936
0.00285184
0.00309533
0.00356817
0.00444803
0.00573727
0.00707771
0.00815117
0.00892851
0.00965051
0.0101305
5.53169e-05
0.000600568
0.00101039
0.00140043
0.00176278
0.00208695
0.00236943
0.00260501
0.00278782
0.00296493
0.00319064
0.0036121
0.0043649
0.00553786
0.00682218
0.00788446
0.00872799
0.00932784
5.42505e-05
0.000598815
0.00101599
0.0014147
0.00178832
0.00212861
0.00242945
0.00267902
0.00288854
0.00307336
0.00330447
0.00366397
0.00431135
0.00535612
0.00654186
0.0075687
0.00833878
5.31432e-05
0.000597271
0.00101969
0.00142609
0.00181125
0.00216741
0.00248044
0.00275462
0.0029818
0.00319478
0.00341012
0.00373061
0.00428251
0.00517717
0.00619505
0.00715118
5.21208e-05
0.000595046
0.00102164
0.00143529
0.00183218
0.00219852
0.00253233
0.00282386
0.00308399
0.00330005
0.00352481
0.00381956
0.00427576
0.0049794
0.00591413
5.10815e-05
0.000592266
0.00102225
0.00144317
0.00184739
0.00223044
0.00257897
0.00289942
0.00316965
0.00341722
0.00366085
0.00393309
0.00431032
0.00495926
5.00497e-05
0.000589085
0.00102221
0.00144734
0.00186345
0.00225763
0.00263073
0.00296225
0.00327389
0.00355544
0.00381865
0.00410151
0.00446689
4.90332e-05
0.00058584
0.00102017
0.0014523
0.00187589
0.00228887
0.00267347
0.00304464
0.00337962
0.00370707
0.0040063
0.00427318
4.80697e-05
0.000581906
0.0010188
0.00145485
0.00189132
0.00231449
0.00273331
0.00311915
0.00351037
0.00382826
0.00412909
4.70909e-05
0.000578415
0.00101606
0.00145942
0.00190375
0.00235316
0.00278429
0.00322265
0.00358643
0.00396398
4.61972e-05
0.000574359
0.00101451
0.00146269
0.00192502
0.00238543
0.00286027
0.00327708
0.00370919
4.52585e-05
0.000570778
0.00101252
0.00147124
0.00194286
0.00243458
0.00289214
0.00335873
4.43725e-05
0.000567016
0.00101318
0.00147854
0.00196966
0.00245146
0.00293469
4.34914e-05
0.000564128
0.00101366
0.00148918
0.00197694
0.00246294
4.26513e-05
0.000561284
0.00101454
0.00149083
0.00196765
4.18545e-05
0.000557832
0.00101283
0.0014712
4.0889e-05
0.000554838
0.000993001
4.01485e-05
0.000541271
3.81861e-05
)
;

boundaryField
{
    inlet
    {
        type            calculated;
        value           nonuniform List<scalar> 0();
    }
    outlet
    {
        type            calculated;
        value           nonuniform List<scalar> 
50
(
0.0167664
0.0166958
0.0166257
0.0165567
0.0164896
0.0164133
0.0163207
0.0162186
0.0161081
0.0159884
0.0158582
0.0157176
0.0155666
0.0154055
0.0152345
0.015095
0.0149832
0.0148582
0.0147156
0.0145527
0.0143662
0.0141527
0.0139087
0.0136312
0.0133176
0.0129669
0.01258
0.0121601
0.0117105
0.0112303
0.0107162
0.0101305
0.00932784
0.00833878
0.00715118
0.00591413
0.00495926
0.00446689
0.00427318
0.00412909
0.00396398
0.00370919
0.00335873
0.00293469
0.00246294
0.00196765
0.0014712
0.000993001
0.000541271
3.81861e-05
)
;
    }
    splitter
    {
        type            nutkWallFunction;
        Cmu             0.09;
        kappa           0.41;
        E               9.8;
        value           nonuniform List<scalar> 0();
    }
    fuel_inlet
    {
        type            calculated;
        value           uniform 0.0100623;
    }
    back
    {
        type            nutkWallFunction;
        Cmu             0.09;
        kappa           0.41;
        E               9.8;
        value           uniform 0;
    }
    sides
    {
        type            nutkWallFunction;
        Cmu             0.09;
        kappa           0.41;
        E               9.8;
        value           uniform 0;
    }
    frontAndBack
    {
        type            empty;
    }
    procBoundary3to0
    {
        type            processor;
        value           nonuniform List<scalar> 
41
(
0.0011014
0.00102243
0.00097044
0.000861932
0.000842935
0.000842935
0.00205587
0.00205587
0.00358698
0.00514378
0.00742428
0.00991873
0.0124049
0.0145779
0.0164766
0.0180816
0.0193927
0.0204179
0.0211645
0.0216303
0.0217855
0.0215662
0.0209857
0.0199976
0.018571
0.0167241
0.0145352
0.0120399
0.00945043
0.0069841
0.00473153
0.00282008
0.00153764
0.000910395
0.000753513
0.00072575
0.00066784
0.000588201
0.000500776
0.000400472
3.88326e-05
)
;
    }
    procBoundary3to2
    {
        type            processor;
        value           nonuniform List<scalar> 
83
(
1.1624e-05
0.00031539
0.000856529
0.00146372
0.00210123
0.00275731
0.00342585
0.00410023
0.00477397
0.00543979
0.00608941
0.00671351
0.00730173
0.00784299
0.00832625
0.00874172
0.00908266
0.00940275
0.00962581
0.00975093
0.00983127
0.00990635
0.00999881
0.0101166
0.0102582
0.0104181
0.0105901
0.0107689
0.0109504
0.0111316
0.0113102
0.0114848
0.0116543
0.0118182
0.0119762
0.0121285
0.0122767
0.0124243
0.0125393
0.0126495
0.0127566
0.0128424
0.0129083
0.0129549
0.0129831
0.0127971
0.0125595
0.0122871
0.0122871
0.0123424
0.0123931
0.0124428
0.0124957
0.0125569
0.0124762
0.0123108
0.0121459
0.0121459
0.0122986
0.0124601
0.0126335
0.0128211
0.0130234
0.0132403
0.0134718
0.0137186
0.0139817
0.0142624
0.0145619
0.0148814
0.0152182
0.0155632
0.0159057
0.0162326
0.0165404
0.0168188
0.0170709
0.0172532
0.0173838
0.0173976
0.0173474
0.0171931
0.0168417
)
;
    }
}


// ************************************************************************* //
