/*--------------------------------*- C++ -*----------------------------------*\
  =========                 |
  \\      /  F ield         | OpenFOAM: The Open Source CFD Toolbox
   \\    /   O peration     | Website:  https://openfoam.org
    \\  /    A nd           | Version:  8
     \\/     M anipulation  |
\*---------------------------------------------------------------------------*/
FoamFile
{
    version     2.0;
    format      ascii;
    class       volScalarField;
    location    "0.05";
    object      O2;
}
// * * * * * * * * * * * * * * * * * * * * * * * * * * * * * * * * * * * * * //

dimensions      [0 0 0 0 0 0 0];

internalField   nonuniform List<scalar> 
3929
(
0.135657
0.133695
0.132362
0.131952
0.130536
0.129182
0.130292
0.128917
0.127467
0.126162
0.128607
0.127367
0.125951
0.124538
0.123516
0.126852
0.125788
0.124497
0.123109
0.121955
0.121415
0.125
0.124134
0.123009
0.121736
0.120586
0.119877
0.119705
0.123032
0.122381
0.121447
0.120327
0.119271
0.118534
0.118163
0.118195
0.120932
0.12051
0.119784
0.118844
0.11792
0.117243
0.11681
0.116581
0.116535
0.118686
0.118505
0.118002
0.117261
0.116494
0.115916
0.115503
0.115136
0.114657
0.113799
0.116284
0.116353
0.116088
0.11556
0.11497
0.114514
0.114153
0.113704
0.11277
0.109693
0.0730388
0.113717
0.114046
0.114028
0.113727
0.11333
0.113015
0.112726
0.112216
0.110862
0.106233
0.0787284
0.00096454
0.110983
0.111575
0.111814
0.111752
0.111561
0.111404
0.111205
0.110661
0.108951
0.103168
0.080454
0.00280096
9.36006e-05
0.108081
0.108939
0.109438
0.109625
0.109652
0.109665
0.109575
0.109031
0.107056
0.100456
0.0795538
0.0046809
0.000315995
1.96176e-05
0.105021
0.106138
0.106899
0.107339
0.107591
0.107786
0.107821
0.107309
0.105158
0.0980615
0.0777959
0.00664862
0.000608844
6.95173e-05
5.4513e-06
0.101818
0.103182
0.1042
0.104891
0.105372
0.105754
0.105924
0.105467
0.103216
0.0958058
0.075802
0.00865091
0.000957751
0.000141778
1.99119e-05
1.96873e-06
0.0985014
0.100091
0.10135
0.102285
0.102992
0.103562
0.103872
0.103481
0.101174
0.0935572
0.0738487
0.0108219
0.00135187
0.000236153
4.25735e-05
7.30796e-06
1.42634e-06
0.0968915
0.0945381
0.0983696
0.099534
0.100458
0.101212
0.101663
0.101343
0.0989807
0.0912761
0.0718819
0.0132046
0.00181659
0.000351084
7.50439e-05
1.61197e-05
5.2691e-06
3.09045e-06
0.095291
0.0930895
0.0901128
0.0966613
0.0977866
0.0987174
0.0993055
0.0990608
0.0966594
0.088951
0.070038
0.0158083
0.00235807
0.000488743
0.000118484
2.96647e-05
1.15757e-05
1.10392e-05
1.21916e-05
0.0937009
0.0916533
0.0888531
0.0860362
0.0950053
0.096097
0.0968136
0.096644
0.0942372
0.0866014
0.0682925
0.0186596
0.00305249
0.000649896
0.000174005
4.92933e-05
2.12776e-05
2.31194e-05
4.1214e-05
8.10021e-05
0.0921501
0.0902254
0.0876093
0.0849571
0.0823496
0.0933794
0.0942078
0.0941045
0.0917185
0.0842301
0.0666615
0.0217608
0.00393668
0.0008504
0.000242596
7.64011e-05
3.54652e-05
4.02096e-05
8.18283e-05
0.000262688
0.00164431
0.0906018
0.0888175
0.0863712
0.0838952
0.0814368
0.0790611
0.0915131
0.0914587
0.0891163
0.0818534
0.0652001
0.025074
0.00511048
0.0010994
0.00032757
0.000112423
5.53715e-05
6.32578e-05
0.000134661
0.000490181
0.00473766
0.0887734
0.0873653
0.0851299
0.0828336
0.0805386
0.0782928
0.0761474
0.0887257
0.086467
0.0795064
0.063951
0.0285261
0.00664646
0.00143291
0.000432185
0.000159127
8.23629e-05
9.32836e-05
0.00020016
0.000743633
0.00717446
0.0859937
0.0855658
0.0837947
0.0817443
0.0796306
0.0775318
0.0754964
0.0735642
0.0838178
0.0772563
0.0629575
0.0320655
0.00858898
0.00188295
0.00056599
0.000218595
0.00011797
0.000131398
0.000278967
0.00101354
0.00891061
0.0812268
0.0827859
0.082073
0.0805179
0.0786669
0.0767459
0.0748414
0.0730015
0.0712581
0.0751447
0.0622484
0.0355671
0.0109808
0.00250698
0.000739017
0.000294289
0.000163948
0.000178892
0.000371907
0.00130104
0.010107
0.0733523
0.0732016
0.0782355
0.0794381
0.0788846
0.0775258
0.0758728
0.0741422
0.0724206
0.0707561
0.0691768
0.0617523
0.0388887
0.0138078
0.00336743
0.000971866
0.000390577
0.000222511
0.000237278
0.000480394
0.00160619
0.0109597
0.0642163
0.0614372
0.0710681
0.0753002
0.0764111
0.0759659
0.0747852
0.0733244
0.0717744
0.07022
0.0687112
0.067275
0.0418754
0.0170318
0.00454854
0.00128264
0.000515243
0.000296489
0.000308463
0.000605941
0.0019324
0.0115109
0.12243
0.0564287
0.0444397
0.0611456
0.0690774
0.0726523
0.0736391
0.0732725
0.072262
0.0709804
0.0695969
0.0681944
0.0668251
0.0655171
0.0205847
0.0061278
0.00171903
0.000675185
0.00038988
0.000394762
0.000749227
0.00227782
0.0118489
0.16529
0.110919
0.0498843
0.0243156
0.0470823
0.0607286
0.0672196
0.0702159
0.071075
0.0707793
0.0699214
0.0687997
0.0675684
0.0663055
0.065065
0.0638769
0.0081636
0.00232041
0.000889291
0.000507146
0.000498974
0.000910839
0.00263291
0.0120346
0.193216
0.154891
0.100124
0.0444561
0.0106947
0.0290858
0.0489713
0.0601178
0.0654403
0.0679398
0.0686879
0.0684575
0.0677245
0.0667448
0.0656539
0.0645233
0.0634072
0.0623369
0.00315974
0.00117125
0.000656577
0.000624501
0.00109112
0.00299233
0.0121282
0.210381
0.185176
0.144643
0.090115
0.0400247
0.00431574
0.0146637
0.0332663
0.0502264
0.0593429
0.0637038
0.0657929
0.0664453
0.0662638
0.0656358
0.0647827
0.0638254
0.0628263
0.0618364
0.0608877
0.00155833
0.000845627
0.00077597
0.00129071
0.00335114
0.0121922
0.220337
0.204918
0.176837
0.134524
0.0808807
0.0363898
0.00208513
0.00646968
0.0188445
0.0366312
0.0509733
0.0584141
0.0619962
0.0637461
0.0643112
0.0641636
0.0636219
0.062886
0.0620631
0.061201
0.0603452
0.0595273
0.00109191
0.0009588
0.00151094
0.00370623
0.0122254
0.225967
0.21691
0.19893
0.168255
0.124402
0.0725671
0.0334176
0.00141449
0.00310762
0.00912337
0.0229001
0.039219
0.0512717
0.0573525
0.0603055
0.0617716
0.0622526
0.0621205
0.061654
0.0610363
0.0603559
0.0596442
0.0589363
0.0582602
0.00118176
0.00175421
0.00405446
0.0122535
0.229118
0.223929
0.213
0.19245
0.159429
0.114399
0.0651775
0.0309605
0.00145921
0.00200094
0.00444352
0.0121774
0.0265365
0.0410998
0.0511898
0.056183
0.0586203
0.0598401
0.0602291
0.0601048
0.0597185
0.0592305
0.0587113
0.0581638
0.0576144
0.057092
0.0020246
0.00439233
0.0122681
0.230877
0.227954
0.221517
0.208604
0.185531
0.150412
0.104733
0.0587517
0.0289124
0.00233215
0.00191908
0.00275556
0.00611152
0.0153933
0.0296155
0.0423605
0.05081
0.0549176
0.0569229
0.0579088
0.0582219
0.0581269
0.0578278
0.0574859
0.0571369
0.0567638
0.0563863
0.056033
0.00472028
0.0122662
0.231856
0.230234
0.226535
0.218715
0.203725
0.178194
0.141255
0.0956056
0.0532495
0.0271824
0.00504834
0.00279365
0.0024816
0.00367611
0.00808678
0.0185594
0.0320701
0.0431138
0.0501804
0.0535596
0.055183
0.0559893
0.0562529
0.0561939
0.0559939
0.0558059
0.0556364
0.0554523
0.055264
0.0550991
0.0122465
0.232398
0.231512
0.229431
0.224836
0.215506
0.198346
0.170499
0.132069
0.0871143
0.0485784
0.0257243
0.012229
0.00548612
0.00332156
0.00313431
0.00478051
0.0102947
0.0215005
0.033918
0.0434272
0.049338
0.0521029
0.0534218
0.0540855
0.0543175
0.0543082
0.0542215
0.0541945
0.0542196
0.0542433
0.0542669
0.0543113
0.232693
0.232219
0.231074
0.228446
0.222834
0.211876
0.192489
0.162522
0.122923
0.0793694
0.0446077
0.0241714
0.0122183
0.00595532
0.00391002
0.00388826
0.00605181
0.0126333
0.0240328
0.0352163
0.0433638
0.0483216
0.0505649
0.0516404
0.0521947
0.0524168
0.052474
0.0525137
0.0526638
0.0529033
0.0531615
0.05342
0.0536938
0.23285
0.232603
0.231989
0.230525
0.227255
0.22051
0.20781
0.186189
0.154309
0.113936
0.0724028
0.0404076
0.0230599
0.0122868
0.00647716
0.00456331
0.00473522
0.00746809
0.0149648
0.0260854
0.0360093
0.0430265
0.04712
0.0489579
0.0498427
0.0503214
0.0505577
0.0507009
0.0508876
0.0512328
0.0517193
0.0522374
0.0527507
0.053273
0.23293
0.232807
0.232487
0.231695
0.229847
0.225837
0.21784
0.20329
0.179473
0.145893
0.105289
0.0647028
0.0372728
0.0223227
0.0124664
0.00706435
0.00528317
0.00567031
0.00899698
0.017138
0.027638
0.0363993
0.0423797
0.0457772
0.0472981
0.0480408
0.0484786
0.0487567
0.049012
0.0493717
0.0499453
0.0507056
0.0515016
0.052289
0.0530797
0.23297
0.232911
0.232751
0.232337
0.231327
0.229022
0.22417
0.214803
0.198309
0.172373
0.137342
0.0950691
0.0586708
0.034985
0.0219127
0.0127749
0.00773075
0.00606833
0.00668465
0.0105823
0.0190622
0.0287325
0.0364708
0.041483
0.044329
0.0456091
0.0462563
0.04669
0.0470426
0.0474424
0.0480105
0.0488475
0.0498961
0.0509893
0.0520709
0.0531448
0.232987
0.232961
0.232885
0.232678
0.232146
0.230868
0.228029
0.222231
0.21138
0.192862
0.164902
0.126575
0.0864626
0.0540494
0.0333656
0.0218023
0.0132247
0.00848393
0.00691855
0.00776203
0.0121701
0.0206473
0.0294824
0.036167
0.0403991
0.0428159
0.0439238
0.0445217
0.0449915
0.0454566
0.0460396
0.0468522
0.0479764
0.0493319
0.0507431
0.0521292
0.0534979
0.232995
0.232984
0.23295
0.232852
0.232583
0.231903
0.230305
0.226849
0.219997
0.207544
0.186905
0.155075
0.116863
0.0794441
0.050549
0.0323043
0.0219805
0.0138304
0.00932302
0.00783589
0.00888674
0.0136885
0.0219003
0.0298692
0.0355835
0.039193
0.0412841
0.0422837
0.0428809
0.0434309
0.0440512
0.0448559
0.0459433
0.0473779
0.0490635
0.0507968
0.0524947
0.0541702
0.232998
0.232993
0.232979
0.232936
0.232808
0.232462
0.2316
0.229621
0.225461
0.217437
0.203204
0.178741
0.145747
0.108432
0.073809
0.047972
0.0317325
0.0224423
0.0145987
0.0102542
0.00881867
0.0100465
0.0150771
0.0229275
0.0299038
0.0348138
0.0379275
0.0397865
0.0407408
0.0413878
0.0420648
0.0428829
0.0439445
0.0453335
0.0470986
0.0491192
0.0511794
0.0531969
0.0551895
0.232999
0.232997
0.232991
0.232973
0.232917
0.232751
0.232308
0.231224
0.228799
0.223836
0.214473
0.197041
0.17065
0.137209
0.101259
0.0693801
0.0461782
0.0316086
0.0231799
0.0155319
0.0112853
0.00987273
0.0112268
0.0163405
0.0236222
0.0296955
0.0339361
0.0366729
0.0383846
0.0393557
0.0401048
0.0409559
0.0420104
0.0433589
0.0450698
0.0471707
0.0495253
0.0519117
0.0542484
0.0565575
0.233
0.232999
0.232996
0.232989
0.232965
0.232892
0.232677
0.232112
0.230762
0.227816
0.221914
0.21017
0.190643
0.16294
0.12956
0.0952812
0.0660039
0.0450703
0.0318994
0.0241942
0.0166404
0.0124308
0.0110049
0.0124317
0.0175587
0.0240627
0.0293397
0.033045
0.0355057
0.0371483
0.0381972
0.0390997
0.0401675
0.0414908
0.0431478
0.0451875
0.0476201
0.0503001
0.053004
0.0556524
0.233
0.233
0.232999
0.232995
0.232985
0.232954
0.232858
0.232582
0.231867
0.230197
0.226629
0.219072
0.205528
0.184304
0.155764
0.122851
0.0904199
0.0635547
0.0445743
0.032585
0.0254904
0.0179376
0.0137132
0.0122348
0.0137113
0.0186373
0.0243572
0.028954
0.0322324
0.0345076
0.0361533
0.0373374
0.0384389
0.0397585
0.0413745
0.0433475
0.0457116
0.0484625
0.0514516
0.0544585
0.233
0.233
0.232999
0.232998
0.232994
0.232981
0.232939
0.232815
0.23246
0.231561
0.2295
0.224848
0.215912
0.200777
0.178156
0.14919
0.117094
0.0865906
0.0619296
0.0446379
0.0336533
0.0270799
0.0194454
0.0151607
0.0136024
0.015123
0.0196468
0.0246244
0.0286396
0.0315937
0.0337645
0.0354771
0.0368453
0.038183
0.0397793
0.0416967
0.0439818
0.0466552
0.0497031
0.0529799
0.233
0.233
0.233
0.232999
0.232998
0.232992
0.232974
0.23292
0.232759
0.232305
0.231175
0.22844
0.222815
0.212592
0.195989
0.17231
0.143286
0.112278
0.0837106
0.0610488
0.0452232
0.035099
0.0289805
0.0211865
0.0168089
0.0151664
0.016674
0.0206719
0.0249723
0.0285079
0.0312248
0.0333598
0.0351915
0.0367814
0.038381
0.0402634
0.0424786
0.04506
0.0480193
0.0513384
0.0548792
0.233
0.233
0.233
0.233
0.232999
0.232997
0.232989
0.232966
0.232895
0.232685
0.232105
0.230578
0.227199
0.220627
0.209163
0.191273
0.166878
0.138107
0.10838
0.0817044
0.0608487
0.0463014
0.0369245
0.0312113
0.0231928
0.0186889
0.0170318
0.0183873
0.0218218
0.0255174
0.0286624
0.0312141
0.0333684
0.0353571
0.0371931
0.0390635
0.0412285
0.0437254
0.0465787
0.049796
0.0533596
0.0571449
0.233
0.233
0.233
0.233
0.233
0.232999
0.232996
0.232986
0.232955
0.232861
0.232589
0.23179
0.229861
0.225834
0.218315
0.205687
0.186717
0.16193
0.133682
0.10536
0.0805031
0.061276
0.0478519
0.0391343
0.0337946
0.0255021
0.0209034
0.0192208
0.0203261
0.0231961
0.0263637
0.0291927
0.0316374
0.0338507
0.0360185
0.0381062
0.0402436
0.0426746
0.045428
0.0485245
0.0519715
0.0557579
0.0597772
0.233
0.233
0.233
0.233
0.233
0.233
0.232998
0.232994
0.232981
0.232939
0.232815
0.232433
0.231401
0.229056
0.224364
0.215914
0.202215
0.182402
0.157519
0.130019
0.103174
0.0800428
0.0622856
0.0498588
0.0417336
0.0367051
0.0281204
0.0235216
0.0217604
0.0225498
0.0248851
0.0275981
0.0301727
0.0325522
0.034847
0.037197
0.0395283
0.0419154
0.0445867
0.047567
0.0508777
0.0545318
0.0585279
0.062778
0.233
0.233
0.233
0.233
0.233
0.233
0.232999
0.232998
0.232992
0.232974
0.232918
0.232741
0.232236
0.230954
0.228171
0.222806
0.213464
0.198817
0.178413
0.15368
0.12711
0.10177
0.0802639
0.0638383
0.0523069
0.0446979
0.0400387
0.0311643
0.0265591
0.0246765
0.0251179
0.0269648
0.0292862
0.0316526
0.0339914
0.0363727
0.0388936
0.0414464
0.0440573
0.0469387
0.0501172
0.0536186
0.0574655
0.0616672
0.0661506
0.233
0.233
0.233
0.233
0.233
0.233
0.233
0.232999
0.232997
0.232989
0.232965
0.232884
0.232645
0.232004
0.230453
0.227217
0.221183
0.21101
0.195552
0.174805
0.150438
0.124931
0.101094
0.0811106
0.0658979
0.0551573
0.0481219
0.0437929
0.0346415
0.0300258
0.0279895
0.0280762
0.0294835
0.0314654
0.0336532
0.0359609
0.0384208
0.0410875
0.0438321
0.0466364
0.0496995
0.0530525
0.0567305
0.0607655
0.065176
0.0698978
0.233
0.233
0.233
0.233
0.233
0.233
0.233
0.233
0.232999
0.232996
0.232985
0.232949
0.232837
0.232528
0.231738
0.229902
0.226204
0.219518
0.208584
0.192486
0.171622
0.147803
0.12345
0.10109
0.0825303
0.0684143
0.0584957
0.0519617
0.0479444
0.0385478
0.0339151
0.0317021
0.0314452
0.0324594
0.0341396
0.0361672
0.0384429
0.0409607
0.0437429
0.0466455
0.0496156
0.0528375
0.0563509
0.060201
0.0644283
0.0690547
0.233
0.233
0.233
0.233
0.233
0.233
0.233
0.233
0.233
0.232998
0.232994
0.232978
0.232927
0.23278
0.232391
0.231439
0.229307
0.225147
0.217839
0.206233
0.189671
0.168891
0.145768
0.122627
0.101701
0.0844753
0.0714292
0.062249
0.056174
0.0524438
0.0428526
0.0381952
0.0357966
0.0352156
0.0358758
0.0372838
0.0391626
0.0413945
0.0439476
0.0468122
0.049844
0.052958
0.0563255
0.0599962
0.0640236
0.0684527
0.233
0.233
0.233
0.233
0.233
0.233
0.233
0.233
0.233
0.232999
0.232998
0.232991
0.232968
0.232899
0.232711
0.232234
0.23111
0.228675
0.224059
0.216173
0.203993
0.187145
0.166623
0.144316
0.122413
0.102888
0.0869174
0.0748648
0.0663531
0.0606969
0.057222
0.0475012
0.0428145
0.0402304
0.039348
0.0396879
0.0408504
0.0425831
0.0447614
0.0473245
0.0502473
0.0533862
0.0566323
0.0601438
0.0639788
0.0681952
0.233
0.233
0.233
0.233
0.233
0.233
0.233
0.233
0.233
0.233
0.232999
0.232996
0.232986
0.232955
0.232865
0.23263
0.232058
0.230755
0.228014
0.222957
0.214547
0.201903
0.184937
0.164821
0.143416
0.122778
0.104567
0.0897867
0.0786436
0.070736
0.065452
0.0621976
0.0524216
0.0477028
0.0449374
0.0437778
0.0438317
0.0447713
0.046365
0.0484773
0.0510377
0.0540019
0.0572376
0.0606159
0.0642803
0.0682936
0.0727129
0.233
0.233
0.233
0.233
0.233
0.233
0.233
0.233
0.233
0.233
0.233
0.232999
0.232994
0.23298
0.232939
0.232825
0.232537
0.231864
0.230377
0.227333
0.221859
0.212986
0.199998
0.183064
0.163471
0.143037
0.123618
0.106676
0.0930035
0.0826795
0.0753134
0.0703588
0.0672818
0.0575284
0.0527726
0.0498364
0.0484272
0.0482335
0.0489729
0.0504342
0.0524843
0.0550355
0.0580384
0.0613741
0.0648955
0.0687288
0.0729375
0.0775717
0.233
0.233
0.233
0.233
0.233
0.233
0.233
0.233
0.233
0.233
0.233
0.233
0.232998
0.232992
0.232973
0.232919
0.232777
0.232433
0.231654
0.22998
0.22664
0.22078
0.211513
0.1983
0.181529
0.162541
0.143097
0.124881
0.109138
0.0964809
0.0868936
0.0800074
0.0753261
0.0723795
0.0627243
0.0579318
0.054841
0.0532175
0.0528114
0.0533797
0.0547316
0.0567276
0.0592777
0.0623313
0.0657819
0.0694647
0.0734868
0.0779059
0.0827579
0.233
0.233
0.233
0.233
0.233
0.233
0.233
0.233
0.233
0.233
0.233
0.233
0.232999
0.232997
0.232988
0.232963
0.232895
0.232722
0.232319
0.23143
0.22957
0.225946
0.219737
0.210149
0.196824
0.180301
0.161986
0.143555
0.126502
0.111882
0.100139
0.0912057
0.0847273
0.0802635
0.0774061
0.0679158
0.0630912
0.0598674
0.0580705
0.0574966
0.0579344
0.0592033
0.0611669
0.0637382
0.0668668
0.0704553
0.0743214
0.0785507
0.0831867
0.0882472
0.233
0.233
0.233
0.233
0.233
0.233
0.233
0.233
0.233
0.233
0.233
0.233
0.232999
0.232995
0.232984
0.232952
0.232867
0.232661
0.232194
0.231194
0.229151
0.225261
0.218743
0.20891
0.195551
0.179361
0.161779
0.144358
0.128416
0.114825
0.103898
0.0955292
0.0893903
0.0850933
0.0822888
0.0730192
0.0681709
0.0648491
0.06293
0.0622388
0.0625906
0.0638128
0.0657788
0.0684047
0.0716403
0.0753934
0.0794638
0.0839094
0.0887567
0.094002
0.233
0.233
0.233
0.233
0.233
0.233
0.233
0.233
0.233
0.233
0.233
0.233
0.232998
0.232994
0.232979
0.232938
0.232835
0.232593
0.232061
0.23095
0.228731
0.224595
0.217811
0.207798
0.194466
0.178695
0.161883
0.145452
0.130552
0.117888
0.107677
0.0997897
0.093925
0.0897504
0.0869698
0.0779649
0.0731157
0.0697439
0.0677546
0.0670055
0.0673203
0.0685428
0.0705544
0.0732746
0.0766529
0.0805965
0.0848825
0.0895414
0.0945794
0.0999743
0.233
0.233
0.233
0.233
0.233
0.233
0.233
0.233
0.233
0.233
0.233
0.232999
0.232998
0.232991
0.232972
0.232922
0.232799
0.23252
0.231921
0.2307
0.228313
0.223954
0.216947
0.206777
0.193576
0.178286
0.162259
0.14678
0.132837
0.121001
0.111409
0.103921
0.0982729
0.0941848
0.0914146
0.0827092
0.077896
0.074524
0.0725305
0.0717809
0.0721157
0.0733907
0.0754952
0.0783522
0.0819078
0.086057
0.0905576
0.0954118
0.100607
0.106106
0.233
0.233
0.233
0.233
0.233
0.233
0.233
0.233
0.233
0.233
0.233
0.232999
0.232996
0.232988
0.232964
0.232903
0.232759
0.232441
0.231775
0.230448
0.227904
0.223343
0.216123
0.205873
0.192874
0.178107
0.162861
0.148281
0.135209
0.124098
0.11503
0.10787
0.102391
0.0983673
0.0956143
0.0872335
0.0824989
0.0791907
0.0772555
0.0765687
0.0769824
0.0783641
0.0806098
0.0836449
0.0873999
0.0917567
0.0964562
0.101474
0.106782
0.112334
0.233
0.233
0.233
0.233
0.233
0.233
0.233
0.233
0.233
0.233
0.233
0.232999
0.232995
0.232985
0.232955
0.232882
0.232716
0.232357
0.231625
0.230196
0.227507
0.22275
0.215356
0.205091
0.192349
0.178132
0.163644
0.149899
0.137605
0.12712
0.118492
0.111597
0.106253
0.102294
0.0995772
0.0915376
0.0869382
0.0837579
0.0819465
0.0813847
0.0819361
0.0834768
0.0859109
0.0891511
0.0931136
0.0976656
0.102533
0.107671
0.11304
0.118597
0.233
0.233
0.233
0.233
0.233
0.233
0.233
0.233
0.233
0.233
0.232999
0.232998
0.232993
0.23298
0.232944
0.232859
0.232669
0.232269
0.231472
0.229948
0.227116
0.222177
0.214651
0.204426
0.191987
0.178327
0.164563
0.151579
0.139971
0.130022
0.121759
0.11508
0.109858
0.105977
0.103332
0.0956446
0.0912409
0.0882543
0.0866296
0.0862531
0.086997
0.0887477
0.0914005
0.0948592
0.0990217
0.10374
0.108732
0.113938
0.119318
0.124837
0.233
0.233
0.233
0.233
0.233
0.233
0.233
0.233
0.233
0.233
0.232999
0.232997
0.232991
0.232975
0.232932
0.232833
0.232619
0.232179
0.231319
0.229702
0.226728
0.221629
0.214012
0.203875
0.191767
0.178659
0.165572
0.153274
0.142263
0.132767
0.124806
0.118316
0.11322
0.109448
0.106921
0.0995914
0.0954474
0.0927164
0.0913377
0.0912022
0.0921902
0.0941827
0.0970712
0.100746
0.105083
0.109924
0.11499
0.120211
0.125557
0.131009
0.233
0.233
0.233
0.233
0.233
0.233
0.233
0.233
0.233
0.233
0.232999
0.232996
0.232989
0.232969
0.232918
0.232805
0.232566
0.232087
0.231166
0.229453
0.226345
0.221109
0.213438
0.203427
0.191668
0.179095
0.166631
0.154943
0.144447
0.135331
0.127629
0.121317
0.11637
0.112752
0.110397
0.103427
0.0996035
0.0971852
0.0961066
0.0962617
0.0975252
0.0997787
0.102905
0.106773
0.111244
0.116156
0.121241
0.12643
0.13171
0.137076
0.233
0.233
0.233
0.233
0.233
0.233
0.233
0.233
0.233
0.233
0.232998
0.232995
0.232986
0.232962
0.232903
0.232775
0.232512
0.231993
0.23101
0.229202
0.22597
0.220619
0.212927
0.203073
0.191669
0.179603
0.167705
0.156554
0.146497
0.137707
0.130238
0.124115
0.119354
0.115942
0.113815
0.107204
0.103757
0.101702
0.10097
0.101445
0.103003
0.105522
0.108867
0.11289
0.117442
0.12237
0.127425
0.132548
0.137741
0.143016
0.233
0.233
0.233
0.233
0.233
0.233
0.233
0.233
0.233
0.232999
0.232998
0.232994
0.232983
0.232955
0.232887
0.232744
0.232455
0.231896
0.23085
0.228952
0.225605
0.22016
0.212477
0.202799
0.191747
0.180154
0.168766
0.15808
0.148402
0.139898
0.132658
0.126751
0.122226
0.119076
0.117233
0.110976
0.107953
0.106304
0.105946
0.106757
0.108615
0.111383
0.114908
0.119035
0.123613
0.128506
0.133494
0.138529
0.143629
0.148821
0.233
0.233
0.233
0.233
0.233
0.233
0.233
0.233
0.233
0.232999
0.232997
0.232992
0.232979
0.232946
0.232869
0.232711
0.232397
0.231796
0.230688
0.228702
0.22525
0.219732
0.212081
0.202591
0.191881
0.180723
0.169786
0.159508
0.150161
0.141924
0.134926
0.129277
0.125043
0.122212
0.120702
0.114793
0.112231
0.111015
0.111039
0.112192
0.114336
0.117315
0.12097
0.125143
0.129694
0.134516
0.139412
0.144352
0.149366
0.154487
0.233
0.233
0.233
0.233
0.233
0.233
0.233
0.233
0.233
0.232999
0.232996
0.23299
0.232974
0.232937
0.23285
0.232676
0.232335
0.231693
0.230524
0.228454
0.224908
0.219334
0.211732
0.202436
0.192051
0.18129
0.170753
0.160831
0.151784
0.143812
0.137088
0.13175
0.127865
0.125404
0.12426
0.118693
0.116619
0.115838
0.116252
0.11773
0.12012
0.123261
0.126988
0.131153
0.135638
0.140363
0.145161
0.150011
0.154954
0.160019
0.233
0.233
0.233
0.233
0.233
0.233
0.233
0.233
0.232999
0.232998
0.232995
0.232987
0.232969
0.232926
0.23283
0.232639
0.232272
0.231588
0.230358
0.228208
0.224577
0.218963
0.211424
0.202322
0.192242
0.18184
0.171658
0.162056
0.153292
0.145603
0.139198
0.134229
0.130746
0.12869
0.127938
0.122706
0.121123
0.120779
0.121564
0.123328
0.125915
0.129157
0.132899
0.137014
0.141409
0.146029
0.150734
0.155511
0.160399
0.165424
0.233
0.233
0.233
0.233
0.233
0.233
0.233
0.233
0.232999
0.232998
0.232994
0.232985
0.232964
0.232915
0.232808
0.232601
0.232205
0.23148
0.23019
0.227964
0.224259
0.218617
0.21115
0.202237
0.19244
0.182363
0.1725
0.163191
0.154717
0.147346
0.141315
0.136769
0.133725
0.1321
0.131757
0.126848
0.125748
0.125822
0.126934
0.128935
0.131658
0.134941
0.138653
0.142691
0.146987
0.151512
0.15614
0.160863
0.165714
0.170702
0.233
0.233
0.233
0.233
0.233
0.233
0.233
0.233
0.232999
0.232997
0.232992
0.232981
0.232958
0.232903
0.232785
0.23256
0.232137
0.23137
0.230022
0.227724
0.223951
0.218292
0.210903
0.202172
0.192638
0.182856
0.173283
0.164262
0.156097
0.149091
0.14349
0.139409
0.136834
0.135662
0.135714
0.131117
0.13048
0.130925
0.132316
0.13449
0.137284
0.140561
0.144213
0.148164
0.152372
0.156819
0.161392
0.16608
0.170903
0.175852
0.233
0.233
0.233
0.233
0.233
0.233
0.233
0.233
0.232999
0.232996
0.23299
0.232978
0.232951
0.23289
0.232761
0.232517
0.232066
0.231257
0.229852
0.227487
0.223654
0.217986
0.210677
0.202121
0.192831
0.183321
0.174024
0.165297
0.157478
0.150892
0.145766
0.142185
0.140103
0.139369
0.139791
0.1355
0.135278
0.136044
0.137648
0.139928
0.142744
0.145981
0.149559
0.153433
0.157574
0.16197
0.166509
0.171175
0.175969
0.180862
0.233
0.233
0.233
0.233
0.233
0.233
0.233
0.233
0.232998
0.232995
0.232988
0.232974
0.232943
0.232876
0.232735
0.232472
0.231992
0.231143
0.229682
0.227252
0.223365
0.217696
0.210469
0.20208
0.193019
0.183765
0.174744
0.166334
0.158908
0.15279
0.148181
0.145126
0.143524
0.143201
0.143956
0.13996
0.1401
0.141121
0.142867
0.145199
0.147998
0.15118
0.154693
0.158511
0.162615
0.166985
0.171506
0.176151
0.180902
0.185713
0.233
0.233
0.233
0.233
0.233
0.233
0.233
0.232999
0.232998
0.232994
0.232986
0.23297
0.232935
0.232861
0.232707
0.232426
0.231917
0.231026
0.229511
0.22702
0.223086
0.217421
0.210276
0.202048
0.193203
0.184202
0.175469
0.167413
0.160428
0.154824
0.150762
0.148226
0.147078
0.14713
0.148165
0.144454
0.14489
0.146091
0.147923
0.150265
0.153028
0.156159
0.159629
0.163423
0.16752
0.171882
0.17639
0.181005
0.18569
0.190386
0.233
0.233
0.233
0.233
0.233
0.233
0.233
0.232999
0.232997
0.232993
0.232983
0.232965
0.232926
0.232844
0.232678
0.232377
0.231839
0.230907
0.229339
0.22679
0.222814
0.217158
0.210098
0.202027
0.193394
0.184648
0.176228
0.168571
0.162075
0.157022
0.153508
0.151467
0.150739
0.151112
0.152363
0.148927
0.149582
0.150905
0.152775
0.155103
0.157832
0.160934
0.164394
0.168197
0.17231
0.176674
0.181161
0.185723
0.19031
0.194857
0.233
0.233
0.233
0.233
0.233
0.233
0.233
0.232999
0.232996
0.232991
0.23298
0.232959
0.232916
0.232827
0.232647
0.232326
0.231759
0.230785
0.229166
0.226563
0.22255
0.216909
0.209935
0.202021
0.1936
0.185125
0.177055
0.169843
0.163879
0.159387
0.156403
0.154826
0.154462
0.15509
0.156491
0.153316
0.154128
0.15552
0.157401
0.159714
0.162429
0.165536
0.169021
0.172859
0.177
0.18136
0.185807
0.190287
0.194742
0.199103
0.233
0.233
0.233
0.233
0.233
0.233
0.233
0.232999
0.232996
0.232989
0.232977
0.232953
0.232906
0.232808
0.232615
0.232273
0.231676
0.230662
0.228993
0.226339
0.222295
0.216675
0.209792
0.202036
0.193838
0.185659
0.177977
0.171256
0.165846
0.161906
0.159425
0.158256
0.158191
0.15901
0.160499
0.157574
0.158486
0.159914
0.1618
0.164116
0.166851
0.17
0.173541
0.17743
0.181595
0.185932
0.190311
0.194675
0.198961
0.20308
0.233
0.233
0.233
0.233
0.233
0.233
0.233
0.232998
0.232995
0.232987
0.232973
0.232947
0.232894
0.232788
0.232581
0.232219
0.231591
0.230537
0.228819
0.226118
0.222049
0.216457
0.209671
0.202083
0.194124
0.186272
0.179023
0.172825
0.167969
0.16456
0.162529
0.161704
0.161875
0.162821
0.164343
0.161654
0.162629
0.164084
0.16599
0.168342
0.171138
0.174362
0.177978
0.181917
0.186088
0.190376
0.194653
0.198863
0.202923
0.206515
0.233
0.233
0.233
0.233
0.233
0.233
0.232999
0.232998
0.232993
0.232985
0.232969
0.232939
0.232882
0.232767
0.232545
0.232162
0.231504
0.23041
0.228646
0.225903
0.221816
0.21626
0.20958
0.202172
0.194476
0.186988
0.180207
0.174543
0.170229
0.167305
0.165664
0.165121
0.165462
0.166477
0.167993
0.165531
0.166555
0.168048
0.170007
0.172435
0.175327
0.17865
0.182342
0.186316
0.190466
0.194668
0.198806
0.202805
0.206354
0.233
0.233
0.233
0.233
0.233
0.233
0.232999
0.232997
0.232992
0.232982
0.232964
0.232931
0.232868
0.232744
0.232508
0.232103
0.231415
0.230282
0.228474
0.225693
0.221596
0.216086
0.209525
0.202315
0.194912
0.187822
0.18153
0.176397
0.172591
0.170097
0.168783
0.168456
0.168906
0.16995
0.171444
0.169199
0.170279
0.17184
0.173893
0.176437
0.179451
0.182878
0.186634
0.190615
0.194706
0.198784
0.202725
0.206228
0.233
0.233
0.233
0.233
0.233
0.233
0.232999
0.232997
0.232991
0.232979
0.232959
0.232923
0.232854
0.23272
0.232468
0.232042
0.231324
0.230153
0.228304
0.225492
0.221394
0.215942
0.209515
0.202525
0.195443
0.188778
0.182983
0.178359
0.175012
0.172888
0.171837
0.171662
0.172177
0.173229
0.174707
0.172672
0.173836
0.175507
0.177695
0.180384
0.183529
0.18705
0.190843
0.194793
0.198782
0.202678
0.206137
0.233
0.233
0.233
0.233
0.233
0.233
0.232999
0.232996
0.232989
0.232976
0.232954
0.232913
0.232839
0.232695
0.232427
0.231979
0.231231
0.230024
0.228138
0.2253
0.221212
0.215832
0.209555
0.20281
0.196076
0.189851
0.184543
0.180391
0.177448
0.175631
0.174777
0.174708
0.175265
0.176328
0.177816
0.175985
0.177274
0.179098
0.181452
0.1843
0.187568
0.191156
0.194947
0.198821
0.202649
0.206075
0.233
0.233
0.233
0.233
0.233
0.233
0.232999
0.232995
0.232987
0.232973
0.232948
0.232903
0.232822
0.232668
0.232385
0.231914
0.231137
0.229896
0.227977
0.225122
0.221054
0.215761
0.209655
0.203176
0.196809
0.191025
0.18618
0.182452
0.179853
0.178278
0.177572
0.177582
0.17818
0.179278
0.180817
0.179184
0.180642
0.182653
0.185192
0.188192
0.191559
0.195175
0.198918
0.202654
0.206031
0.233
0.233
0.233
0.233
0.233
0.233
0.232998
0.232994
0.232985
0.232969
0.232941
0.232892
0.232805
0.23264
0.23234
0.231847
0.231043
0.22977
0.227823
0.224959
0.220924
0.215733
0.209816
0.203624
0.197633
0.192277
0.187856
0.184499
0.182182
0.180798
0.180209
0.180292
0.180952
0.182125
0.183764
0.182321
0.183986
0.186206
0.188926
0.192056
0.195482
0.199079
0.202709
0.206019
0.233
0.233
0.233
0.233
0.233
0.232999
0.232998
0.232993
0.232983
0.232965
0.232934
0.232881
0.232786
0.23261
0.232294
0.23178
0.230948
0.229646
0.227677
0.224813
0.220824
0.21575
0.21004
0.204147
0.198528
0.193575
0.189534
0.18649
0.184403
0.183174
0.182693
0.182867
0.183627
0.184923
0.186706
0.185446
0.187341
0.189771
0.192651
0.195872
0.199308
0.202819
0.206049
0.233
0.233
0.233
0.233
0.233
0.232999
0.232997
0.232992
0.232981
0.23296
0.232926
0.232868
0.232767
0.232579
0.232247
0.231711
0.230854
0.229527
0.227542
0.224687
0.220755
0.215814
0.210323
0.204733
0.199472
0.194887
0.191176
0.188393
0.186498
0.18541
0.18505
0.185351
0.186259
0.187723
0.189684
0.188595
0.190726
0.193345
0.196348
0.199609
0.202986
0.206124
0.233
0.233
0.233
0.233
0.233
0.232999
0.232997
0.232991
0.232978
0.232955
0.232918
0.232855
0.232746
0.232546
0.232198
0.231642
0.230761
0.229413
0.227418
0.224581
0.220719
0.215922
0.210658
0.205363
0.200437
0.196178
0.192748
0.190188
0.188467
0.187531
0.187325
0.187799
0.1889
0.190566
0.192721
0.19179
0.194139
0.196912
0.199985
0.203216
0.20625
0.233
0.233
0.233
0.233
0.233
0.232999
0.232996
0.23299
0.232975
0.23295
0.232909
0.232841
0.232724
0.232513
0.232148
0.231572
0.230671
0.229305
0.227307
0.224497
0.220714
0.216069
0.211031
0.206018
0.201395
0.19742
0.194233
0.191874
0.190331
0.189575
0.189568
0.190262
0.191593
0.193479
0.195821
0.195032
0.197566
0.200439
0.203512
0.20643
0.233
0.233
0.233
0.233
0.232999
0.232999
0.232996
0.232988
0.232973
0.232945
0.2329
0.232826
0.232701
0.232478
0.232097
0.231503
0.230583
0.229204
0.227209
0.224434
0.220737
0.216247
0.211427
0.206674
0.202319
0.198594
0.195625
0.193467
0.192129
0.191596
0.191834
0.192785
0.194365
0.196466
0.198972
0.198309
0.200972
0.203875
0.206666
0.233
0.233
0.233
0.233
0.232999
0.232998
0.232995
0.232987
0.23297
0.232939
0.23289
0.232811
0.232677
0.232442
0.232046
0.231435
0.230499
0.22911
0.227124
0.224389
0.220782
0.216444
0.211829
0.20731
0.203192
0.199691
0.196939
0.195003
0.193909
0.193647
0.19417
0.1954
0.197224
0.199515
0.202137
0.201585
0.204307
0.206961
0.233
0.233
0.233
0.233
0.232999
0.232998
0.232994
0.232985
0.232967
0.232934
0.23288
0.232795
0.232652
0.232405
0.231994
0.231367
0.230418
0.229024
0.22705
0.22436
0.220842
0.216649
0.21222
0.20791
0.204006
0.200723
0.198203
0.196527
0.195725
0.195775
0.196608
0.198113
0.200157
0.202592
0.205266
0.20481
0.207316
0.233
0.233
0.233
0.233
0.232999
0.232997
0.232993
0.232984
0.232964
0.232928
0.23287
0.232778
0.232627
0.232368
0.231942
0.231301
0.23034
0.228945
0.226987
0.224341
0.220909
0.216848
0.212586
0.208465
0.204767
0.201715
0.199462
0.198093
0.197626
0.198015
0.199157
0.200915
0.203132
0.205644
0.208114
0.207733
0.233
0.233
0.233
0.232999
0.232999
0.232997
0.232993
0.232982
0.23296
0.232922
0.23286
0.232761
0.232601
0.23233
0.23189
0.231236
0.230266
0.228871
0.22693
0.224327
0.220974
0.217031
0.212919
0.208978
0.205496
0.202706
0.200765
0.199749
0.199649
0.20038
0.201809
0.203772
0.206095
0.208431
0.233
0.233
0.233
0.232999
0.232998
0.232996
0.232991
0.23298
0.232957
0.232916
0.232849
0.232744
0.232575
0.232291
0.231838
0.231172
0.230194
0.2288
0.226875
0.224312
0.221029
0.217191
0.213221
0.209465
0.206226
0.203743
0.202163
0.201536
0.201808
0.202863
0.204531
0.206632
0.20881
0.233
0.233
0.232999
0.232999
0.232998
0.232996
0.23299
0.232978
0.232954
0.23291
0.232838
0.232726
0.232548
0.232253
0.231787
0.231109
0.230124
0.22873
0.22682
0.22429
0.221068
0.217328
0.213502
0.209956
0.207002
0.204874
0.203696
0.203469
0.204101
0.205431
0.207272
0.209264
0.233
0.233
0.232999
0.232999
0.232997
0.232995
0.232989
0.232976
0.232951
0.232904
0.232828
0.232709
0.232521
0.232214
0.231735
0.231046
0.230053
0.22866
0.22676
0.224257
0.221089
0.217448
0.213786
0.210487
0.207869
0.206142
0.205385
0.205548
0.206494
0.208034
0.209806
0.233
0.233
0.232999
0.232998
0.232997
0.232994
0.232988
0.232974
0.232947
0.232898
0.232817
0.232691
0.232494
0.232174
0.231683
0.230982
0.229981
0.228585
0.226692
0.224212
0.221098
0.217569
0.214104
0.211103
0.208868
0.20757
0.20723
0.207744
0.208939
0.210455
0.233
0.232999
0.232999
0.232998
0.232996
0.232993
0.232986
0.232972
0.232944
0.232893
0.232807
0.232674
0.232467
0.232135
0.23163
0.230916
0.229906
0.228505
0.226615
0.224157
0.221106
0.217717
0.214495
0.211842
0.210027
0.209162
0.209206
0.210009
0.211228
0.232999
0.232999
0.232999
0.232997
0.232995
0.232992
0.232984
0.232969
0.23294
0.232887
0.232797
0.232657
0.232439
0.232095
0.231575
0.230848
0.229826
0.228417
0.226531
0.2241
0.221133
0.217922
0.214995
0.212733
0.211353
0.210897
0.211267
0.212147
0.232999
0.232999
0.232998
0.232997
0.232995
0.23299
0.232982
0.232967
0.232937
0.232881
0.232788
0.23264
0.232412
0.232053
0.231519
0.230777
0.229741
0.228325
0.226445
0.224056
0.221202
0.218218
0.215632
0.213787
0.212828
0.212732
0.213231
0.232999
0.232999
0.232998
0.232996
0.232993
0.232989
0.23298
0.232963
0.232932
0.232875
0.232778
0.232623
0.232384
0.232011
0.23146
0.230702
0.229653
0.22823
0.226366
0.224041
0.221341
0.21863
0.216421
0.214991
0.214415
0.2145
0.232999
0.232998
0.232997
0.232995
0.232992
0.232987
0.232977
0.23296
0.232928
0.232869
0.232768
0.232606
0.232356
0.231968
0.2314
0.230625
0.229563
0.228141
0.226307
0.224076
0.221572
0.219176
0.217355
0.216315
0.215965
0.232998
0.232998
0.232996
0.232994
0.232991
0.232985
0.232975
0.232956
0.232923
0.232862
0.232758
0.232589
0.232327
0.231923
0.231338
0.230547
0.229476
0.228065
0.226285
0.224181
0.221912
0.219852
0.218409
0.217629
0.232998
0.232997
0.232995
0.232993
0.232989
0.232983
0.232971
0.232952
0.232917
0.232855
0.232747
0.232571
0.232298
0.231878
0.231277
0.230473
0.2294
0.228014
0.226312
0.224369
0.22236
0.220642
0.219475
0.232997
0.232996
0.232994
0.232992
0.232987
0.23298
0.232968
0.232947
0.23291
0.232846
0.232735
0.232553
0.232269
0.231834
0.231218
0.230406
0.229341
0.227999
0.226401
0.224642
0.222909
0.221459
0.232997
0.232995
0.232993
0.23299
0.232985
0.232977
0.232964
0.232941
0.232903
0.232837
0.232722
0.232535
0.232241
0.231793
0.231165
0.230351
0.229308
0.228028
0.226553
0.224998
0.223494
0.232996
0.232994
0.232992
0.232988
0.232982
0.232973
0.232959
0.232935
0.232895
0.232826
0.232709
0.232516
0.232215
0.231756
0.231122
0.230317
0.229307
0.228104
0.226769
0.225389
0.232995
0.232993
0.23299
0.232986
0.232979
0.232969
0.232954
0.232928
0.232886
0.232815
0.232695
0.232499
0.232192
0.231728
0.231094
0.230304
0.229341
0.228227
0.227016
0.232993
0.232991
0.232988
0.232983
0.232976
0.232965
0.232948
0.23292
0.232876
0.232803
0.232682
0.232484
0.232176
0.23171
0.231082
0.230318
0.229407
0.228377
0.232992
0.232989
0.232986
0.23298
0.232972
0.23296
0.232941
0.232912
0.232866
0.232791
0.232669
0.232473
0.232166
0.231705
0.231089
0.230355
0.229497
0.23299
0.232987
0.232983
0.232977
0.232968
0.232954
0.232934
0.232904
0.232856
0.232779
0.232658
0.232464
0.232164
0.231712
0.231114
0.230409
0.232988
0.232985
0.23298
0.232973
0.232963
0.232949
0.232927
0.232895
0.232846
0.232769
0.232649
0.23246
0.232168
0.23173
0.231149
0.232986
0.232982
0.232976
0.232969
0.232958
0.232942
0.23292
0.232886
0.232836
0.232759
0.232641
0.232459
0.232177
0.231751
0.232983
0.232979
0.232973
0.232964
0.232952
0.232936
0.232912
0.232878
0.232827
0.232751
0.232635
0.232458
0.232184
0.23298
0.232975
0.232969
0.232959
0.232947
0.232929
0.232905
0.232869
0.232818
0.232742
0.232628
0.232454
0.232977
0.232972
0.232964
0.232954
0.232941
0.232923
0.232897
0.232861
0.232809
0.232734
0.232621
0.232974
0.232968
0.23296
0.232949
0.232935
0.232916
0.23289
0.232853
0.232801
0.232724
0.23297
0.232963
0.232955
0.232944
0.232929
0.232909
0.232882
0.232845
0.232791
0.232966
0.232959
0.23295
0.232939
0.232923
0.232902
0.232875
0.232836
0.232962
0.232955
0.232945
0.232933
0.232917
0.232896
0.232867
0.232958
0.23295
0.232941
0.232928
0.232911
0.23289
0.232954
0.232946
0.232936
0.232923
0.232906
0.23295
0.232942
0.232932
0.232919
0.232947
0.232938
0.232929
0.232944
0.232936
0.232942
)
;

boundaryField
{
    inlet
    {
        type            fixedValue;
        value           nonuniform List<scalar> 0();
    }
    outlet
    {
        type            zeroGradient;
    }
    splitter
    {
        type            zeroGradient;
    }
    fuel_inlet
    {
        type            fixedValue;
        value           uniform 0;
    }
    back
    {
        type            zeroGradient;
    }
    sides
    {
        type            zeroGradient;
    }
    frontAndBack
    {
        type            empty;
    }
    procBoundary3to0
    {
        type            processor;
        value           nonuniform List<scalar> 
41
(
0.173142
0.138199
0.114573
0.0974356
0.0842139
0.0842139
0.134619
0.134619
0.175745
0.20084
0.215285
0.22328
0.227652
0.230053
0.231383
0.232124
0.232536
0.232761
0.232883
0.232945
0.232976
0.23299
0.232996
0.232998
0.232999
0.233
0.233
0.233
0.233
0.233
0.233
0.233
0.233
0.233
0.233
0.233
0.233
0.233
0.233
0.233
0.233
)
;
    }
    procBoundary3to2
    {
        type            processor;
        value           nonuniform List<scalar> 
83
(
0.139031
0.136903
0.135012
0.133223
0.131419
0.129551
0.127592
0.125521
0.123322
0.120981
0.118486
0.115827
0.112999
0.110001
0.10684
0.103532
0.100103
0.0959859
0.0913797
0.087128
0.0832772
0.0798421
0.0768053
0.0741251
0.0717474
0.0696172
0.067686
0.0659149
0.0642749
0.0627467
0.061319
0.059987
0.0587535
0.0576234
0.0566056
0.0557137
0.0549658
0.0543833
0.0539904
0.0538139
0.0538826
0.0542252
0.0548723
0.0558564
0.0571961
0.0582671
0.0574042
0.0562704
0.0562704
0.0584378
0.0609647
0.0638576
0.0671224
0.0707635
0.0740204
0.0733027
0.0728365
0.0728365
0.0775752
0.0826529
0.0880445
0.0937121
0.0996078
0.105675
0.111851
0.118078
0.124299
0.13047
0.136556
0.142535
0.148393
0.154127
0.159736
0.165221
0.170581
0.175808
0.180887
0.185797
0.190517
0.195022
0.19929
0.203277
0.206711
)
;
    }
}


// ************************************************************************* //
