/*--------------------------------*- C++ -*----------------------------------*\
  =========                 |
  \\      /  F ield         | OpenFOAM: The Open Source CFD Toolbox
   \\    /   O peration     | Website:  https://openfoam.org
    \\  /    A nd           | Version:  8
     \\/     M anipulation  |
\*---------------------------------------------------------------------------*/
FoamFile
{
    version     2.0;
    format      ascii;
    class       volScalarField;
    location    "0.05";
    object      T;
}
// * * * * * * * * * * * * * * * * * * * * * * * * * * * * * * * * * * * * * //

dimensions      [0 0 0 1 0 0 0];

internalField   nonuniform List<scalar> 
3929
(
547.154
543.099
540.372
539.544
536.684
533.977
536.198
533.452
530.587
528.028
532.842
530.393
527.623
524.884
522.918
529.387
527.308
524.808
522.144
519.948
518.925
525.785
524.113
521.957
519.535
517.367
516.038
515.716
522.005
520.764
518.992
516.884
514.909
513.54
512.853
512.915
518.025
517.23
515.869
514.117
512.406
511.159
510.367
509.95
509.868
513.829
513.491
512.56
511.193
509.787
508.732
507.983
507.321
506.461
504.925
509.407
509.533
509.046
508.084
507.013
506.19
505.542
504.74
503.077
497.663
439.822
504.756
505.346
505.312
504.771
504.058
503.497
502.984
502.083
499.698
491.681
448.086
351.028
499.881
500.929
501.351
501.242
500.904
500.628
500.281
499.331
496.353
486.484
450.635
352.993
350.099
494.795
496.287
497.161
497.488
497.537
497.565
497.414
496.476
493.072
481.959
449.297
355.019
350.335
350.021
489.525
491.437
492.748
493.507
493.947
494.289
494.358
493.487
489.822
478.022
446.703
357.154
350.647
350.073
350.005
484.11
486.404
488.127
489.304
490.129
490.788
491.09
490.324
486.532
474.359
443.789
359.343
351.018
350.149
350.02
350.002
478.606
481.23
483.327
484.895
486.089
487.058
487.595
486.951
483.113
470.752
440.962
361.734
351.439
350.249
350.044
350.007
350.001
475.972
472.162
478.391
480.312
481.848
483.112
483.878
483.363
479.483
467.137
438.142
364.381
351.935
350.371
350.078
350.016
350.005
350.003
473.377
469.843
465.132
475.601
477.443
478.979
479.962
479.58
475.691
463.497
435.521
367.299
352.515
350.517
350.124
350.03
350.012
350.011
350.013
470.825
467.563
463.162
458.802
472.926
474.701
475.88
475.628
471.785
459.863
433.061
370.528
353.26
350.688
350.182
350.051
350.022
350.024
350.044
350.086
468.362
465.316
461.232
457.151
453.194
470.329
471.672
471.532
467.778
456.241
430.78
374.078
354.212
350.901
350.255
350.079
350.036
350.042
350.087
350.28
351.751
465.928
463.122
459.326
455.537
451.824
448.281
467.383
467.326
463.695
452.654
428.75
377.918
355.48
351.167
350.345
350.117
350.057
350.067
350.144
350.523
355.079
463.087
460.883
457.433
453.936
450.484
447.148
443.997
463.043
459.595
449.153
427.024
381.969
357.148
351.522
350.456
350.166
350.086
350.099
350.214
350.793
357.723
458.824
458.137
455.416
452.307
449.14
446.032
443.052
440.252
455.552
445.834
425.656
386.18
359.27
352.003
350.598
350.229
350.124
350.139
350.298
351.082
359.618
451.649
453.945
452.84
450.489
447.724
444.887
442.106
439.446
436.949
442.752
424.681
390.402
361.905
352.671
350.782
350.309
350.172
350.19
350.397
351.389
360.931
440.048
439.942
447.207
448.939
448.087
446.061
443.626
441.103
438.618
436.239
434
423.998
394.461
365.048
353.595
351.029
350.411
350.234
350.252
350.512
351.715
361.87
427.247
423.56
436.884
442.91
444.484
443.803
442.065
439.938
437.704
435.485
433.349
431.333
398.155
368.672
354.868
351.36
350.543
350.312
350.327
350.646
352.063
362.479
520.364
416.752
401.362
423.151
434.058
439.086
440.464
439.906
438.433
436.587
434.613
432.63
430.709
428.889
372.717
356.579
351.826
350.713
350.411
350.418
350.798
352.432
362.852
615.499
499.439
408.208
377.021
404.699
422.572
431.444
435.611
436.793
436.344
435.105
433.505
431.764
429.994
428.268
426.627
358.799
352.469
350.941
350.535
350.528
350.969
352.812
363.056
701.03
589.307
481.103
401.3
361.583
382.612
407.103
421.733
428.963
432.401
433.416
433.065
432.016
430.63
429.1
427.528
425.987
424.519
353.369
351.241
350.693
350.661
351.161
353.196
363.158
770.217
673.639
565.681
465.072
395.775
354.614
365.998
387.596
408.707
420.677
426.561
429.406
430.28
430.002
429.109
427.911
426.579
425.2
423.843
422.55
351.653
350.894
350.822
351.373
353.58
363.228
819.551
746.345
647.787
544.14
451.02
391.317
352.215
356.947
370.719
391.665
409.66
419.419
424.219
426.578
427.326
427.098
426.333
425.308
424.17
422.987
421.821
420.713
351.155
351.015
351.606
353.961
363.263
851.606
801.623
722.271
623.451
524.11
438.917
387.72
351.498
353.311
359.846
375.367
394.829
410.034
417.991
421.92
423.877
424.505
424.302
423.647
422.791
421.855
420.884
419.924
419.013
351.252
351.865
354.334
363.292
871.176
839.606
782.43
698.322
600.447
505.605
428.556
384.778
351.546
352.123
354.748
363.217
379.595
397.146
409.916
416.427
419.646
421.258
421.758
421.569
421.029
420.354
419.642
418.898
418.156
417.454
352.152
354.696
363.306
882.699
863.803
826.007
762.257
674.807
578.741
488.783
419.83
382.347
352.479
352.035
352.93
356.552
366.808
383.218
398.705
409.414
414.746
417.375
418.664
419.06
418.912
418.493
418.019
417.539
417.031
416.522
416.048
355.047
363.302
889.327
878.441
855.053
810.949
741.404
651.845
558.283
473.747
412.555
380.307
355.399
352.971
352.635
353.917
358.704
370.383
386.136
399.637
408.59
412.955
415.065
416.108
416.436
416.338
416.054
415.788
415.548
415.293
415.036
414.813
363.278
893.072
886.98
873.209
844.902
794.601
720.041
629.619
539.145
460.419
406.513
378.599
363.256
355.869
353.534
353.332
355.106
361.127
373.741
388.349
400.02
407.496
411.046
412.746
413.595
413.879
413.848
413.716
413.663
413.681
413.7
413.723
413.776
895.151
891.83
884.029
866.91
833.372
777.149
698.469
608.296
521.29
448.768
401.47
376.789
363.24
356.374
354.164
354.141
356.481
363.714
376.661
389.911
399.931
406.184
409.046
410.419
411.12
411.39
411.446
411.48
411.658
411.956
412.282
412.612
412.965
896.283
894.518
890.243
880.373
859.472
820.517
758.77
676.965
587.913
504.764
438.665
396.226
375.498
363.312
356.937
354.865
355.052
358.02
366.315
379.046
390.865
399.5
404.643
406.97
408.089
408.688
408.975
409.142
409.366
409.796
410.413
411.075
411.737
412.414
896.886
895.971
893.701
888.237
875.919
850.85
806.413
739.621
655.714
568.451
489.71
427.883
392.369
374.644
363.507
357.571
355.64
356.061
359.69
368.759
380.861
391.332
398.683
402.931
404.842
405.772
406.315
406.653
406.963
407.408
408.13
409.097
410.118
411.134
412.161
897.2
896.737
895.568
892.655
885.735
870.583
841.022
791.146
719.902
634.865
549.96
472.868
419.699
389.583
374.168
363.846
358.294
356.487
357.159
361.432
370.938
382.144
391.411
397.559
401.096
402.692
403.495
404.029
404.46
404.952
405.66
406.716
408.051
409.453
410.85
412.247
897.359
897.129
896.545
895.048
891.327
882.656
864.291
829.987
774.847
699.791
614.48
528.269
459.399
413.576
387.625
374.036
364.342
359.113
357.407
358.33
363.186
372.743
383.024
391.033
396.207
399.192
400.562
401.298
401.874
402.444
403.166
404.181
405.598
407.323
409.133
410.925
412.709
897.446
897.323
897.039
896.298
894.38
889.658
878.918
856.983
817.757
757.601
679.32
589.736
510.022
448.853
409.018
386.347
374.236
365.013
360.028
358.404
359.557
364.873
374.176
383.476
390.316
394.71
397.277
398.504
399.234
399.907
400.669
401.665
403.024
404.832
406.976
409.202
411.402
413.593
897.5
897.424
897.277
896.924
895.978
893.527
887.584
874.445
848.605
804.337
739.26
653.477
568.105
495.067
440.648
405.705
385.659
374.763
365.866
361.048
359.475
360.828
366.422
375.354
383.509
389.376
393.149
395.416
396.58
397.367
398.194
399.199
400.514
402.248
404.473
407.046
409.697
412.319
414.936
897.539
897.485
897.398
897.22
896.776
895.565
892.447
885.037
869.155
839.087
789.528
715.081
630.012
549.659
482.924
434.354
403.418
385.506
375.609
366.907
362.181
360.628
362.126
367.837
376.15
383.254
388.308
391.608
393.684
394.862
395.771
396.81
398.105
399.774
401.911
404.562
407.566
410.647
413.699
416.75
897.57
897.526
897.467
897.366
897.149
896.584
895.037
891.092
881.94
862.949
828.211
769.285
691.974
609.341
534.092
473.176
429.642
402.012
385.848
376.778
368.149
363.445
361.871
363.457
369.207
376.653
382.825
387.228
390.182
392.163
393.431
394.525
395.827
397.453
399.505
402.056
405.133
408.564
412.072
415.552
897.597
897.558
897.512
897.446
897.328
897.057
896.337
894.361
889.404
878.197
855.626
812.823
748.919
670.806
591.374
521.104
465.481
426.268
401.382
386.662
378.279
369.609
364.866
363.227
364.876
370.424
376.987
382.361
386.245
388.965
390.943
392.371
393.706
395.315
397.302
399.75
402.715
406.208
410.055
413.981
897.62
897.585
897.545
897.495
897.421
897.28
896.939
896.019
893.504
887.31
873.649
844.962
796.607
729.472
651.686
575.866
510.407
459.556
424.048
401.456
387.939
380.131
371.316
366.479
364.743
366.449
371.566
377.289
381.98
385.473
388.061
390.114
391.763
393.384
395.334
397.697
400.541
403.909
407.8
412.046
897.638
897.609
897.573
897.531
897.477
897.392
897.219
896.788
895.609
892.415
884.696
866.855
833.241
780.484
711.123
634.638
562.629
501.754
455.175
422.848
402.187
389.677
382.361
373.3
368.327
366.485
368.186
372.729
377.685
381.816
385.024
387.565
389.759
391.677
393.62
395.926
398.666
401.895
405.646
409.914
414.543
897.65
897.627
897.597
897.56
897.515
897.456
897.357
897.143
896.592
895.078
891.024
880.699
859.097
821.119
764.714
694.137
619.672
551.502
494.932
452.159
422.571
403.543
391.888
385.001
375.602
370.448
368.578
370.117
374.039
378.31
381.989
385.002
387.566
389.951
392.17
394.451
397.115
400.221
403.815
407.925
412.55
417.548
897.654
897.639
897.616
897.584
897.545
897.498
897.432
897.315
897.045
896.336
894.387
888.851
875.971
850.794
808.824
749.559
678.64
606.698
542.329
489.755
450.364
423.141
405.508
394.587
388.088
378.275
372.967
371.051
372.316
375.613
379.289
382.605
385.497
388.137
390.745
393.279
395.899
398.911
402.362
406.296
410.742
415.709
421.079
897.646
897.643
897.627
897.603
897.57
897.529
897.479
897.404
897.262
896.919
895.999
893.288
886.194
870.752
842.095
796.58
735.179
664.706
595.617
534.952
486.06
449.674
424.503
408.071
397.795
391.605
381.334
375.973
373.948
374.859
377.561
380.725
383.756
386.581
389.33
392.172
395.02
397.968
401.304
405.076
409.326
414.094
419.402
425.158
897.618
897.636
897.632
897.615
897.589
897.555
897.512
897.457
897.371
897.194
896.751
895.455
891.904
883.174
865.122
833.149
784.59
721.768
652.41
586.314
529.222
483.709
449.993
426.613
411.23
401.495
395.686
384.932
379.499
377.308
377.824
379.979
382.705
385.507
388.3
391.171
394.242
397.387
400.642
404.278
408.346
412.897
417.983
423.644
429.811
897.553
897.609
897.625
897.62
897.602
897.574
897.539
897.493
897.433
897.331
897.106
896.48
894.755
890.288
879.828
859.164
824.104
773.051
709.453
641.733
578.687
525.003
482.579
451.241
429.437
414.951
405.828
400.349
389.096
383.575
381.173
381.276
382.935
385.283
387.895
390.674
393.665
396.945
400.361
403.896
407.81
412.158
417.006
422.422
428.461
435.07
897.449
897.544
897.598
897.613
897.607
897.587
897.559
897.521
897.472
897.404
897.28
896.966
896.126
893.919
888.449
876.193
852.971
815.104
762.08
698.351
632.637
572.633
522.168
482.563
453.352
432.927
419.37
410.764
405.592
393.844
388.215
385.564
385.258
386.467
388.48
390.925
393.695
396.79
400.252
403.91
407.704
411.878
416.503
421.658
427.429
433.879
897.331
897.441
897.535
897.587
897.601
897.592
897.571
897.541
897.502
897.449
897.37
897.2
896.782
895.696
892.945
886.402
872.318
846.637
806.296
751.826
688.525
625.056
568.045
520.598
483.566
456.271
437.164
424.419
416.275
411.381
399.165
393.406
390.484
389.78
390.577
392.285
394.58
397.33
400.511
404.123
407.999
412.036
416.469
421.382
426.871
433.031
897.218
897.324
897.433
897.525
897.575
897.587
897.577
897.554
897.523
897.48
897.422
897.319
897.099
896.559
895.187
891.838
884.169
868.255
840.263
797.811
742.384
679.988
618.913
564.81
520.185
485.535
459.981
442.068
430.041
422.308
417.654
405.02
399.112
395.904
394.816
395.231
396.663
398.811
401.535
404.776
408.519
412.596
416.876
421.58
426.808
432.668
897.119
897.212
897.317
897.424
897.513
897.561
897.572
897.56
897.536
897.502
897.457
897.383
897.256
896.978
896.291
894.596
890.603
881.774
864.064
833.935
789.754
733.846
672.729
614.12
562.819
520.863
488.348
464.401
447.559
436.164
428.786
424.331
411.345
405.272
401.769
400.311
400.376
401.553
403.562
406.248
409.541
413.402
417.68
422.216
427.22
432.803
439.082
897.04
897.114
897.205
897.309
897.414
897.501
897.547
897.555
897.542
897.516
897.48
897.423
897.339
897.184
896.832
895.977
893.926
889.251
879.246
859.804
827.758
782.224
726.274
666.712
610.58
561.979
522.445
491.921
469.439
453.54
442.698
435.623
431.312
418.055
411.797
407.998
406.191
405.942
406.885
408.762
411.418
414.76
418.746
423.241
428.065
433.41
439.398
446.137
896.984
897.036
897.108
897.198
897.3
897.403
897.488
897.532
897.538
897.523
897.494
897.449
897.387
897.289
897.099
896.662
895.615
893.178
887.796
876.619
855.536
821.814
775.289
719.69
661.872
608.163
562.1
524.845
496.151
474.985
459.917
449.552
442.708
438.48
425.041
418.588
414.5
412.374
411.844
412.585
414.357
416.995
420.403
424.539
429.286
434.442
440.181
446.621
453.86
896.943
896.981
897.031
897.102
897.191
897.29
897.392
897.474
897.515
897.519
897.501
897.464
897.415
897.348
897.233
897.001
896.464
895.206
892.358
886.254
873.927
851.318
816.176
769.01
714.083
658.055
606.727
563.09
527.958
500.941
480.937
466.591
456.61
449.925
445.724
432.19
425.539
421.177
418.773
418.01
418.595
420.295
422.947
426.457
430.788
435.837
441.377
447.563
454.498
462.26
896.94
896.977
897.026
897.096
897.182
897.28
897.379
897.459
897.497
897.498
897.471
897.432
897.38
897.306
897.17
896.887
896.238
894.749
891.473
884.642
871.209
847.212
810.901
763.418
709.334
655.163
606.184
564.845
531.682
506.17
487.183
473.439
463.753
457.16
452.935
439.39
432.546
427.947
425.323
424.386
424.87
426.546
429.262
432.929
437.513
442.922
448.904
455.582
463.042
471.334
896.938
896.974
897.021
897.089
897.174
897.269
897.365
897.442
897.477
897.468
897.44
897.399
897.344
897.26
897.099
896.758
895.983
894.248
890.531
882.982
868.497
843.267
806.035
758.491
705.345
653.131
606.438
567.26
535.897
511.717
493.603
480.349
470.872
464.31
460.02
446.541
439.531
434.754
431.974
430.939
431.385
433.103
435.949
439.84
444.747
450.578
457.051
464.254
472.248
481.058
896.935
896.97
897.016
897.082
897.164
897.257
897.351
897.424
897.449
897.438
897.407
897.364
897.306
897.21
897.02
896.612
895.7
893.706
889.543
881.292
865.83
839.523
801.59
754.032
702.11
651.883
607.387
570.221
540.479
517.467
500.085
487.211
477.866
471.285
466.911
453.568
446.446
441.559
438.712
437.655
438.144
439.981
443.034
447.226
452.527
458.835
465.833
473.575
482.094
491.391
896.932
896.965
897.01
897.074
897.154
897.244
897.335
897.398
897.419
897.406
897.374
897.329
897.265
897.156
896.931
896.449
895.39
893.129
888.52
879.597
863.237
835.996
797.417
750.145
699.582
651.333
608.927
573.607
545.315
523.304
506.52
493.926
484.649
478.023
473.577
460.431
453.263
448.36
445.535
444.548
445.168
447.211
450.554
455.129
460.888
467.71
475.251
483.524
492.538
502.276
896.928
896.961
897.004
897.065
897.143
897.23
897.311
897.371
897.389
897.374
897.34
897.292
897.222
897.096
896.831
896.269
895.054
892.52
887.472
877.913
860.737
832.609
793.582
746.817
697.704
651.394
610.945
577.305
550.287
529.12
512.81
500.413
491.16
484.495
480.012
467.116
459.994
455.174
452.471
451.652
452.497
454.837
458.56
463.586
469.847
477.205
485.282
494.057
503.521
513.652
896.925
896.956
896.997
897.056
897.131
897.21
897.287
897.343
897.358
897.341
897.305
897.254
897.176
897.031
896.722
896.072
894.695
891.886
886.412
876.258
858.302
829.372
790.099
744.019
696.407
651.967
613.332
581.2
555.283
534.818
518.876
506.61
497.376
490.703
486.246
473.642
466.672
462.044
459.567
459.015
460.182
462.914
467.09
472.619
479.411
487.3
495.885
505.115
514.974
525.452
896.921
896.951
896.99
897.047
897.113
897.188
897.262
897.314
897.326
897.307
897.269
897.214
897.127
896.96
896.602
895.859
894.316
891.234
885.351
874.633
855.898
826.305
786.971
741.714
695.619
652.956
615.982
585.186
560.211
540.319
524.653
512.493
503.297
496.68
492.337
480.058
473.354
469.028
466.882
466.699
468.286
471.485
476.173
482.24
489.562
497.953
506.997
516.624
526.828
537.618
896.917
896.945
896.982
897.032
897.096
897.167
897.237
897.285
897.294
897.272
897.232
897.172
897.074
896.883
896.472
895.631
893.919
890.569
884.293
872.992
853.547
823.423
784.192
739.854
695.26
654.265
618.792
589.167
564.991
545.555
530.115
518.062
508.962
502.49
498.364
486.435
480.114
476.198
474.486
474.771
476.856
480.584
485.824
492.433
500.257
509.099
518.541
528.51
539.017
550.106
896.913
896.939
896.971
897.018
897.077
897.145
897.211
897.255
897.26
897.236
897.193
897.128
897.018
896.8
896.332
895.389
893.508
889.894
883.216
871.351
851.261
820.733
781.741
738.387
695.251
655.801
621.672
593.067
569.551
550.498
535.26
523.356
514.436
508.218
504.419
492.859
487.034
483.632
482.454
483.283
485.928
490.23
496.032
503.158
511.433
520.661
530.439
540.702
551.493
562.889
896.908
896.931
896.96
897.004
897.059
897.122
897.184
897.224
897.226
897.2
897.153
897.081
896.958
896.71
896.182
895.136
893.085
889.202
882.121
869.717
849.051
818.235
779.592
737.253
695.513
657.478
624.546
596.81
573.861
555.137
540.12
528.439
519.809
513.961
510.608
499.424
494.201
491.411
490.843
492.275
495.528
500.419
506.758
514.35
523.008
532.554
542.617
553.148
564.225
575.959
896.902
896.923
896.949
896.989
897.04
897.099
897.157
897.193
897.192
897.162
897.111
897.032
896.894
896.614
896.023
894.871
892.646
888.49
881.014
868.098
846.923
815.924
777.714
736.396
695.973
659.226
627.341
600.364
577.901
559.496
544.756
533.399
525.182
519.83
517.033
506.225
501.699
499.6
499.692
501.779
505.655
511.111
517.938
525.927
534.894
544.701
555.015
565.812
577.204
589.328
896.896
896.914
896.938
896.974
897.021
897.076
897.129
897.161
897.156
897.123
897.068
896.98
896.825
896.511
895.855
894.594
892.19
887.76
879.896
866.498
844.878
813.788
776.071
735.756
696.565
660.976
630.02
603.702
581.687
563.628
549.25
538.344
530.673
525.934
523.781
513.35
509.602
508.236
509.04
511.796
516.273
522.245
529.486
537.792
547.008
557.041
567.599
578.685
590.443
603.019
896.89
896.906
896.928
896.96
897.002
897.052
897.101
897.128
897.119
897.083
897.023
896.926
896.753
896.403
895.678
894.303
891.716
887.014
878.772
864.922
842.919
811.812
774.626
735.284
697.231
662.688
632.551
606.827
585.253
567.606
553.711
543.394
536.393
532.36
530.929
520.874
517.949
517.363
518.894
522.291
527.32
533.732
541.303
549.862
559.285
569.532
580.356
591.783
603.97
617.065
896.884
896.898
896.917
896.945
896.983
897.028
897.072
897.095
897.082
897.042
896.976
896.869
896.676
896.287
895.49
893.997
891.226
886.253
877.642
863.371
841.04
809.978
773.345
734.932
697.93
664.33
634.931
609.761
588.669
571.534
558.261
548.665
542.435
539.19
538.55
528.854
526.784
526.991
529.213
533.207
538.707
545.468
553.299
562.06
571.68
582.166
593.304
605.137
617.826
631.494
896.878
896.891
896.907
896.931
896.964
897.003
897.043
897.06
897.044
896.999
896.927
896.808
896.595
896.165
895.292
893.679
890.721
885.477
876.51
861.846
839.239
808.27
772.195
734.665
698.631
665.891
637.169
612.562
592.022
575.53
563.018
554.254
548.884
546.504
546.671
537.326
536.118
537.076
539.946
544.45
550.324
557.357
565.392
574.34
584.182
594.96
606.48
618.795
632.045
646.316
896.873
896.883
896.896
896.917
896.944
896.979
897.013
897.026
897.004
896.955
896.876
896.745
896.508
896.035
895.084
893.347
890.201
884.689
875.377
860.348
837.508
806.669
771.151
734.457
699.32
667.373
639.306
615.302
595.421
579.716
568.087
560.256
555.829
554.325
555.289
546.294
545.908
547.569
550.996
555.907
562.072
569.314
577.529
586.688
596.81
607.954
619.935
632.799
646.65
661.52
896.868
896.876
896.887
896.903
896.926
896.954
896.982
896.99
896.964
896.909
896.822
896.678
896.417
895.897
894.865
893.001
889.667
883.889
874.243
858.875
835.841
805.162
770.195
734.293
699.994
668.8
641.403
618.076
598.989
584.2
573.568
566.758
563.286
562.645
564.376
555.723
556.1
558.374
562.247
567.474
573.859
581.28
589.696
599.122
609.609
621.206
633.721
647.181
661.637
677.064
896.863
896.87
896.878
896.89
896.907
896.93
896.952
896.954
896.923
896.862
896.766
896.607
896.32
895.752
894.636
892.644
889.118
883.077
873.109
857.427
834.234
803.739
769.315
734.168
700.665
670.215
643.533
620.998
602.836
589.088
579.549
573.779
571.249
571.443
573.868
565.554
566.603
569.368
573.591
579.055
585.622
593.236
601.909
611.693
622.642
634.776
647.88
661.947
676.977
692.883
896.859
896.864
896.869
896.877
896.889
896.906
896.921
896.917
896.88
896.814
896.708
896.533
896.218
895.598
894.396
892.273
888.555
882.254
871.975
856.003
832.684
802.393
768.507
734.091
701.362
671.675
645.79
624.17
607.068
594.469
586.055
581.315
579.697
580.648
583.665
575.693
577.288
580.442
584.925
590.579
597.336
605.199
614.223
624.47
635.978
648.713
662.425
677.078
692.611
708.886
896.856
896.859
896.862
896.866
896.872
896.882
896.891
896.88
896.837
896.763
896.647
896.455
896.11
895.438
894.146
891.889
887.979
881.421
870.843
854.604
831.189
801.126
767.778
734.079
702.126
673.248
648.266
627.697
611.775
600.377
593.084
589.345
588.557
590.158
593.647
586.014
588.043
591.487
596.174
602.019
609.02
617.228
626.716
637.533
649.675
663.04
677.346
692.523
708.455
724.959
896.854
896.855
896.855
896.855
896.856
896.859
896.86
896.842
896.793
896.711
896.584
896.373
895.997
895.269
893.886
891.493
887.39
880.578
869.715
853.233
829.755
799.942
767.141
734.161
703.01
675.019
651.06
631.671
617.003
606.813
600.616
597.792
597.724
599.857
603.694
596.4
598.754
602.422
607.305
613.392
620.734
629.408
639.478
650.951
663.768
677.754
692.601
708.203
724.399
740.871
896.852
896.851
896.849
896.845
896.841
896.837
896.83
896.804
896.748
896.658
896.518
896.287
895.878
895.092
893.615
891.085
886.788
879.728
868.592
851.894
828.386
798.854
766.615
734.375
704.077
677.069
654.26
636.147
622.758
613.758
608.569
606.549
607.086
609.621
613.68
606.731
609.334
613.209
618.334
624.76
632.57
641.838
652.586
664.77
678.26
692.819
708.115
724.013
740.218
755.355
896.852
896.849
896.845
896.837
896.827
896.816
896.8
896.766
896.702
896.603
896.449
896.198
895.753
894.908
893.334
890.665
886.174
878.872
867.479
850.594
827.094
797.876
766.228
734.767
705.394
679.481
657.93
641.136
629.018
621.128
616.842
615.509
616.515
619.322
623.507
616.914
619.74
623.862
629.326
636.223
644.637
654.608
666.102
679.004
693.124
708.167
723.786
739.732
754.655
896.853
896.849
896.841
896.83
896.815
896.796
896.771
896.728
896.656
896.547
896.378
896.104
895.623
894.716
893.044
890.233
885.55
878.014
866.382
849.341
825.892
797.029
766.012
735.385
707.029
682.316
662.086
646.622
635.713
628.83
625.326
624.542
625.88
628.859
633.125
626.901
629.982
634.445
640.384
647.898
657.039
667.792
680.051
693.636
708.298
723.698
739.399
754.111
896.856
896.849
896.84
896.825
896.804
896.777
896.743
896.691
896.61
896.489
896.305
896.007
895.488
894.517
892.743
889.791
884.919
877.157
865.309
848.148
824.795
796.337
766.002
736.279
709.034
685.6
666.721
652.546
642.749
636.752
633.889
633.511
635.077
638.176
642.535
636.699
640.126
645.069
651.637
659.901
669.861
681.426
694.423
708.609
723.685
739.202
753.713
896.86
896.852
896.84
896.822
896.795
896.761
896.716
896.654
896.563
896.43
896.229
895.906
895.347
894.31
892.434
889.339
884.282
876.307
864.268
847.028
823.823
795.824
766.232
737.494
711.439
689.331
671.788
658.819
650.016
644.763
642.394
642.311
644.046
647.274
651.803
646.372
650.285
655.869
663.211
672.331
683.151
695.511
709.17
723.83
739.078
753.443
896.866
896.857
896.843
896.821
896.789
896.746
896.692
896.619
896.516
896.37
896.152
895.802
895.201
894.096
892.116
888.88
883.643
875.471
863.269
845.995
822.994
795.514
766.734
739.053
714.247
693.473
677.204
665.332
657.383
652.725
650.731
650.878
652.785
656.217
661.047
656.036
660.603
666.984
675.218
685.247
696.92
710.005
724.2
739.096
753.252
896.875
896.864
896.848
896.822
896.785
896.734
896.669
896.585
896.471
896.311
896.073
895.695
895.05
893.875
891.791
888.416
883.008
874.656
862.324
845.063
822.324
795.429
767.527
740.965
717.434
697.956
682.866
671.957
664.714
660.523
658.831
659.204
661.357
665.125
670.424
665.845
671.231
678.539
687.732
698.671
711.133
724.818
739.316
753.195
896.886
896.874
896.856
896.827
896.784
896.726
896.65
896.553
896.426
896.251
895.993
895.585
894.896
893.649
891.461
887.95
882.38
873.869
861.445
844.246
821.83
795.581
768.616
743.21
720.941
702.686
688.653
678.561
671.89
668.086
666.684
667.352
669.882
674.158
680.101
675.957
682.304
690.619
700.781
712.575
725.702
739.758
753.318
896.901
896.887
896.868
896.835
896.787
896.721
896.634
896.524
896.383
896.191
895.912
895.474
894.738
893.419
891.127
887.485
881.765
873.121
860.641
843.557
821.522
795.976
769.989
745.745
724.687
707.552
694.437
685.026
678.835
675.397
674.347
675.44
678.522
683.488
690.236
686.521
693.922
703.264
714.346
726.872
740.441
753.639
896.919
896.904
896.883
896.847
896.793
896.72
896.622
896.499
896.343
896.134
895.832
895.361
894.578
893.185
890.791
887.025
881.171
872.418
859.923
843.003
821.401
796.602
771.612
748.502
728.574
712.432
700.101
691.271
685.529
682.509
681.939
683.635
687.458
693.28
700.95
697.648
706.134
716.462
728.344
741.382
754.177
896.941
896.925
896.902
896.863
896.805
896.723
896.615
896.478
896.306
896.079
895.752
895.249
894.416
892.95
890.456
886.574
880.601
871.769
859.297
842.587
821.461
797.435
773.433
751.397
732.492
717.214
705.561
697.268
692.019
689.54
689.629
692.122
696.861
703.665
712.309
709.398
718.935
730.132
742.597
754.948
896.967
896.95
896.926
896.884
896.821
896.733
896.614
896.463
896.274
896.027
895.675
895.137
894.255
892.716
890.125
886.136
880.063
871.178
858.767
842.305
821.685
798.436
775.383
754.336
736.335
721.816
710.785
703.061
698.417
696.658
697.606
701.08
706.867
714.711
724.325
721.774
732.247
744.098
755.965
896.998
896.981
896.955
896.911
896.843
896.748
896.619
896.454
896.249
895.98
895.602
895.029
894.096
892.484
889.801
885.715
879.56
870.65
858.33
842.146
822.045
799.552
777.383
757.223
740.024
726.197
715.806
708.754
704.894
704.06
706.059
710.655
717.555
726.437
736.919
734.699
745.898
757.242
897.035
897.017
896.991
896.943
896.872
896.77
896.632
896.454
896.23
895.94
895.535
894.925
893.941
892.257
889.487
885.315
879.096
870.184
857.981
842.09
822.501
800.721
779.354
759.985
743.516
730.384
720.725
714.516
711.647
711.939
715.142
720.932
728.946
738.763
749.926
748.004
758.79
897.078
897.06
897.032
896.983
896.908
896.801
896.654
896.463
896.221
895.908
895.475
894.827
893.792
892.038
889.186
884.939
878.671
869.777
857.707
842.11
823.007
801.877
781.227
762.577
746.827
734.467
725.701
720.546
718.879
720.46
724.947
731.937
740.964
751.53
762.291
760.616
897.127
897.109
897.081
897.03
896.952
896.84
896.686
896.483
896.223
895.887
895.424
894.738
893.652
891.829
888.9
884.587
878.284
869.422
857.49
842.174
823.515
802.964
782.961
765.006
750.035
738.598
730.936
727.053
726.763
729.725
735.507
743.597
753.449
763.692
897.184
897.166
897.137
897.085
897.004
896.888
896.728
896.514
896.238
895.879
895.386
894.661
893.523
891.633
888.631
884.259
877.931
869.105
857.306
842.245
823.977
803.942
784.555
767.338
753.281
742.972
736.639
734.219
735.411
739.772
746.751
755.753
765.375
897.248
897.23
897.202
897.149
897.066
896.947
896.781
896.559
896.268
895.885
895.362
894.597
893.408
891.451
888.379
883.953
877.604
868.814
857.131
842.288
824.361
804.805
786.059
769.697
756.752
747.802
743.004
742.166
744.868
750.534
758.523
767.4
897.32
897.302
897.275
897.222
897.138
897.017
896.848
896.619
896.314
895.91
895.355
894.549
893.308
891.284
888.146
883.666
877.294
868.53
856.939
842.277
824.655
805.59
787.577
772.255
760.656
753.286
750.161
750.946
755.071
761.857
769.843
897.4
897.383
897.357
897.304
897.22
897.098
896.927
896.693
896.378
895.953
895.368
894.521
893.226
891.135
887.929
883.391
876.991
868.236
856.711
842.2
824.884
806.376
789.264
775.211
765.194
759.566
758.171
760.503
765.869
772.791
897.488
897.473
897.448
897.396
897.313
897.192
897.021
896.784
896.46
896.017
895.402
894.513
893.162
891.003
887.724
883.124
876.682
867.917
856.435
842.07
825.104
807.295
791.301
778.766
770.515
766.707
766.984
770.689
776.348
897.585
897.571
897.549
897.499
897.418
897.298
897.128
896.891
896.561
896.103
895.459
894.526
893.117
890.885
887.527
882.855
876.357
867.566
856.12
841.929
825.421
808.504
793.882
783.071
776.695
774.673
776.459
780.631
897.69
897.679
897.658
897.611
897.532
897.415
897.248
897.013
896.681
896.21
895.538
894.561
893.09
890.78
887.334
882.58
876.011
867.186
855.792
841.852
825.961
810.181
797.153
788.213
783.708
783.328
785.771
897.804
897.795
897.777
897.733
897.657
897.544
897.381
897.149
896.817
896.337
895.64
894.617
893.08
890.684
887.143
882.294
875.645
866.796
855.508
841.938
826.875
812.46
801.213
794.175
791.428
791.905
897.925
897.918
897.903
897.863
897.792
897.683
897.525
897.297
896.967
896.481
895.761
894.692
893.085
890.594
886.949
881.997
875.274
866.434
855.337
842.306
828.285
815.449
806.055
800.851
799.156
898.054
898.049
898.037
898
897.934
897.83
897.678
897.455
897.128
896.638
895.897
894.782
893.1
890.508
886.753
881.7
874.923
866.15
855.37
843.06
830.294
819.148
811.594
807.614
898.188
898.185
898.176
898.143
898.081
897.983
897.837
897.62
897.297
896.803
896.044
894.884
893.124
890.427
886.561
881.421
874.629
866.01
855.692
844.289
832.908
823.501
817.288
898.326
898.326
898.32
898.29
898.233
898.14
897.999
897.788
897.467
896.971
896.195
894.992
893.156
890.354
886.384
881.185
874.437
866.082
856.372
846.002
836.101
828.055
898.468
898.469
898.465
898.438
898.385
898.297
898.161
897.954
897.636
897.137
896.346
895.103
893.195
890.296
886.241
881.021
874.401
866.412
857.42
848.196
839.513
898.61
898.612
898.609
898.585
898.535
898.45
898.318
898.114
897.798
897.295
896.491
895.215
893.245
890.265
886.153
880.975
874.547
867.018
858.846
850.596
898.75
898.753
898.751
898.728
898.68
898.598
898.468
898.265
897.948
897.442
896.626
895.326
893.312
890.277
886.149
881.053
874.901
867.906
860.451
898.887
898.889
898.887
898.865
898.817
898.736
898.606
898.403
898.084
897.574
896.751
895.439
893.405
890.343
886.236
881.284
875.449
868.948
899.018
899.019
899.015
898.992
898.944
898.862
898.731
898.526
898.203
897.689
896.866
895.556
893.524
890.472
886.428
881.648
876.124
899.141
899.139
899.133
899.108
899.057
898.973
898.839
898.631
898.305
897.789
896.971
895.677
893.672
890.665
886.717
882.102
899.253
899.249
899.239
899.21
899.156
899.068
898.931
898.718
898.387
897.873
897.066
895.799
893.842
890.911
887.049
899.353
899.346
899.332
899.298
899.24
899.147
899.004
898.786
898.453
897.942
897.149
895.916
894.02
891.148
899.441
899.429
899.409
899.371
899.307
899.208
899.059
898.837
898.502
897.993
897.214
896.012
894.152
899.515
899.498
899.473
899.428
899.358
899.253
899.098
898.87
898.531
898.024
897.252
896.065
899.575
899.553
899.521
899.47
899.394
899.282
899.12
898.886
898.542
898.031
897.26
899.621
899.593
899.556
899.498
899.415
899.296
899.127
898.885
898.534
898.016
899.654
899.621
899.577
899.513
899.422
899.297
899.119
898.869
898.508
899.675
899.636
899.586
899.515
899.418
899.284
899.1
898.84
899.685
899.641
899.585
899.508
899.404
899.264
899.071
899.685
899.637
899.575
899.493
899.384
899.238
899.678
899.625
899.56
899.474
899.362
899.665
899.61
899.542
899.456
899.65
899.594
899.529
899.637
899.586
899.633
)
;

boundaryField
{
    inlet
    {
        type            fixedValue;
        value           nonuniform List<scalar> 0();
    }
    outlet
    {
        type            zeroGradient;
    }
    splitter
    {
        type            zeroGradient;
    }
    fuel_inlet
    {
        type            fixedValue;
        value           uniform 350;
    }
    back
    {
        type            zeroGradient;
    }
    sides
    {
        type            zeroGradient;
    }
    frontAndBack
    {
        type            empty;
    }
    procBoundary3to0
    {
        type            processor;
        value           nonuniform List<scalar> 
41
(
636.884
551.721
505.901
476.705
456.019
456.019
544.326
544.326
644.549
729.702
793.462
835.858
861.897
877.235
886.1
891.166
894.035
895.64
896.523
897.002
897.257
897.39
897.466
897.515
897.552
897.582
897.608
897.631
897.649
897.66
897.663
897.656
897.627
897.561
897.457
897.337
897.223
897.123
897.043
896.987
896.945
)
;
    }
    procBoundary3to2
    {
        type            processor;
        value           nonuniform List<scalar> 
83
(
554.261
549.757
545.812
542.129
538.463
534.716
530.837
526.792
522.558
518.117
513.456
508.572
503.465
498.148
492.644
486.993
481.249
474.497
467.125
460.481
454.592
449.437
444.955
441.057
437.642
434.618
431.903
429.435
427.169
425.074
423.129
421.327
419.668
418.157
416.802
415.62
414.632
413.865
413.349
413.118
413.209
413.66
414.513
415.814
417.595
419.028
417.88
416.378
416.378
419.27
422.68
426.634
431.161
436.294
440.962
439.931
439.262
439.262
446.146
453.706
461.952
470.877
480.46
490.66
501.427
512.701
524.425
536.546
549.025
561.84
574.984
588.466
602.307
616.532
631.159
646.19
661.601
677.343
693.339
709.494
725.688
741.682
756.205
)
;
    }
}


// ************************************************************************* //
