# Region type : patch inlet
# Faces  :    120
# Area   :    4.800000e-04
# Time        	average(p)
0             	0.000000e+00
0.000119048   	7.615321e+04
0.000260204   	3.048149e+02
0.000428132   	1.950255e+02
0.000627546   	1.506450e+02
0.000861857   	1.272940e+02
0.00113877    	1.126151e+02
0.00145524    	1.027790e+02
0.00181127    	9.557231e+01
0.00220121    	9.030374e+01
0.00263448    	8.617190e+01
0.00309482    	8.298035e+01
0.00358805    	8.041887e+01
0.00408128    	7.842835e+01
0.00457451    	7.683844e+01
0.00506773    	7.553588e+01
0.00556096    	7.444760e+01
0.00605419    	7.353270e+01
0.00654741    	7.275472e+01
0.00704064    	7.208896e+01
0.00753387    	7.152026e+01
0.00802709    	7.103592e+01
0.00852032    	7.062306e+01
0.00901355    	7.026140e+01
0.00950677    	6.994228e+01
0.01          	6.965591e+01
0.0105        	6.939283e+01
0.011         	6.915441e+01
0.0115        	6.894383e+01
0.012         	6.875378e+01
0.0125        	6.858720e+01
0.013         	6.843514e+01
0.0135        	6.830509e+01
0.014         	6.818722e+01
0.0145        	6.808110e+01
0.015         	6.798979e+01
0.0155        	6.790771e+01
0.016         	6.783654e+01
0.0165        	6.777613e+01
0.017         	6.772271e+01
0.0175        	6.767680e+01
0.018         	6.764166e+01
0.0185        	6.760712e+01
0.019         	6.758103e+01
0.0195        	6.756223e+01
0.02          	6.754932e+01
0.0205        	6.753679e+01
0.021         	6.753424e+01
0.0215        	6.753140e+01
0.022         	6.753594e+01
0.0225        	6.754089e+01
0.023         	6.755261e+01
0.0235        	6.756540e+01
0.024         	6.758178e+01
0.0245        	6.759961e+01
0.025         	6.762258e+01
0.0255        	6.764249e+01
0.026         	6.766651e+01
0.0265        	6.769296e+01
0.027         	6.771933e+01
0.0275        	6.775159e+01
0.028         	6.778209e+01
0.0285        	6.780997e+01
0.029         	6.783736e+01
0.0295        	6.786603e+01
0.03          	6.789369e+01
0.0305        	6.792233e+01
0.031         	6.795263e+01
0.0315        	6.798275e+01
0.032         	6.801543e+01
0.0325        	6.805013e+01
0.033         	6.808608e+01
0.0335        	6.812618e+01
0.034         	6.816926e+01
0.0345        	6.821624e+01
0.035         	6.826768e+01
0.0355        	6.832456e+01
0.036         	6.838663e+01
0.0365        	6.845764e+01
0.037         	6.853611e+01
0.0375        	6.862734e+01
0.038         	6.871421e+01
0.0385        	6.881722e+01
0.039         	6.893280e+01
0.0395        	6.904436e+01
0.04          	6.917154e+01
0.0405        	6.931266e+01
0.041         	6.945011e+01
0.0415        	6.960331e+01
0.042         	6.976261e+01
0.0425        	6.993128e+01
0.043         	7.009872e+01
0.0435        	7.027856e+01
0.044         	7.046439e+01
0.0445        	7.064982e+01
0.045         	7.084157e+01
0.0455        	7.104003e+01
0.046         	7.123914e+01
0.0465        	7.144114e+01
0.047         	7.163919e+01
0.0475        	7.184588e+01
0.048         	7.205025e+01
0.0485        	7.225193e+01
0.049         	7.244762e+01
0.0495        	7.265058e+01
0.05          	7.284590e+01
0.0505        	7.303976e+01
0.051         	7.322940e+01
0.0515        	7.341285e+01
0.052         	7.359217e+01
0.0525        	7.376598e+01
0.053         	7.393389e+01
0.0535        	7.409711e+01
0.054         	7.425426e+01
0.0545        	7.440254e+01
0.055         	7.454492e+01
0.0555        	7.468633e+01
0.056         	7.481932e+01
0.0565        	7.495240e+01
0.057         	7.507335e+01
0.0575        	7.519637e+01
0.058         	7.530998e+01
0.0585        	7.542556e+01
0.059         	7.553434e+01
0.0595        	7.564768e+01
0.06          	7.575585e+01
0.0605        	7.586301e+01
0.061         	7.597872e+01
0.0615        	7.609189e+01
0.062         	7.620483e+01
0.0625        	7.632668e+01
0.063         	7.643958e+01
0.0635        	7.656832e+01
0.064         	7.669043e+01
0.0645        	7.682587e+01
0.065         	7.695648e+01
0.0655        	7.710102e+01
0.066         	7.724189e+01
0.0665        	7.738751e+01
0.067         	7.753800e+01
0.0675        	7.769137e+01
0.068         	7.784970e+01
0.0685        	7.801147e+01
0.069         	7.817602e+01
0.0695        	7.834221e+01
0.07          	7.850591e+01
0.0705        	7.868009e+01
0.071         	7.884049e+01
0.0715        	7.900981e+01
0.072         	7.917300e+01
0.0725        	7.933113e+01
0.073         	7.948871e+01
0.0735        	7.963918e+01
0.074         	7.977935e+01
0.0745        	7.991468e+01
0.075         	8.004788e+01
0.0755        	8.017039e+01
0.076         	8.029000e+01
0.0765        	8.039094e+01
0.077         	8.048619e+01
0.0775        	8.057079e+01
0.078         	8.065085e+01
0.0785        	8.071756e+01
0.079         	8.077177e+01
0.0795        	8.081487e+01
0.08          	8.085027e+01
0.0805        	8.087197e+01
0.081         	8.088827e+01
0.0815        	8.089313e+01
0.082         	8.089175e+01
0.0825        	8.087780e+01
0.083         	8.085885e+01
0.0835        	8.083699e+01
0.084         	8.080432e+01
0.0845        	8.076814e+01
0.085         	8.072560e+01
0.0855        	8.068345e+01
0.086         	8.063420e+01
0.0865        	8.058025e+01
0.087         	8.052319e+01
0.0875        	8.046450e+01
0.088         	8.041033e+01
0.0885        	8.034981e+01
0.089         	8.029324e+01
0.0895        	8.023318e+01
0.09          	8.017428e+01
0.0905        	8.011418e+01
0.091         	8.005721e+01
0.0915        	8.000287e+01
0.092         	7.994561e+01
0.0925        	7.989128e+01
0.093         	7.984594e+01
0.0935        	7.979976e+01
0.094         	7.975709e+01
0.0945        	7.971171e+01
0.095         	7.967286e+01
0.0955        	7.963803e+01
0.096         	7.960175e+01
0.0965        	7.956724e+01
0.097         	7.954231e+01
0.0975        	7.952024e+01
0.098         	7.949731e+01
0.0985        	7.947381e+01
0.099         	7.945547e+01
0.0995        	7.944342e+01
0.1           	7.942577e+01
0.1005        	7.941066e+01
0.101         	7.940173e+01
0.1015        	7.939305e+01
0.102         	7.939219e+01
0.1025        	7.939068e+01
0.103         	7.938998e+01
0.1035        	7.938603e+01
0.104         	7.938354e+01
0.1045        	7.937930e+01
0.105         	7.938839e+01
0.1055        	7.938767e+01
0.106         	7.939074e+01
0.1065        	7.940416e+01
0.107         	7.941476e+01
0.1075        	7.941470e+01
0.108         	7.942505e+01
0.1085        	7.943208e+01
0.109         	7.944227e+01
0.1095        	7.945602e+01
0.11          	7.947086e+01
0.1105        	7.948148e+01
0.111         	7.948590e+01
0.1115        	7.949995e+01
0.112         	7.951290e+01
0.1125        	7.951727e+01
0.113         	7.952853e+01
0.1135        	7.954670e+01
0.114         	7.955910e+01
0.1145        	7.956462e+01
0.115         	7.957148e+01
0.1155        	7.958393e+01
0.116         	7.959614e+01
0.1165        	7.960835e+01
0.117         	7.962140e+01
0.1175        	7.962477e+01
0.118         	7.963247e+01
0.1185        	7.964507e+01
0.119         	7.965285e+01
0.1195        	7.965936e+01
0.12          	7.966726e+01
0.1205        	7.967582e+01
0.121         	7.968483e+01
0.1215        	7.968891e+01
0.122         	7.969775e+01
0.1225        	7.970563e+01
0.123         	7.971495e+01
0.1235        	7.972266e+01
0.124         	7.972900e+01
0.1245        	7.973519e+01
0.125         	7.974175e+01
0.1255        	7.974752e+01
0.126         	7.975267e+01
0.1265        	7.975762e+01
0.127         	7.976469e+01
0.1275        	7.976551e+01
0.128         	7.976816e+01
0.1285        	7.976970e+01
0.129         	7.977397e+01
0.1295        	7.977898e+01
0.13          	7.978514e+01
0.1305        	7.978711e+01
0.131         	7.978869e+01
0.1315        	7.978862e+01
0.132         	7.979354e+01
0.1325        	7.980041e+01
0.133         	7.980104e+01
0.1335        	7.980218e+01
0.134         	7.980188e+01
0.1345        	7.980631e+01
0.135         	7.981321e+01
0.1355        	7.981480e+01
0.136         	7.981499e+01
0.1365        	7.981391e+01
0.137         	7.981841e+01
0.1375        	7.982323e+01
0.138         	7.982430e+01
0.1385        	7.982295e+01
0.139         	7.982692e+01
0.1395        	7.983070e+01
0.14          	7.983141e+01
0.1405        	7.983394e+01
0.141         	7.983060e+01
0.1415        	7.982945e+01
0.142         	7.982524e+01
0.1425        	7.983018e+01
0.143         	7.983477e+01
0.1435        	7.983825e+01
0.144         	7.984086e+01
0.1445        	7.984420e+01
0.145         	7.984374e+01
0.1455        	7.984386e+01
0.146         	7.984150e+01
0.1465        	7.984551e+01
0.147         	7.984797e+01
0.1475        	7.985102e+01
0.148         	7.985161e+01
0.1485        	7.984840e+01
0.149         	7.984591e+01
0.1495        	7.984129e+01
0.15          	7.984676e+01
0.1505        	7.985114e+01
0.151         	7.985141e+01
0.1515        	7.985182e+01
0.152         	7.985027e+01
0.1525        	7.985406e+01
0.153         	7.985822e+01
0.1535        	7.986025e+01
0.154         	7.985701e+01
0.1545        	7.985360e+01
0.155         	7.985379e+01
0.1555        	7.985782e+01
0.156         	7.986096e+01
0.1565        	7.986686e+01
0.157         	7.986381e+01
0.1575        	7.986105e+01
0.158         	7.985893e+01
0.1585        	7.985499e+01
0.159         	7.986096e+01
0.1595        	7.986557e+01
0.16          	7.987155e+01
0.1605        	7.986886e+01
0.161         	7.986493e+01
0.1615        	7.986468e+01
0.162         	7.986964e+01
0.1625        	7.987375e+01
0.163         	7.987417e+01
0.1635        	7.987464e+01
0.164         	7.987520e+01
0.1645        	7.987113e+01
0.165         	7.987577e+01
0.1655        	7.987676e+01
0.166         	7.987661e+01
0.1665        	7.987832e+01
0.167         	7.987572e+01
0.1675        	7.987324e+01
0.168         	7.987265e+01
0.1685        	7.987431e+01
0.169         	7.987965e+01
0.1695        	7.987326e+01
0.17          	7.987846e+01
0.1705        	7.987248e+01
0.171         	7.987802e+01
0.1715        	7.987216e+01
0.172         	7.987812e+01
0.1725        	7.987388e+01
0.173         	7.987382e+01
0.1735        	7.987298e+01
0.174         	7.987316e+01
0.1745        	7.987299e+01
0.175         	7.986969e+01
0.1755        	7.987062e+01
0.176         	7.986804e+01
0.1765        	7.987448e+01
0.177         	7.986693e+01
0.1775        	7.987214e+01
0.178         	7.986570e+01
0.1785        	7.987078e+01
0.179         	7.986454e+01
0.1795        	7.986560e+01
0.18          	7.987098e+01
0.1805        	7.986375e+01
0.181         	7.986779e+01
0.1815        	7.986527e+01
0.182         	7.985814e+01
0.1825        	7.985909e+01
0.183         	7.986097e+01
0.1835        	7.985819e+01
0.184         	7.985530e+01
0.1845        	7.985485e+01
0.185         	7.985252e+01
0.1855        	7.985060e+01
0.186         	7.984905e+01
0.1865        	7.984638e+01
0.187         	7.985421e+01
0.1875        	7.985103e+01
0.188         	7.985012e+01
0.1885        	7.984920e+01
0.189         	7.984799e+01
0.1895        	7.984703e+01
0.19          	7.984579e+01
0.1905        	7.984504e+01
0.191         	7.984425e+01
0.1915        	7.984409e+01
0.192         	7.984126e+01
0.1925        	7.984759e+01
0.193         	7.984959e+01
0.1935        	7.985007e+01
0.194         	7.985215e+01
0.1945        	7.984888e+01
0.195         	7.984962e+01
0.1955        	7.985049e+01
0.196         	7.984972e+01
0.1965        	7.985332e+01
0.197         	7.985836e+01
0.1975        	7.985597e+01
0.198         	7.984971e+01
0.1985        	7.985614e+01
0.199         	7.985145e+01
0.1995        	7.985728e+01
0.2           	7.985395e+01
0.2005        	7.985407e+01
0.201         	7.985443e+01
0.2015        	7.985555e+01
0.202         	7.985413e+01
0.2025        	7.986012e+01
0.203         	7.985379e+01
0.2035        	7.985929e+01
0.204         	7.985342e+01
0.2045        	7.985856e+01
0.205         	7.985313e+01
0.2055        	7.985820e+01
0.206         	7.985274e+01
0.2065        	7.985855e+01
0.207         	7.985206e+01
0.2075        	7.985851e+01
0.208         	7.985530e+01
0.2085        	7.985306e+01
0.209         	7.985140e+01
0.2095        	7.985003e+01
0.21          	7.984762e+01
0.2105        	7.985090e+01
0.211         	7.985017e+01
0.2115        	7.984785e+01
0.212         	7.984568e+01
0.2125        	7.984708e+01
0.213         	7.984829e+01
0.2135        	7.984929e+01
0.214         	7.984924e+01
0.2145        	7.984939e+01
0.215         	7.984947e+01
0.2155        	7.985074e+01
0.216         	7.984493e+01
0.2165        	7.984968e+01
0.217         	7.984842e+01
0.2175        	7.985105e+01
0.218         	7.985280e+01
0.2185        	7.985409e+01
0.219         	7.985513e+01
0.2195        	7.985601e+01
0.22          	7.985846e+01
0.2205        	7.985551e+01
0.221         	7.985099e+01
0.2215        	7.985551e+01
0.222         	7.985142e+01
0.2225        	7.985068e+01
0.223         	7.985267e+01
0.2235        	7.984759e+01
0.224         	7.985311e+01
0.2245        	7.984984e+01
0.225         	7.984941e+01
0.2255        	7.984570e+01
0.226         	7.984684e+01
0.2265        	7.985357e+01
0.227         	7.984835e+01
0.2275        	7.985414e+01
0.228         	7.985163e+01
0.2285        	7.984616e+01
0.229         	7.984928e+01
0.2295        	7.985430e+01
0.23          	7.985399e+01
0.2305        	7.985305e+01
0.231         	7.985322e+01
0.2315        	7.985292e+01
0.232         	7.985362e+01
0.2325        	7.984909e+01
0.233         	7.985125e+01
0.2335        	7.985280e+01
0.234         	7.984984e+01
0.2345        	7.984923e+01
0.235         	7.984660e+01
0.2355        	7.985148e+01
0.236         	7.985292e+01
0.2365        	7.985301e+01
0.237         	7.985289e+01
0.2375        	7.985330e+01
0.238         	7.985173e+01
0.2385        	7.985554e+01
0.239         	7.985904e+01
0.2395        	7.985704e+01
0.24          	7.985783e+01
0.2405        	7.985702e+01
0.241         	7.985936e+01
0.2415        	7.986162e+01
0.242         	7.986279e+01
0.2425        	7.986397e+01
0.243         	7.986653e+01
0.2435        	7.986304e+01
0.244         	7.986406e+01
0.2445        	7.986032e+01
0.245         	7.986151e+01
0.2455        	7.986100e+01
0.246         	7.986246e+01
0.2465        	7.985865e+01
0.247         	7.985930e+01
0.2475        	7.985604e+01
0.248         	7.985275e+01
0.2485        	7.985420e+01
0.249         	7.985505e+01
0.2495        	7.985880e+01
0.25          	7.985993e+01
0.2505        	7.985536e+01
0.251         	7.986076e+01
0.2515        	7.985528e+01
0.252         	7.986129e+01
0.2525        	7.985771e+01
0.253         	7.985957e+01
0.2535        	7.985567e+01
0.254         	7.985976e+01
0.2545        	7.985693e+01
0.255         	7.985819e+01
0.2555        	7.986009e+01
0.256         	7.986212e+01
0.2565        	7.985823e+01
0.257         	7.986177e+01
0.2575        	7.985918e+01
0.258         	7.985861e+01
0.2585        	7.985600e+01
0.259         	7.986018e+01
0.2595        	7.986212e+01
0.26          	7.986409e+01
0.2605        	7.986645e+01
0.261         	7.986601e+01
0.2615        	7.986302e+01
0.262         	7.986148e+01
0.2625        	7.986136e+01
0.263         	7.986154e+01
0.2635        	7.986148e+01
0.264         	7.986097e+01
0.2645        	7.986429e+01
0.265         	7.986425e+01
0.2655        	7.986420e+01
0.266         	7.986274e+01
0.2665        	7.986451e+01
0.267         	7.986559e+01
0.2675        	7.987225e+01
0.268         	7.987081e+01
0.2685        	7.986901e+01
0.269         	7.987105e+01
0.2695        	7.986763e+01
0.27          	7.986683e+01
0.2705        	7.987106e+01
0.271         	7.986828e+01
0.2715        	7.986538e+01
0.272         	7.986211e+01
0.2725        	7.985882e+01
0.273         	7.986549e+01
0.2735        	7.986203e+01
0.274         	7.986892e+01
0.2745        	7.986355e+01
0.275         	7.987061e+01
0.2755        	7.986661e+01
0.276         	7.986784e+01
0.2765        	7.986895e+01
0.277         	7.987111e+01
0.2775        	7.987150e+01
0.278         	7.987397e+01
0.2785        	7.987676e+01
0.279         	7.987381e+01
0.2795        	7.987453e+01
0.28          	7.987422e+01
0.2805        	7.987508e+01
0.281         	7.987280e+01
0.2815        	7.987506e+01
0.282         	7.987289e+01
0.2825        	7.987403e+01
0.283         	7.987490e+01
0.2835        	7.987275e+01
0.284         	7.987297e+01
0.2845        	7.987268e+01
0.285         	7.986773e+01
0.2855        	7.986907e+01
0.286         	7.987054e+01
0.2865        	7.987340e+01
0.287         	7.987151e+01
0.2875        	7.986907e+01
0.288         	7.987282e+01
0.2885        	7.987521e+01
0.289         	7.988025e+01
0.2895        	7.988380e+01
0.29          	7.988677e+01
0.2905        	7.988921e+01
0.291         	7.989115e+01
0.2915        	7.989210e+01
0.292         	7.989132e+01
0.2925        	7.988730e+01
0.293         	7.988612e+01
0.2935        	7.988670e+01
0.294         	7.988213e+01
0.2945        	7.987780e+01
0.295         	7.987395e+01
0.2955        	7.987146e+01
0.296         	7.986666e+01
0.2965        	7.986635e+01
0.297         	7.986583e+01
0.2975        	7.987115e+01
0.298         	7.987202e+01
0.2985        	7.987276e+01
0.299         	7.987564e+01
0.2995        	7.987451e+01
0.3           	7.987933e+01
0.3005        	7.987940e+01
0.301         	7.988003e+01
0.3015        	7.988830e+01
0.302         	7.989412e+01
0.3025        	7.989093e+01
0.303         	7.989928e+01
0.3035        	7.990350e+01
0.304         	7.990264e+01
0.3045        	7.990131e+01
0.305         	7.990108e+01
0.3055        	7.989552e+01
0.306         	7.989398e+01
0.3065        	7.988722e+01
0.307         	7.988667e+01
0.3075        	7.988095e+01
0.308         	7.987781e+01
0.3085        	7.987586e+01
0.309         	7.986893e+01
0.3095        	7.987095e+01
0.31          	7.986672e+01
0.3105        	7.987326e+01
0.311         	7.987913e+01
0.3115        	7.988813e+01
0.312         	7.989070e+01
0.3125        	7.989308e+01
0.313         	7.989833e+01
0.3135        	7.990382e+01
0.314         	7.990928e+01
0.3145        	7.991549e+01
0.315         	7.992230e+01
0.3155        	7.992048e+01
0.316         	7.992021e+01
0.3165        	7.991972e+01
0.317         	7.991881e+01
0.3175        	7.991132e+01
0.318         	7.990175e+01
0.3185        	7.989457e+01
0.319         	7.988704e+01
0.3195        	7.987584e+01
0.32          	7.987099e+01
0.3205        	7.986848e+01
0.321         	7.986794e+01
0.3215        	7.987220e+01
0.322         	7.986908e+01
0.3225        	7.988203e+01
0.323         	7.988537e+01
0.3235        	7.989190e+01
0.324         	7.990223e+01
0.3245        	7.991065e+01
0.325         	7.992317e+01
0.3255        	7.992844e+01
0.326         	7.993883e+01
0.3265        	7.994196e+01
0.327         	7.994763e+01
0.3275        	7.994796e+01
0.328         	7.994843e+01
0.3285        	7.994385e+01
0.329         	7.993771e+01
0.3295        	7.993234e+01
0.33          	7.991880e+01
0.3305        	7.990555e+01
0.331         	7.989061e+01
0.3315        	7.988331e+01
0.332         	7.987916e+01
0.3325        	7.987655e+01
0.333         	7.987219e+01
0.3335        	7.987868e+01
0.334         	7.988403e+01
0.3345        	7.989431e+01
0.335         	7.990481e+01
0.3355        	7.991852e+01
0.336         	7.993437e+01
0.3365        	7.994614e+01
0.337         	7.995556e+01
0.3375        	7.996363e+01
0.338         	7.996721e+01
0.3385        	7.997365e+01
0.339         	7.997510e+01
0.3395        	7.997168e+01
0.34          	7.995978e+01
0.3405        	7.995651e+01
0.341         	7.994153e+01
0.3415        	7.992279e+01
0.342         	7.991467e+01
0.3425        	7.989628e+01
0.343         	7.988244e+01
0.3435        	7.986822e+01
0.344         	7.985839e+01
0.3445        	7.985134e+01
0.345         	7.985240e+01
0.3455        	7.986767e+01
0.346         	7.987641e+01
0.3465        	7.989208e+01
0.347         	7.991083e+01
0.3475        	7.993084e+01
0.348         	7.995090e+01
0.3485        	7.996556e+01
0.349         	7.998912e+01
0.3495        	7.999950e+01
0.35          	8.000466e+01
0.3505        	8.001131e+01
0.351         	8.000602e+01
0.3515        	7.999451e+01
0.352         	7.998366e+01
0.3525        	7.997048e+01
0.353         	7.995550e+01
0.3535        	7.993200e+01
0.354         	7.990945e+01
0.3545        	7.988798e+01
0.355         	7.986963e+01
0.3555        	7.985053e+01
0.356         	7.983503e+01
0.3565        	7.983154e+01
0.357         	7.984403e+01
0.3575        	7.986293e+01
0.358         	7.988051e+01
0.3585        	7.990523e+01
0.359         	7.993087e+01
0.3595        	7.995646e+01
0.36          	7.998620e+01
0.3605        	8.001449e+01
0.361         	8.003654e+01
0.3615        	8.005181e+01
0.362         	8.006185e+01
0.3625        	8.005470e+01
0.363         	8.004541e+01
0.3635        	8.002140e+01
0.364         	8.000263e+01
0.3645        	7.997470e+01
0.365         	7.994377e+01
0.3655        	7.991294e+01
0.366         	7.988234e+01
0.3665        	7.985495e+01
0.367         	7.983528e+01
0.3675        	7.980758e+01
0.368         	7.979601e+01
0.3685        	7.979988e+01
0.369         	7.981585e+01
0.3695        	7.984801e+01
0.37          	7.987847e+01
0.3705        	7.990911e+01
0.371         	7.994886e+01
0.3715        	7.998874e+01
0.372         	8.002368e+01
0.3725        	8.005763e+01
0.373         	8.008250e+01
0.3735        	8.009824e+01
0.374         	8.009782e+01
0.3745        	8.008845e+01
0.375         	8.006919e+01
0.3755        	8.004053e+01
0.376         	8.000122e+01
0.3765        	7.996124e+01
0.377         	7.991489e+01
0.3775        	7.987302e+01
0.378         	7.983282e+01
0.3785        	7.980258e+01
0.379         	7.977123e+01
0.3795        	7.974530e+01
0.38          	7.973777e+01
0.3805        	7.975525e+01
0.381         	7.978981e+01
0.3815        	7.982624e+01
0.382         	7.986476e+01
0.3825        	7.991772e+01
0.383         	7.996827e+01
0.3835        	8.002253e+01
0.384         	8.006368e+01
0.3845        	8.010270e+01
0.385         	8.012185e+01
0.3855        	8.013202e+01
0.386         	8.012166e+01
0.3865        	8.009504e+01
0.387         	8.005604e+01
0.3875        	8.001585e+01
0.388         	7.995843e+01
0.3885        	7.989976e+01
0.389         	7.983959e+01
0.3895        	7.977968e+01
0.39          	7.972873e+01
0.3905        	7.969035e+01
0.391         	7.965776e+01
0.3915        	7.964218e+01
0.392         	7.964829e+01
0.3925        	7.968533e+01
0.393         	7.972691e+01
0.3935        	7.978055e+01
0.394         	7.983913e+01
0.3945        	7.990404e+01
0.395         	7.997050e+01
0.3955        	8.003330e+01
0.396         	8.008465e+01
0.3965        	8.012066e+01
0.397         	8.014055e+01
0.3975        	8.013274e+01
0.398         	8.010546e+01
0.3985        	8.006569e+01
0.399         	8.001318e+01
0.3995        	7.994167e+01
0.4           	7.987422e+01
0.4005        	7.979884e+01
0.401         	7.972117e+01
0.4015        	7.964783e+01
0.402         	7.959268e+01
0.4025        	7.955495e+01
0.403         	7.952479e+01
0.4035        	7.951541e+01
0.404         	7.954370e+01
0.4045        	7.959436e+01
0.405         	7.964653e+01
0.4055        	7.971719e+01
0.406         	7.978901e+01
0.4065        	7.986607e+01
0.407         	7.994120e+01
0.4075        	8.000608e+01
0.408         	8.005225e+01
0.4085        	8.008161e+01
0.409         	8.008235e+01
0.4095        	8.006442e+01
0.41          	8.001819e+01
0.4105        	7.996433e+01
0.411         	7.988509e+01
0.4115        	7.979981e+01
0.412         	7.970811e+01
0.4125        	7.961527e+01
0.413         	7.952680e+01
0.4135        	7.945093e+01
0.414         	7.939406e+01
0.4145        	7.935605e+01
0.415         	7.933486e+01
0.4155        	7.934810e+01
0.416         	7.939699e+01
0.4165        	7.945201e+01
0.417         	7.952965e+01
0.4175        	7.960976e+01
0.418         	7.970190e+01
0.4185        	7.979069e+01
0.419         	7.986756e+01
0.4195        	7.993867e+01
0.42          	7.997735e+01
0.4205        	7.999142e+01
0.421         	7.998289e+01
0.4215        	7.994506e+01
0.422         	7.988660e+01
0.4225        	7.980679e+01
0.423         	7.971248e+01
0.4235        	7.961140e+01
0.424         	7.950421e+01
0.4245        	7.939410e+01
0.425         	7.930723e+01
0.4255        	7.923186e+01
0.426         	7.917886e+01
0.4265        	7.914878e+01
0.427         	7.914244e+01
0.4275        	7.919125e+01
0.428         	7.924427e+01
0.4285        	7.931686e+01
0.429         	7.940864e+01
0.4295        	7.950061e+01
0.43          	7.960582e+01
0.4305        	7.970612e+01
0.431         	7.978347e+01
0.4315        	7.984269e+01
0.432         	7.987740e+01
0.4325        	7.987224e+01
0.433         	7.984781e+01
0.4335        	7.979133e+01
0.434         	7.971619e+01
0.4345        	7.961987e+01
0.435         	7.951406e+01
0.4355        	7.939880e+01
0.436         	7.928262e+01
0.4365        	7.917144e+01
0.437         	7.908502e+01
0.4375        	7.901936e+01
0.438         	7.897300e+01
0.4385        	7.895372e+01
0.439         	7.897890e+01
0.4395        	7.903507e+01
0.44          	7.910456e+01
0.4405        	7.919593e+01
0.441         	7.929318e+01
0.4415        	7.940747e+01
0.442         	7.951943e+01
0.4425        	7.961921e+01
0.443         	7.969618e+01
0.4435        	7.975321e+01
0.444         	7.977417e+01
0.4445        	7.976398e+01
0.445         	7.972252e+01
0.4455        	7.966003e+01
0.446         	7.956551e+01
0.4465        	7.946522e+01
0.447         	7.934279e+01
0.4475        	7.922426e+01
0.448         	7.910043e+01
0.4485        	7.899318e+01
0.449         	7.890664e+01
0.4495        	7.884645e+01
0.45          	7.880631e+01
0.4505        	7.880430e+01
0.451         	7.885249e+01
0.4515        	7.891991e+01
0.452         	7.900408e+01
0.4525        	7.910483e+01
0.453         	7.922011e+01
0.4535        	7.933980e+01
0.454         	7.945467e+01
0.4545        	7.955356e+01
0.455         	7.963322e+01
0.4555        	7.967923e+01
0.456         	7.969167e+01
0.4565        	7.967319e+01
0.457         	7.962525e+01
0.4575        	7.954645e+01
0.458         	7.945290e+01
0.4585        	7.933669e+01
0.459         	7.921506e+01
0.4595        	7.908397e+01
0.46          	7.896698e+01
0.4605        	7.886196e+01
0.461         	7.878301e+01
0.4615        	7.872960e+01
0.462         	7.870292e+01
0.4625        	7.871522e+01
0.463         	7.877522e+01
0.4635        	7.884992e+01
0.464         	7.894767e+01
0.4645        	7.905493e+01
0.465         	7.918465e+01
0.4655        	7.930749e+01
0.466         	7.942975e+01
0.4665        	7.953065e+01
0.467         	7.960877e+01
0.4675        	7.965140e+01
0.468         	7.966036e+01
0.4685        	7.963451e+01
0.469         	7.957958e+01
0.4695        	7.949746e+01
0.47          	7.939449e+01
0.4705        	7.927575e+01
0.471         	7.914546e+01
0.4715        	7.901477e+01
0.472         	7.889211e+01
0.4725        	7.878978e+01
0.473         	7.871438e+01
0.4735        	7.866448e+01
0.474         	7.864244e+01
0.4745        	7.866886e+01
0.475         	7.873028e+01
0.4755        	7.881399e+01
0.476         	7.891488e+01
0.4765        	7.903440e+01
0.477         	7.916592e+01
0.4775        	7.929790e+01
0.478         	7.942458e+01
0.4785        	7.952833e+01
0.479         	7.960433e+01
0.4795        	7.964621e+01
0.48          	7.965371e+01
0.4805        	7.962589e+01
0.481         	7.956696e+01
0.4815        	7.948101e+01
0.482         	7.937373e+01
0.4825        	7.925192e+01
0.483         	7.911797e+01
0.4835        	7.898347e+01
0.484         	7.885787e+01
0.4845        	7.875159e+01
0.485         	7.867425e+01
0.4855        	7.862504e+01
0.486         	7.860133e+01
0.4865        	7.863089e+01
0.487         	7.869425e+01
0.4875        	7.878076e+01
0.488         	7.888613e+01
0.4885        	7.900921e+01
0.489         	7.914480e+01
0.4895        	7.928330e+01
0.49          	7.941289e+01
0.4905        	7.952164e+01
0.491         	7.960217e+01
0.4915        	7.965141e+01
0.492         	7.965956e+01
0.4925        	7.963559e+01
0.493         	7.958007e+01
0.4935        	7.949306e+01
0.494         	7.938565e+01
0.4945        	7.926068e+01
0.495         	7.912491e+01
0.4955        	7.898696e+01
0.496         	7.885543e+01
0.4965        	7.874580e+01
0.497         	7.866541e+01
0.4975        	7.860988e+01
0.498         	7.858420e+01
0.4985        	7.860528e+01
0.499         	7.866489e+01
0.4995        	7.875239e+01
0.5           	7.885574e+01
