# Region type : patch inlet
# Faces  :    120
# Area   :    4.800000e-04
# Time        	average(p)
0             	0.000000e+00
1             	1.244206e+03
2             	2.003324e+03
3             	2.026118e+03
4             	1.498292e+03
5             	6.689672e+02
6             	-1.031127e+02
7             	-5.965047e+02
8             	-7.483841e+02
9             	-6.574095e+02
10            	-3.758019e+02
11            	-4.368335e+01
12            	2.280299e+02
13            	3.676383e+02
14            	3.736596e+02
15            	2.926043e+02
16            	1.570958e+02
17            	2.052539e+01
18            	-7.735904e+01
19            	-1.174376e+02
20            	-1.151670e+02
21            	-7.473677e+01
22            	-1.154785e+01
23            	5.057983e+01
24            	9.403542e+01
25            	1.133008e+02
26            	1.145090e+02
27            	1.005011e+02
28            	7.659839e+01
29            	5.230778e+01
30            	3.226388e+01
31            	2.113119e+01
32            	1.770683e+01
33            	1.789958e+01
34            	2.417564e+01
35            	3.330002e+01
36            	4.267032e+01
37            	5.030717e+01
38            	5.451939e+01
39            	5.649075e+01
40            	5.724279e+01
41            	5.719922e+01
42            	5.541419e+01
43            	5.232700e+01
44            	4.882412e+01
45            	4.609555e+01
46            	4.433810e+01
47            	4.344405e+01
48            	4.305698e+01
49            	4.292304e+01
50            	4.353301e+01
51            	4.466112e+01
52            	4.593479e+01
53            	4.715347e+01
54            	4.815844e+01
55            	4.892813e+01
56            	4.932247e+01
57            	4.946883e+01
58            	4.936243e+01
59            	4.900616e+01
60            	4.852035e+01
61            	4.793241e+01
62            	4.746539e+01
63            	4.711295e+01
64            	4.687880e+01
65            	4.675559e+01
66            	4.674465e+01
67            	4.683758e+01
68            	4.699914e+01
69            	4.721559e+01
70            	4.740321e+01
71            	4.752782e+01
72            	4.758662e+01
73            	4.759037e+01
74            	4.754895e+01
75            	4.747207e+01
76            	4.737188e+01
77            	4.723985e+01
78            	4.711663e+01
79            	4.701641e+01
80            	4.694461e+01
81            	4.691158e+01
82            	4.689107e+01
83            	4.688636e+01
84            	4.688800e+01
85            	4.688654e+01
86            	4.687382e+01
87            	4.684703e+01
88            	4.680639e+01
89            	4.675450e+01
90            	4.669523e+01
91            	4.663517e+01
92            	4.657752e+01
93            	4.652495e+01
94            	4.647784e+01
95            	4.643500e+01
96            	4.639435e+01
97            	4.635445e+01
98            	4.631346e+01
99            	4.627098e+01
100           	4.622685e+01
101           	4.618061e+01
102           	4.613140e+01
103           	4.608003e+01
104           	4.599879e+01
105           	4.597841e+01
106           	4.592562e+01
107           	4.587246e+01
108           	4.582020e+01
109           	4.577036e+01
110           	4.572285e+01
111           	4.567711e+01
112           	4.563219e+01
113           	4.559248e+01
114           	4.555926e+01
115           	4.553322e+01
116           	4.551278e+01
117           	4.549417e+01
118           	4.545344e+01
119           	4.541043e+01
120           	4.536209e+01
121           	4.530634e+01
122           	4.524274e+01
123           	4.517415e+01
124           	4.510556e+01
125           	4.504227e+01
126           	4.498804e+01
127           	4.494523e+01
128           	4.491333e+01
129           	4.490604e+01
130           	4.489364e+01
131           	4.487213e+01
132           	4.484047e+01
133           	4.480076e+01
134           	4.475627e+01
135           	4.471031e+01
136           	4.466518e+01
137           	4.462646e+01
138           	4.459661e+01
139           	4.453856e+01
140           	4.454042e+01
141           	4.454061e+01
142           	4.450574e+01
143           	4.447693e+01
144           	4.446127e+01
145           	4.448185e+01
146           	4.446083e+01
147           	4.444915e+01
148           	4.444227e+01
149           	4.443446e+01
150           	4.442288e+01
151           	4.440777e+01
152           	4.439053e+01
153           	4.437319e+01
154           	4.435768e+01
155           	4.434525e+01
156           	4.433678e+01
157           	4.433248e+01
158           	4.433178e+01
159           	4.433414e+01
160           	4.433111e+01
161           	4.434047e+01
162           	4.434430e+01
163           	4.435145e+01
164           	4.436122e+01
165           	4.437296e+01
166           	4.438595e+01
167           	4.439972e+01
168           	4.441424e+01
169           	4.442958e+01
170           	4.444603e+01
171           	4.446378e+01
172           	4.448302e+01
173           	4.450336e+01
174           	4.452567e+01
175           	4.454996e+01
176           	4.457609e+01
177           	4.460387e+01
178           	4.463309e+01
179           	4.466344e+01
180           	4.469403e+01
181           	4.472556e+01
182           	4.475803e+01
183           	4.479150e+01
184           	4.482597e+01
185           	4.486138e+01
186           	4.489764e+01
187           	4.493466e+01
188           	4.497223e+01
189           	4.501028e+01
190           	4.504880e+01
191           	4.508771e+01
192           	4.512705e+01
193           	4.516686e+01
194           	4.520709e+01
195           	4.524776e+01
196           	4.528890e+01
197           	4.533043e+01
198           	4.537232e+01
199           	4.541447e+01
200           	4.545676e+01
201           	4.549907e+01
202           	4.554126e+01
203           	4.558321e+01
204           	4.562455e+01
205           	4.566528e+01
206           	4.570541e+01
207           	4.574503e+01
208           	4.578420e+01
209           	4.582303e+01
210           	4.586161e+01
211           	4.589993e+01
212           	4.593786e+01
213           	4.597537e+01
214           	4.601242e+01
215           	4.604885e+01
216           	4.608457e+01
217           	4.611954e+01
218           	4.615409e+01
219           	4.618749e+01
220           	4.621970e+01
221           	4.625080e+01
222           	4.628099e+01
223           	4.631035e+01
224           	4.633901e+01
225           	4.636712e+01
226           	4.639540e+01
227           	4.642322e+01
228           	4.645038e+01
229           	4.647679e+01
230           	4.650236e+01
231           	4.652706e+01
232           	4.655089e+01
233           	4.657393e+01
234           	4.659635e+01
235           	4.661825e+01
236           	4.663961e+01
237           	4.666050e+01
238           	4.668092e+01
239           	4.670080e+01
240           	4.672010e+01
241           	4.673880e+01
242           	4.675688e+01
243           	4.677422e+01
244           	4.679126e+01
245           	4.680786e+01
246           	4.682404e+01
247           	4.683925e+01
248           	4.685401e+01
249           	4.686843e+01
250           	4.688258e+01
251           	4.689644e+01
252           	4.691007e+01
253           	4.692338e+01
254           	4.693634e+01
255           	4.694891e+01
256           	4.696104e+01
257           	4.697267e+01
258           	4.698381e+01
259           	4.699447e+01
260           	4.700463e+01
261           	4.701436e+01
262           	4.702369e+01
263           	4.703261e+01
264           	4.704119e+01
265           	4.704941e+01
266           	4.705725e+01
267           	4.706475e+01
268           	4.707190e+01
269           	4.707869e+01
270           	4.708515e+01
271           	4.709127e+01
272           	4.709705e+01
273           	4.710251e+01
274           	4.710766e+01
275           	4.711247e+01
276           	4.711697e+01
277           	4.712116e+01
278           	4.712503e+01
279           	4.712859e+01
280           	4.713183e+01
281           	4.713472e+01
282           	4.713724e+01
283           	4.713935e+01
284           	4.714107e+01
285           	4.714240e+01
286           	4.714334e+01
287           	4.714394e+01
288           	4.714403e+01
289           	4.714397e+01
290           	4.714375e+01
291           	4.714340e+01
292           	4.714289e+01
293           	4.714221e+01
294           	4.714130e+01
295           	4.714015e+01
296           	4.713872e+01
297           	4.713673e+01
298           	4.713435e+01
299           	4.713159e+01
300           	4.712852e+01
301           	4.712513e+01
302           	4.712143e+01
303           	4.711747e+01
304           	4.711324e+01
305           	4.710876e+01
306           	4.710405e+01
307           	4.709913e+01
308           	4.709404e+01
309           	4.708885e+01
310           	4.708353e+01
311           	4.707815e+01
312           	4.707278e+01
313           	4.706754e+01
314           	4.706278e+01
315           	4.706270e+01
316           	4.705126e+01
317           	4.703677e+01
318           	4.702301e+01
319           	4.701201e+01
320           	4.700453e+01
321           	4.699403e+01
322           	4.698913e+01
323           	4.698561e+01
324           	4.698295e+01
325           	4.697494e+01
326           	4.696569e+01
327           	4.695572e+01
328           	4.694584e+01
329           	4.693640e+01
330           	4.692011e+01
331           	4.690727e+01
332           	4.689409e+01
333           	4.688180e+01
334           	4.687076e+01
335           	4.686090e+01
336           	4.685183e+01
337           	4.684297e+01
338           	4.683378e+01
339           	4.682382e+01
340           	4.681285e+01
341           	4.680082e+01
342           	4.678791e+01
343           	4.677440e+01
344           	4.676047e+01
345           	4.674666e+01
346           	4.673314e+01
347           	4.671997e+01
348           	4.670711e+01
349           	4.669441e+01
350           	4.668169e+01
351           	4.666880e+01
352           	4.665560e+01
353           	4.664207e+01
354           	4.662819e+01
355           	4.661398e+01
356           	4.661012e+01
357           	4.659069e+01
358           	4.657116e+01
359           	4.656303e+01
360           	4.654132e+01
361           	4.653181e+01
362           	4.651979e+01
363           	4.650525e+01
364           	4.648882e+01
365           	4.647142e+01
366           	4.645394e+01
367           	4.643700e+01
368           	4.642089e+01
369           	4.640564e+01
370           	4.639101e+01
371           	4.637670e+01
372           	4.636239e+01
373           	4.634785e+01
374           	4.633295e+01
375           	4.631769e+01
376           	4.630212e+01
377           	4.628636e+01
378           	4.627052e+01
379           	4.625469e+01
380           	4.623896e+01
381           	4.622336e+01
382           	4.620788e+01
383           	4.619248e+01
384           	4.617711e+01
385           	4.616176e+01
386           	4.614644e+01
387           	4.613113e+01
388           	4.611582e+01
389           	4.610052e+01
390           	4.608520e+01
391           	4.606989e+01
392           	4.605459e+01
393           	4.603933e+01
394           	4.602412e+01
395           	4.600898e+01
396           	4.599389e+01
397           	4.597887e+01
398           	4.596392e+01
399           	4.594906e+01
400           	4.593427e+01
401           	4.591957e+01
402           	4.590495e+01
403           	4.589041e+01
404           	4.587596e+01
405           	4.586159e+01
406           	4.584732e+01
407           	4.583314e+01
408           	4.581905e+01
409           	4.580505e+01
410           	4.579114e+01
411           	4.577732e+01
412           	4.576360e+01
413           	4.575000e+01
414           	4.573650e+01
415           	4.572312e+01
416           	4.570985e+01
417           	4.569670e+01
418           	4.568369e+01
419           	4.567083e+01
420           	4.565811e+01
421           	4.564556e+01
422           	4.563315e+01
423           	4.562089e+01
424           	4.561679e+01
425           	4.560057e+01
426           	4.558474e+01
427           	4.557819e+01
428           	4.556907e+01
429           	4.555751e+01
430           	4.554432e+01
431           	4.553054e+01
432           	4.551710e+01
433           	4.550460e+01
434           	4.549325e+01
435           	4.548296e+01
436           	4.547343e+01
437           	4.546431e+01
438           	4.545529e+01
439           	4.544620e+01
440           	4.543700e+01
441           	4.542772e+01
442           	4.541846e+01
443           	4.540931e+01
444           	4.540036e+01
445           	4.539168e+01
446           	4.538328e+01
447           	4.537518e+01
448           	4.536736e+01
449           	4.535977e+01
450           	4.535242e+01
451           	4.534527e+01
452           	4.533831e+01
453           	4.533154e+01
454           	4.532499e+01
455           	4.531865e+01
456           	4.531256e+01
457           	4.530674e+01
458           	4.530119e+01
459           	4.529589e+01
460           	4.529084e+01
461           	4.528602e+01
462           	4.528143e+01
463           	4.527707e+01
464           	4.527295e+01
465           	4.526910e+01
466           	4.526553e+01
467           	4.526225e+01
468           	4.525927e+01
469           	4.525657e+01
470           	4.525414e+01
471           	4.525196e+01
472           	4.525005e+01
473           	4.524843e+01
474           	4.524709e+01
475           	4.524608e+01
476           	4.524538e+01
477           	4.524501e+01
478           	4.524494e+01
479           	4.524520e+01
480           	4.524576e+01
481           	4.524665e+01
482           	4.524786e+01
483           	4.524940e+01
484           	4.525128e+01
485           	4.525350e+01
486           	4.525603e+01
487           	4.525890e+01
488           	4.526210e+01
489           	4.526566e+01
490           	4.526956e+01
491           	4.527381e+01
492           	4.527840e+01
493           	4.528333e+01
494           	4.528859e+01
495           	4.529418e+01
496           	4.530011e+01
497           	4.530639e+01
498           	4.531303e+01
499           	4.532006e+01
500           	4.532748e+01
501           	4.533531e+01
502           	4.534356e+01
503           	4.535224e+01
504           	4.536134e+01
505           	4.537088e+01
506           	4.538084e+01
507           	4.539123e+01
508           	4.540205e+01
509           	4.541327e+01
510           	4.542491e+01
511           	4.543697e+01
512           	4.544947e+01
513           	4.546240e+01
514           	4.547578e+01
515           	4.548963e+01
516           	4.550395e+01
517           	4.551874e+01
518           	4.553400e+01
519           	4.554973e+01
520           	4.556591e+01
521           	4.558256e+01
522           	4.559968e+01
523           	4.561728e+01
524           	4.563538e+01
525           	4.565398e+01
526           	4.567310e+01
527           	4.569272e+01
528           	4.571287e+01
529           	4.573325e+01
530           	4.575404e+01
531           	4.577541e+01
532           	4.579716e+01
533           	4.581948e+01
534           	4.584249e+01
535           	4.586595e+01
536           	4.588998e+01
537           	4.591440e+01
538           	4.593937e+01
539           	4.596473e+01
540           	4.599067e+01
541           	4.601706e+01
542           	4.604409e+01
543           	4.607160e+01
544           	4.609975e+01
545           	4.612839e+01
546           	4.615767e+01
547           	4.618745e+01
548           	4.621786e+01
549           	4.624879e+01
550           	4.628019e+01
551           	4.631223e+01
552           	4.634483e+01
553           	4.637799e+01
554           	4.641171e+01
555           	4.644599e+01
556           	4.648084e+01
557           	4.651626e+01
558           	4.655226e+01
559           	4.658884e+01
560           	4.662601e+01
561           	4.666378e+01
562           	4.670216e+01
563           	4.674117e+01
564           	4.678079e+01
565           	4.682105e+01
566           	4.686195e+01
567           	4.690352e+01
568           	4.694578e+01
569           	4.698874e+01
570           	4.703240e+01
571           	4.707677e+01
572           	4.712183e+01
573           	4.716758e+01
574           	4.721404e+01
575           	4.726121e+01
576           	4.730912e+01
577           	4.735778e+01
578           	4.740720e+01
579           	4.745740e+01
580           	4.750837e+01
581           	4.756012e+01
582           	4.761265e+01
583           	4.766597e+01
584           	4.772008e+01
585           	4.777498e+01
586           	4.783067e+01
587           	4.788718e+01
588           	4.794449e+01
589           	4.800264e+01
590           	4.806161e+01
591           	4.812143e+01
592           	4.818209e+01
593           	4.824360e+01
594           	4.830598e+01
595           	4.836922e+01
596           	4.843332e+01
597           	4.849828e+01
598           	4.856412e+01
599           	4.863085e+01
600           	4.869845e+01
601           	4.876693e+01
602           	4.883661e+01
603           	4.890704e+01
604           	4.897542e+01
605           	4.904624e+01
606           	4.911936e+01
607           	4.919432e+01
608           	4.927053e+01
609           	4.934751e+01
610           	4.942498e+01
611           	4.950285e+01
612           	4.958119e+01
613           	4.966020e+01
614           	4.974009e+01
615           	4.982105e+01
616           	4.990320e+01
617           	4.998654e+01
618           	5.007102e+01
619           	5.015648e+01
620           	5.024256e+01
621           	5.032938e+01
622           	5.041797e+01
623           	5.050765e+01
624           	5.059794e+01
625           	5.068884e+01
626           	5.078077e+01
627           	5.087497e+01
628           	5.096961e+01
629           	5.106206e+01
630           	5.115488e+01
631           	5.124981e+01
632           	5.134693e+01
633           	5.144587e+01
634           	5.154622e+01
635           	5.164769e+01
636           	5.175002e+01
637           	5.185295e+01
638           	5.195632e+01
639           	5.206018e+01
640           	5.216471e+01
641           	5.227010e+01
642           	5.237652e+01
643           	5.248405e+01
644           	5.259269e+01
645           	5.270457e+01
646           	5.281622e+01
647           	5.292767e+01
648           	5.303926e+01
649           	5.315144e+01
650           	5.326460e+01
651           	5.337897e+01
652           	5.349461e+01
653           	5.361146e+01
654           	5.372937e+01
655           	5.384818e+01
656           	5.396779e+01
657           	5.408812e+01
658           	5.420918e+01
659           	5.433098e+01
660           	5.445356e+01
661           	5.457695e+01
662           	5.470117e+01
663           	5.482621e+01
664           	5.495209e+01
665           	5.507876e+01
666           	5.520623e+01
667           	5.533447e+01
668           	5.546347e+01
669           	5.559321e+01
670           	5.572369e+01
671           	5.585490e+01
672           	5.598683e+01
673           	5.611947e+01
674           	5.625281e+01
675           	5.638684e+01
676           	5.652155e+01
677           	5.665692e+01
678           	5.679296e+01
679           	5.692964e+01
680           	5.706697e+01
681           	5.720493e+01
682           	5.734350e+01
683           	5.748268e+01
684           	5.762244e+01
685           	5.776278e+01
686           	5.790368e+01
687           	5.804511e+01
688           	5.818709e+01
689           	5.832960e+01
690           	5.847263e+01
691           	5.861619e+01
692           	5.876025e+01
693           	5.890480e+01
694           	5.904982e+01
695           	5.919530e+01
696           	5.934123e+01
697           	5.948759e+01
698           	5.963436e+01
699           	5.978153e+01
700           	5.992909e+01
701           	6.007702e+01
702           	6.022530e+01
703           	6.037394e+01
704           	6.052292e+01
705           	6.067223e+01
706           	6.082185e+01
707           	6.097177e+01
708           	6.112198e+01
709           	6.127246e+01
710           	6.142319e+01
711           	6.157416e+01
712           	6.172536e+01
713           	6.187678e+01
714           	6.202840e+01
715           	6.218021e+01
716           	6.233219e+01
717           	6.248434e+01
718           	6.263663e+01
719           	6.278906e+01
720           	6.294161e+01
721           	6.309428e+01
722           	6.324706e+01
723           	6.339992e+01
724           	6.355286e+01
725           	6.370585e+01
726           	6.385888e+01
727           	6.401194e+01
728           	6.416501e+01
729           	6.431807e+01
730           	6.447112e+01
731           	6.462415e+01
732           	6.477715e+01
733           	6.493010e+01
734           	6.508301e+01
735           	6.523584e+01
736           	6.538859e+01
737           	6.554124e+01
738           	6.569379e+01
739           	6.584621e+01
740           	6.599849e+01
741           	6.615062e+01
742           	6.630260e+01
743           	6.645442e+01
744           	6.660607e+01
745           	6.675754e+01
746           	6.690882e+01
747           	6.705990e+01
748           	6.721077e+01
749           	6.736142e+01
750           	6.751182e+01
751           	6.766197e+01
752           	6.781184e+01
753           	6.796144e+01
754           	6.811075e+01
755           	6.825975e+01
756           	6.840845e+01
757           	6.855684e+01
758           	6.870492e+01
759           	6.885268e+01
760           	6.900011e+01
761           	6.914720e+01
762           	6.929394e+01
763           	6.944030e+01
764           	6.958629e+01
765           	6.973188e+01
766           	6.987708e+01
767           	7.002188e+01
768           	7.016628e+01
769           	7.031026e+01
770           	7.045382e+01
771           	7.059694e+01
772           	7.073963e+01
773           	7.088186e+01
774           	7.102364e+01
775           	7.116495e+01
776           	7.130577e+01
777           	7.144611e+01
778           	7.158597e+01
779           	7.172533e+01
780           	7.186420e+01
781           	7.200257e+01
782           	7.214042e+01
783           	7.227775e+01
784           	7.241456e+01
785           	7.255083e+01
786           	7.268656e+01
787           	7.282175e+01
788           	7.295641e+01
789           	7.309052e+01
790           	7.322407e+01
791           	7.335705e+01
792           	7.348945e+01
793           	7.362128e+01
794           	7.375252e+01
795           	7.388318e+01
796           	7.401324e+01
797           	7.414271e+01
798           	7.427158e+01
799           	7.439985e+01
800           	7.452751e+01
801           	7.465455e+01
802           	7.478098e+01
803           	7.490679e+01
804           	7.503197e+01
805           	7.515652e+01
806           	7.528043e+01
807           	7.540372e+01
808           	7.552637e+01
809           	7.564838e+01
810           	7.576976e+01
811           	7.589051e+01
812           	7.601060e+01
813           	7.613004e+01
814           	7.624882e+01
815           	7.636694e+01
816           	7.648440e+01
817           	7.660120e+01
818           	7.671733e+01
819           	7.683282e+01
820           	7.694764e+01
821           	7.706155e+01
822           	7.717473e+01
823           	7.728730e+01
824           	7.739909e+01
825           	7.751028e+01
826           	7.762072e+01
827           	7.773060e+01
828           	7.784000e+01
829           	7.794867e+01
830           	7.805651e+01
831           	7.816372e+01
832           	7.827018e+01
833           	7.837586e+01
834           	7.848100e+01
835           	7.858569e+01
836           	7.868972e+01
837           	7.879295e+01
838           	7.889556e+01
839           	7.899741e+01
840           	7.909866e+01
841           	7.919918e+01
842           	7.929891e+01
843           	7.939806e+01
844           	7.949650e+01
845           	7.959421e+01
846           	7.969116e+01
847           	7.978758e+01
848           	7.988336e+01
849           	7.997845e+01
850           	8.007280e+01
851           	8.016643e+01
852           	8.025954e+01
853           	8.035201e+01
854           	8.044378e+01
855           	8.053499e+01
856           	8.062552e+01
857           	8.071529e+01
858           	8.080429e+01
859           	8.089256e+01
860           	8.098012e+01
861           	8.106702e+01
862           	8.115329e+01
863           	8.123893e+01
864           	8.132395e+01
865           	8.140833e+01
866           	8.149207e+01
867           	8.157531e+01
868           	8.165793e+01
869           	8.173986e+01
870           	8.182104e+01
871           	8.190149e+01
872           	8.198123e+01
873           	8.206030e+01
874           	8.213873e+01
875           	8.221654e+01
876           	8.229374e+01
877           	8.237031e+01
878           	8.244624e+01
879           	8.252153e+01
880           	8.259616e+01
881           	8.267036e+01
882           	8.274382e+01
883           	8.281656e+01
884           	8.288861e+01
885           	8.296000e+01
886           	8.303076e+01
887           	8.310087e+01
888           	8.317036e+01
889           	8.323922e+01
890           	8.330745e+01
891           	8.337506e+01
892           	8.344203e+01
893           	8.350837e+01
894           	8.357387e+01
895           	8.363985e+01
896           	8.370467e+01
897           	8.376852e+01
898           	8.383153e+01
899           	8.389380e+01
900           	8.395538e+01
901           	8.401635e+01
902           	8.407670e+01
903           	8.413645e+01
904           	8.419620e+01
905           	8.425545e+01
906           	8.431497e+01
907           	8.437359e+01
908           	8.443114e+01
909           	8.448764e+01
910           	8.454326e+01
911           	8.459820e+01
912           	8.465262e+01
913           	8.470660e+01
914           	8.476016e+01
915           	8.481325e+01
916           	8.486581e+01
917           	8.491780e+01
918           	8.496917e+01
919           	8.501990e+01
920           	8.507002e+01
921           	8.511953e+01
922           	8.516845e+01
923           	8.521680e+01
924           	8.526460e+01
925           	8.531185e+01
926           	8.535855e+01
927           	8.540470e+01
928           	8.545029e+01
929           	8.549532e+01
930           	8.553979e+01
931           	8.558371e+01
932           	8.562706e+01
933           	8.566987e+01
934           	8.571213e+01
935           	8.575384e+01
936           	8.579502e+01
937           	8.583565e+01
938           	8.587574e+01
939           	8.591530e+01
940           	8.595433e+01
941           	8.599282e+01
942           	8.603078e+01
943           	8.606821e+01
944           	8.610512e+01
945           	8.614150e+01
946           	8.617735e+01
947           	8.621269e+01
948           	8.624752e+01
949           	8.628183e+01
950           	8.631563e+01
951           	8.634892e+01
952           	8.638170e+01
953           	8.641397e+01
954           	8.644573e+01
955           	8.647700e+01
956           	8.650776e+01
957           	8.653803e+01
958           	8.656781e+01
959           	8.659709e+01
960           	8.662589e+01
961           	8.665419e+01
962           	8.668201e+01
963           	8.670935e+01
964           	8.673619e+01
965           	8.676256e+01
966           	8.678845e+01
967           	8.681386e+01
968           	8.683879e+01
969           	8.686326e+01
970           	8.688727e+01
971           	8.691081e+01
972           	8.693388e+01
973           	8.695650e+01
974           	8.697865e+01
975           	8.700036e+01
976           	8.702160e+01
977           	8.704240e+01
978           	8.706276e+01
979           	8.708267e+01
980           	8.710213e+01
981           	8.712116e+01
982           	8.713974e+01
983           	8.715788e+01
984           	8.717559e+01
985           	8.719286e+01
986           	8.720970e+01
987           	8.722611e+01
988           	8.724210e+01
989           	8.725767e+01
990           	8.727282e+01
991           	8.728754e+01
992           	8.730185e+01
993           	8.731574e+01
994           	8.732922e+01
995           	8.734228e+01
996           	8.735494e+01
997           	8.736720e+01
998           	8.737880e+01
999           	8.739040e+01
1000          	8.740132e+01
1001          	8.741193e+01
1002          	8.742221e+01
1003          	8.743212e+01
1004          	8.744164e+01
1005          	8.745076e+01
1006          	8.745949e+01
1007          	8.746782e+01
1008          	8.747576e+01
1009          	8.748333e+01
1010          	8.749195e+01
1011          	8.749940e+01
1012          	8.750577e+01
1013          	8.751131e+01
1014          	8.751632e+01
1015          	8.752104e+01
1016          	8.752561e+01
1017          	8.753007e+01
1018          	8.753439e+01
1019          	8.753848e+01
1020          	8.754226e+01
1021          	8.754565e+01
1022          	8.754862e+01
1023          	8.755116e+01
1024          	8.755330e+01
1025          	8.755506e+01
1026          	8.755646e+01
1027          	8.755754e+01
1028          	8.755829e+01
1029          	8.755873e+01
1030          	8.755886e+01
1031          	8.755867e+01
1032          	8.755815e+01
1033          	8.755731e+01
1034          	8.755613e+01
1035          	8.755463e+01
1036          	8.755281e+01
1037          	8.755067e+01
1038          	8.754822e+01
1039          	8.754545e+01
1040          	8.754237e+01
1041          	8.753899e+01
1042          	8.753530e+01
1043          	8.753130e+01
1044          	8.752700e+01
1045          	8.752240e+01
1046          	8.751751e+01
1047          	8.751232e+01
1048          	8.750684e+01
1049          	8.750107e+01
1050          	8.749502e+01
1051          	8.748867e+01
1052          	8.748204e+01
1053          	8.747512e+01
1054          	8.746793e+01
1055          	8.746045e+01
1056          	8.745269e+01
1057          	8.744467e+01
1058          	8.743637e+01
1059          	8.742780e+01
1060          	8.741875e+01
1061          	8.740955e+01
1062          	8.740019e+01
1063          	8.739061e+01
1064          	8.738078e+01
1065          	8.737067e+01
1066          	8.736029e+01
1067          	8.734963e+01
1068          	8.733871e+01
1069          	8.732754e+01
1070          	8.731612e+01
1071          	8.730571e+01
1072          	8.729437e+01
1073          	8.728215e+01
1074          	8.726927e+01
1075          	8.725600e+01
1076          	8.724254e+01
1077          	8.722904e+01
1078          	8.721554e+01
1079          	8.720186e+01
1080          	8.718801e+01
1081          	8.717400e+01
1082          	8.715980e+01
1083          	8.714527e+01
1084          	8.713044e+01
1085          	8.711540e+01
1086          	8.710018e+01
1087          	8.708466e+01
1088          	8.706892e+01
1089          	8.705301e+01
1090          	8.703697e+01
1091          	8.702065e+01
1092          	8.700411e+01
1093          	8.698741e+01
1094          	8.697056e+01
1095          	8.695344e+01
1096          	8.693594e+01
1097          	8.691823e+01
1098          	8.690039e+01
1099          	8.688236e+01
1100          	8.686405e+01
1101          	8.684560e+01
1102          	8.682694e+01
1103          	8.680804e+01
1104          	8.679360e+01
1105          	8.678155e+01
1106          	8.676927e+01
1107          	8.675498e+01
1108          	8.673812e+01
1109          	8.671917e+01
1110          	8.669892e+01
1111          	8.667806e+01
1112          	8.665719e+01
1113          	8.663691e+01
1114          	8.661734e+01
1115          	8.659827e+01
1116          	8.657949e+01
1117          	8.656071e+01
1118          	8.654151e+01
1119          	8.652169e+01
1120          	8.650121e+01
1121          	8.648036e+01
1122          	8.645942e+01
1123          	8.643844e+01
1124          	8.641741e+01
1125          	8.639646e+01
1126          	8.637547e+01
1127          	8.635431e+01
1128          	8.633290e+01
1129          	8.631135e+01
1130          	8.628959e+01
1131          	8.626760e+01
1132          	8.624537e+01
1133          	8.622310e+01
1134          	8.620090e+01
1135          	8.617864e+01
1136          	8.615622e+01
1137          	8.613371e+01
1138          	8.611102e+01
1139          	8.608809e+01
1140          	8.606489e+01
1141          	8.604147e+01
1142          	8.601786e+01
1143          	8.599412e+01
1144          	8.597029e+01
1145          	8.594639e+01
1146          	8.592242e+01
1147          	8.589839e+01
1148          	8.587427e+01
1149          	8.585019e+01
1150          	8.582606e+01
1151          	8.580181e+01
1152          	8.577735e+01
1153          	8.575270e+01
1154          	8.572785e+01
1155          	8.570285e+01
1156          	8.567772e+01
1157          	8.565251e+01
1158          	8.562738e+01
1159          	8.560226e+01
1160          	8.557706e+01
1161          	8.555187e+01
1162          	8.552656e+01
1163          	8.550108e+01
1164          	8.547536e+01
1165          	8.544943e+01
1166          	8.542334e+01
1167          	8.539712e+01
1168          	8.537083e+01
1169          	8.534448e+01
1170          	8.531825e+01
1171          	8.529204e+01
1172          	8.526576e+01
1173          	8.523948e+01
1174          	8.521310e+01
1175          	8.518654e+01
1176          	8.515975e+01
1177          	8.513277e+01
1178          	8.510563e+01
1179          	8.507839e+01
1180          	8.505108e+01
1181          	8.502373e+01
1182          	8.499651e+01
1183          	8.496932e+01
1184          	8.494207e+01
1185          	8.491483e+01
1186          	8.488750e+01
1187          	8.485999e+01
1188          	8.483228e+01
1189          	8.480439e+01
1190          	8.477636e+01
1191          	8.474823e+01
1192          	8.472005e+01
1193          	8.469185e+01
1194          	8.466377e+01
1195          	8.463574e+01
1196          	8.460766e+01
1197          	8.457961e+01
1198          	8.455148e+01
1199          	8.452319e+01
1200          	8.449471e+01
1201          	8.446606e+01
1202          	8.443728e+01
1203          	8.440842e+01
1204          	8.437952e+01
1205          	8.435074e+01
1206          	8.432203e+01
1207          	8.429330e+01
1208          	8.426447e+01
1209          	8.423566e+01
1210          	8.420678e+01
1211          	8.417778e+01
1212          	8.414863e+01
1213          	8.411935e+01
1214          	8.408997e+01
1215          	8.406067e+01
1216          	8.403140e+01
1217          	8.400211e+01
1218          	8.397289e+01
1219          	8.394364e+01
1220          	8.391428e+01
1221          	8.388491e+01
1222          	8.385547e+01
1223          	8.382591e+01
1224          	8.379635e+01
1225          	8.376674e+01
1226          	8.373704e+01
1227          	8.370737e+01
1228          	8.367767e+01
1229          	8.364789e+01
1230          	8.361814e+01
1231          	8.358836e+01
1232          	8.355849e+01
1233          	8.352864e+01
1234          	8.349875e+01
1235          	8.346877e+01
1236          	8.343883e+01
1237          	8.340884e+01
1238          	8.337877e+01
1239          	8.334873e+01
1240          	8.331866e+01
1241          	8.328851e+01
1242          	8.325839e+01
1243          	8.322825e+01
1244          	8.319803e+01
1245          	8.316784e+01
1246          	8.313762e+01
1247          	8.310733e+01
1248          	8.307707e+01
1249          	8.304678e+01
1250          	8.301643e+01
1251          	8.298611e+01
1252          	8.295577e+01
1253          	8.292535e+01
1254          	8.289498e+01
1255          	8.286458e+01
1256          	8.283411e+01
1257          	8.280369e+01
1258          	8.277325e+01
1259          	8.274275e+01
1260          	8.271229e+01
1261          	8.268181e+01
1262          	8.265127e+01
1263          	8.262077e+01
1264          	8.259026e+01
1265          	8.255969e+01
1266          	8.252917e+01
1267          	8.249863e+01
1268          	8.246804e+01
1269          	8.243750e+01
1270          	8.240695e+01
1271          	8.237635e+01
1272          	8.234567e+01
1273          	8.231492e+01
1274          	8.228413e+01
1275          	8.225345e+01
1276          	8.222283e+01
1277          	8.219222e+01
1278          	8.216171e+01
1279          	8.213121e+01
1280          	8.210066e+01
1281          	8.207013e+01
1282          	8.203958e+01
1283          	8.200897e+01
1284          	8.197827e+01
1285          	8.194751e+01
1286          	8.191672e+01
1287          	8.188593e+01
1288          	8.185516e+01
1289          	8.182443e+01
1290          	8.179386e+01
1291          	8.176338e+01
1292          	8.173291e+01
1293          	8.170240e+01
1294          	8.167183e+01
1295          	8.164121e+01
1296          	8.161054e+01
1297          	8.157986e+01
1298          	8.154920e+01
1299          	8.151857e+01
1300          	8.148799e+01
1301          	8.145744e+01
1302          	8.142692e+01
1303          	8.139644e+01
1304          	8.136596e+01
1305          	8.133550e+01
1306          	8.130675e+01
1307          	8.127538e+01
1308          	8.124409e+01
1309          	8.121480e+01
1310          	8.118326e+01
1311          	8.115379e+01
1312          	8.112222e+01
1313          	8.109282e+01
1314          	8.106308e+01
1315          	8.103296e+01
1316          	8.100086e+01
1317          	8.097118e+01
1318          	8.094144e+01
1319          	8.091153e+01
1320          	8.088146e+01
1321          	8.085127e+01
1322          	8.082102e+01
1323          	8.079078e+01
1324          	8.076061e+01
1325          	8.073054e+01
1326          	8.070056e+01
1327          	8.067067e+01
1328          	8.064085e+01
1329          	8.061105e+01
1330          	8.058129e+01
1331          	8.055153e+01
1332          	8.052178e+01
1333          	8.049205e+01
1334          	8.046235e+01
1335          	8.043267e+01
1336          	8.040304e+01
1337          	8.037344e+01
1338          	8.034389e+01
1339          	8.031439e+01
1340          	8.028493e+01
1341          	8.025551e+01
1342          	8.022612e+01
1343          	8.019678e+01
1344          	8.016747e+01
1345          	8.013820e+01
1346          	8.010897e+01
1347          	8.007978e+01
1348          	8.005064e+01
1349          	8.002153e+01
1350          	7.999247e+01
1351          	7.996345e+01
1352          	7.993447e+01
1353          	7.990554e+01
1354          	7.987665e+01
1355          	7.984781e+01
1356          	7.981901e+01
1357          	7.979025e+01
1358          	7.976154e+01
1359          	7.973288e+01
1360          	7.970426e+01
1361          	7.967570e+01
1362          	7.964717e+01
1363          	7.961870e+01
1364          	7.959027e+01
1365          	7.956188e+01
1366          	7.953356e+01
1367          	7.950527e+01
1368          	7.947703e+01
1369          	7.944885e+01
1370          	7.942071e+01
1371          	7.939263e+01
1372          	7.936460e+01
1373          	7.933662e+01
1374          	7.930867e+01
1375          	7.928078e+01
1376          	7.925295e+01
1377          	7.922519e+01
1378          	7.919748e+01
1379          	7.916981e+01
1380          	7.914220e+01
1381          	7.911463e+01
1382          	7.908710e+01
1383          	7.905963e+01
1384          	7.903221e+01
1385          	7.900485e+01
1386          	7.897754e+01
1387          	7.895029e+01
1388          	7.892310e+01
1389          	7.889595e+01
1390          	7.886885e+01
1391          	7.884354e+01
1392          	7.881566e+01
1393          	7.878965e+01
1394          	7.876126e+01
1395          	7.873508e+01
1396          	7.870861e+01
1397          	7.868187e+01
1398          	7.865496e+01
1399          	7.862801e+01
1400          	7.860112e+01
1401          	7.857440e+01
1402          	7.854787e+01
1403          	7.852151e+01
1404          	7.849530e+01
1405          	7.846921e+01
1406          	7.844317e+01
1407          	7.841717e+01
1408          	7.839118e+01
1409          	7.836522e+01
1410          	7.833927e+01
1411          	7.831335e+01
1412          	7.828765e+01
1413          	7.826228e+01
1414          	7.823722e+01
1415          	7.821240e+01
1416          	7.818775e+01
1417          	7.816316e+01
1418          	7.813855e+01
1419          	7.811388e+01
1420          	7.808917e+01
1421          	7.806442e+01
1422          	7.803966e+01
1423          	7.801493e+01
1424          	7.799026e+01
1425          	7.796567e+01
1426          	7.794115e+01
1427          	7.791671e+01
1428          	7.789233e+01
1429          	7.786803e+01
1430          	7.784376e+01
1431          	7.781954e+01
1432          	7.779537e+01
1433          	7.777125e+01
1434          	7.774716e+01
1435          	7.772312e+01
1436          	7.769912e+01
1437          	7.767518e+01
1438          	7.765128e+01
1439          	7.762743e+01
1440          	7.760364e+01
1441          	7.757991e+01
1442          	7.755623e+01
1443          	7.753260e+01
1444          	7.750903e+01
1445          	7.748551e+01
1446          	7.746205e+01
1447          	7.743864e+01
1448          	7.741528e+01
1449          	7.739198e+01
1450          	7.736874e+01
1451          	7.734554e+01
1452          	7.732239e+01
1453          	7.729931e+01
1454          	7.727628e+01
1455          	7.725330e+01
1456          	7.723038e+01
1457          	7.720751e+01
1458          	7.718469e+01
1459          	7.716192e+01
1460          	7.713921e+01
1461          	7.711655e+01
1462          	7.709394e+01
1463          	7.707137e+01
1464          	7.704887e+01
1465          	7.702642e+01
1466          	7.700403e+01
1467          	7.698168e+01
1468          	7.695940e+01
1469          	7.693718e+01
1470          	7.691500e+01
1471          	7.689288e+01
1472          	7.687081e+01
1473          	7.684880e+01
1474          	7.682684e+01
1475          	7.680493e+01
1476          	7.678279e+01
1477          	7.676118e+01
1478          	7.673958e+01
1479          	7.671795e+01
1480          	7.669601e+01
1481          	7.667458e+01
1482          	7.665282e+01
1483          	7.663158e+01
1484          	7.660996e+01
1485          	7.658885e+01
1486          	7.656733e+01
1487          	7.654596e+01
1488          	7.652508e+01
1489          	7.650377e+01
1490          	7.648257e+01
1491          	7.646186e+01
1492          	7.644068e+01
1493          	7.641963e+01
1494          	7.639871e+01
1495          	7.637829e+01
1496          	7.635735e+01
1497          	7.633652e+01
1498          	7.631581e+01
1499          	7.629520e+01
1500          	7.627469e+01
1501          	7.625427e+01
1502          	7.623390e+01
1503          	7.621357e+01
1504          	7.619327e+01
1505          	7.617301e+01
1506          	7.615279e+01
1507          	7.613263e+01
1508          	7.611252e+01
1509          	7.609249e+01
1510          	7.607252e+01
1511          	7.605262e+01
1512          	7.603279e+01
1513          	7.601302e+01
1514          	7.599331e+01
1515          	7.597365e+01
1516          	7.595405e+01
1517          	7.593451e+01
1518          	7.591502e+01
1519          	7.589557e+01
1520          	7.587618e+01
1521          	7.585685e+01
1522          	7.583758e+01
1523          	7.581837e+01
1524          	7.579922e+01
1525          	7.578014e+01
1526          	7.576112e+01
1527          	7.574215e+01
1528          	7.572326e+01
1529          	7.570443e+01
1530          	7.568568e+01
1531          	7.566698e+01
1532          	7.564834e+01
1533          	7.562975e+01
1534          	7.561121e+01
1535          	7.559273e+01
1536          	7.557429e+01
1537          	7.555592e+01
1538          	7.553761e+01
1539          	7.551935e+01
1540          	7.550117e+01
1541          	7.548305e+01
1542          	7.546500e+01
1543          	7.544702e+01
1544          	7.542909e+01
1545          	7.541123e+01
1546          	7.539344e+01
1547          	7.537570e+01
1548          	7.535803e+01
1549          	7.534043e+01
1550          	7.532289e+01
1551          	7.530542e+01
1552          	7.528803e+01
1553          	7.527071e+01
1554          	7.525346e+01
1555          	7.523627e+01
1556          	7.521915e+01
1557          	7.520209e+01
1558          	7.518509e+01
1559          	7.516815e+01
1560          	7.515127e+01
1561          	7.513445e+01
1562          	7.511769e+01
1563          	7.510100e+01
1564          	7.508437e+01
1565          	7.506782e+01
1566          	7.505134e+01
1567          	7.503492e+01
1568          	7.501857e+01
1569          	7.500228e+01
1570          	7.498606e+01
1571          	7.496992e+01
1572          	7.495384e+01
1573          	7.493782e+01
1574          	7.492188e+01
1575          	7.490631e+01
1576          	7.489038e+01
1577          	7.487453e+01
1578          	7.485877e+01
1579          	7.484338e+01
1580          	7.482770e+01
1581          	7.481238e+01
1582          	7.479679e+01
1583          	7.478158e+01
1584          	7.476613e+01
1585          	7.475106e+01
1586          	7.473600e+01
1587          	7.472097e+01
1588          	7.470575e+01
1589          	7.469090e+01
1590          	7.467610e+01
1591          	7.466135e+01
1592          	7.464664e+01
1593          	7.463200e+01
1594          	7.461741e+01
1595          	7.460289e+01
1596          	7.458844e+01
1597          	7.457407e+01
1598          	7.455977e+01
1599          	7.454554e+01
1600          	7.453138e+01
1601          	7.451729e+01
1602          	7.450327e+01
1603          	7.448932e+01
1604          	7.447544e+01
1605          	7.446164e+01
1606          	7.444790e+01
1607          	7.443424e+01
1608          	7.442064e+01
1609          	7.440711e+01
1610          	7.439364e+01
1611          	7.438025e+01
1612          	7.436692e+01
1613          	7.435365e+01
1614          	7.434046e+01
1615          	7.432733e+01
1616          	7.431428e+01
1617          	7.430129e+01
1618          	7.428836e+01
1619          	7.427550e+01
1620          	7.426271e+01
1621          	7.425000e+01
1622          	7.423735e+01
1623          	7.422477e+01
1624          	7.421226e+01
1625          	7.419981e+01
1626          	7.418742e+01
1627          	7.417508e+01
1628          	7.416281e+01
1629          	7.415061e+01
1630          	7.413848e+01
1631          	7.412642e+01
1632          	7.411442e+01
1633          	7.410249e+01
1634          	7.409063e+01
1635          	7.407882e+01
1636          	7.406708e+01
1637          	7.405539e+01
1638          	7.404377e+01
1639          	7.403222e+01
1640          	7.401978e+01
1641          	7.400879e+01
1642          	7.399693e+01
1643          	7.398549e+01
1644          	7.397441e+01
1645          	7.396355e+01
1646          	7.395280e+01
1647          	7.394206e+01
1648          	7.393126e+01
1649          	7.392039e+01
1650          	7.390948e+01
1651          	7.389855e+01
1652          	7.388765e+01
1653          	7.387683e+01
1654          	7.386609e+01
1655          	7.385546e+01
1656          	7.384493e+01
1657          	7.383447e+01
1658          	7.382409e+01
1659          	7.381377e+01
1660          	7.380349e+01
1661          	7.379326e+01
1662          	7.378306e+01
1663          	7.377290e+01
1664          	7.376279e+01
1665          	7.375273e+01
1666          	7.374272e+01
1667          	7.373277e+01
1668          	7.372288e+01
1669          	7.371304e+01
1670          	7.370325e+01
1671          	7.369352e+01
1672          	7.368384e+01
1673          	7.367421e+01
1674          	7.366463e+01
1675          	7.365510e+01
1676          	7.364562e+01
1677          	7.363619e+01
1678          	7.362681e+01
1679          	7.361748e+01
1680          	7.360820e+01
1681          	7.359896e+01
1682          	7.358976e+01
1683          	7.358062e+01
1684          	7.357151e+01
1685          	7.356244e+01
1686          	7.355342e+01
1687          	7.354444e+01
1688          	7.353551e+01
1689          	7.352661e+01
1690          	7.351776e+01
1691          	7.350895e+01
1692          	7.350019e+01
1693          	7.349146e+01
1694          	7.348278e+01
1695          	7.347414e+01
1696          	7.346554e+01
1697          	7.345698e+01
1698          	7.344846e+01
1699          	7.343999e+01
1700          	7.343154e+01
1701          	7.342313e+01
1702          	7.341475e+01
1703          	7.340641e+01
1704          	7.339811e+01
1705          	7.338984e+01
1706          	7.338161e+01
1707          	7.337342e+01
1708          	7.336526e+01
1709          	7.335715e+01
1710          	7.334907e+01
1711          	7.334102e+01
1712          	7.333301e+01
1713          	7.332505e+01
1714          	7.331711e+01
1715          	7.330920e+01
1716          	7.330132e+01
1717          	7.329223e+01
1718          	7.328506e+01
1719          	7.327789e+01
1720          	7.327057e+01
1721          	7.326185e+01
1722          	7.325478e+01
1723          	7.324639e+01
1724          	7.323960e+01
1725          	7.323142e+01
1726          	7.322473e+01
1727          	7.321659e+01
1728          	7.320876e+01
1729          	7.320236e+01
1730          	7.319447e+01
1731          	7.318678e+01
1732          	7.318045e+01
1733          	7.317259e+01
1734          	7.316492e+01
1735          	7.315749e+01
1736          	7.315139e+01
1737          	7.314377e+01
1738          	7.313626e+01
1739          	7.312895e+01
1740          	7.312185e+01
1741          	7.311490e+01
1742          	7.310803e+01
1743          	7.310118e+01
1744          	7.309433e+01
1745          	7.308747e+01
1746          	7.308057e+01
1747          	7.307366e+01
1748          	7.306678e+01
1749          	7.305994e+01
1750          	7.305314e+01
1751          	7.304639e+01
1752          	7.303970e+01
1753          	7.303307e+01
1754          	7.302645e+01
1755          	7.302086e+01
1756          	7.301377e+01
1757          	7.300679e+01
1758          	7.299997e+01
1759          	7.299337e+01
1760          	7.298795e+01
1761          	7.298122e+01
1762          	7.297457e+01
1763          	7.296903e+01
1764          	7.296221e+01
1765          	7.295560e+01
1766          	7.295012e+01
1767          	7.294344e+01
1768          	7.293789e+01
1769          	7.293120e+01
1770          	7.292561e+01
1771          	7.291984e+01
1772          	7.291296e+01
1773          	7.290733e+01
1774          	7.290160e+01
1775          	7.289577e+01
1776          	7.288987e+01
1777          	7.288396e+01
1778          	7.287803e+01
1779          	7.287216e+01
1780          	7.286637e+01
1781          	7.286069e+01
1782          	7.285506e+01
1783          	7.284950e+01
1784          	7.284400e+01
1785          	7.283856e+01
1786          	7.283313e+01
1787          	7.282772e+01
1788          	7.282235e+01
1789          	7.281702e+01
1790          	7.281170e+01
1791          	7.280640e+01
1792          	7.280116e+01
1793          	7.279597e+01
1794          	7.279079e+01
1795          	7.278566e+01
1796          	7.278059e+01
1797          	7.277557e+01
1798          	7.277057e+01
1799          	7.276562e+01
1800          	7.276072e+01
1801          	7.275587e+01
1802          	7.275105e+01
1803          	7.274626e+01
1804          	7.274152e+01
1805          	7.273685e+01
1806          	7.273219e+01
1807          	7.272757e+01
1808          	7.272301e+01
1809          	7.271850e+01
1810          	7.271402e+01
1811          	7.270959e+01
1812          	7.270521e+01
1813          	7.270088e+01
1814          	7.269659e+01
1815          	7.269233e+01
1816          	7.268812e+01
1817          	7.268397e+01
1818          	7.267985e+01
1819          	7.267577e+01
1820          	7.267175e+01
1821          	7.266779e+01
1822          	7.266385e+01
1823          	7.265996e+01
1824          	7.265612e+01
1825          	7.265234e+01
1826          	7.264859e+01
1827          	7.264487e+01
1828          	7.264120e+01
1829          	7.263759e+01
1830          	7.263401e+01
1831          	7.263046e+01
1832          	7.262698e+01
1833          	7.262354e+01
1834          	7.262014e+01
1835          	7.261679e+01
1836          	7.261348e+01
1837          	7.261023e+01
1838          	7.260701e+01
1839          	7.260383e+01
1840          	7.260070e+01
1841          	7.259762e+01
1842          	7.259457e+01
1843          	7.259155e+01
1844          	7.258859e+01
1845          	7.258569e+01
1846          	7.258280e+01
1847          	7.257996e+01
1848          	7.257716e+01
1849          	7.257442e+01
1850          	7.257169e+01
1851          	7.256902e+01
1852          	7.256641e+01
1853          	7.256386e+01
1854          	7.256134e+01
1855          	7.255882e+01
1856          	7.255635e+01
1857          	7.255394e+01
1858          	7.255155e+01
1859          	7.254921e+01
1860          	7.254691e+01
1861          	7.254467e+01
1862          	7.254245e+01
1863          	7.254024e+01
1864          	7.253807e+01
1865          	7.253596e+01
1866          	7.253379e+01
1867          	7.253167e+01
1868          	7.252958e+01
1869          	7.252754e+01
1870          	7.252550e+01
1871          	7.252357e+01
1872          	7.252171e+01
1873          	7.251974e+01
1874          	7.251742e+01
1875          	7.251520e+01
1876          	7.251318e+01
1877          	7.251287e+01
1878          	7.251085e+01
1879          	7.251009e+01
1880          	7.250829e+01
1881          	7.250621e+01
1882          	7.250403e+01
1883          	7.250206e+01
1884          	7.250168e+01
1885          	7.250041e+01
1886          	7.249898e+01
1887          	7.249739e+01
1888          	7.249576e+01
1889          	7.249420e+01
1890          	7.249270e+01
1891          	7.249135e+01
1892          	7.249015e+01
1893          	7.248901e+01
1894          	7.248783e+01
1895          	7.248661e+01
1896          	7.248533e+01
1897          	7.248402e+01
1898          	7.248267e+01
1899          	7.248133e+01
1900          	7.248004e+01
1901          	7.247883e+01
1902          	7.247765e+01
1903          	7.247649e+01
1904          	7.247539e+01
1905          	7.247432e+01
1906          	7.247324e+01
1907          	7.247215e+01
1908          	7.247106e+01
1909          	7.247001e+01
1910          	7.246893e+01
1911          	7.246788e+01
1912          	7.246684e+01
1913          	7.246585e+01
1914          	7.246484e+01
1915          	7.246383e+01
1916          	7.246285e+01
1917          	7.246190e+01
1918          	7.246091e+01
1919          	7.245993e+01
1920          	7.245896e+01
1921          	7.245801e+01
1922          	7.245704e+01
1923          	7.245607e+01
1924          	7.245513e+01
1925          	7.245421e+01
1926          	7.245325e+01
1927          	7.245228e+01
1928          	7.245132e+01
1929          	7.245215e+01
1930          	7.245020e+01
1931          	7.244835e+01
1932          	7.244855e+01
1933          	7.244811e+01
1934          	7.244705e+01
1935          	7.244562e+01
1936          	7.244408e+01
1937          	7.244265e+01
1938          	7.244138e+01
1939          	7.244031e+01
1940          	7.243941e+01
1941          	7.243863e+01
1942          	7.243783e+01
1943          	7.243700e+01
1944          	7.243610e+01
1945          	7.243515e+01
1946          	7.243412e+01
1947          	7.243305e+01
1948          	7.243197e+01
1949          	7.243092e+01
1950          	7.242987e+01
1951          	7.242883e+01
1952          	7.242781e+01
1953          	7.242682e+01
1954          	7.242580e+01
1955          	7.242477e+01
1956          	7.242373e+01
1957          	7.242270e+01
1958          	7.242164e+01
1959          	7.242058e+01
1960          	7.241951e+01
1961          	7.241847e+01
1962          	7.241741e+01
1963          	7.241634e+01
1964          	7.241529e+01
1965          	7.241427e+01
1966          	7.241322e+01
1967          	7.241217e+01
1968          	7.241113e+01
1969          	7.241010e+01
1970          	7.240904e+01
1971          	7.240797e+01
1972          	7.240691e+01
1973          	7.240585e+01
1974          	7.240478e+01
1975          	7.240372e+01
1976          	7.240264e+01
1977          	7.240158e+01
1978          	7.240053e+01
1979          	7.239945e+01
1980          	7.239840e+01
1981          	7.239736e+01
1982          	7.239631e+01
1983          	7.239526e+01
1984          	7.239423e+01
1985          	7.239320e+01
1986          	7.239218e+01
1987          	7.239116e+01
1988          	7.239015e+01
1989          	7.238916e+01
1990          	7.238818e+01
1991          	7.238717e+01
1992          	7.238619e+01
1993          	7.238521e+01
1994          	7.238423e+01
1995          	7.238327e+01
1996          	7.238232e+01
1997          	7.238138e+01
1998          	7.238047e+01
1999          	7.237958e+01
2000          	7.237869e+01
