/*--------------------------------*- C++ -*----------------------------------*\
  =========                 |
  \\      /  F ield         | OpenFOAM: The Open Source CFD Toolbox
   \\    /   O peration     | Website:  https://openfoam.org
    \\  /    A nd           | Version:  8
     \\/     M anipulation  |
\*---------------------------------------------------------------------------*/
FoamFile
{
    version     2.0;
    format      ascii;
    class       volScalarField;
    location    "0";
    object      wallHeatFlux;
}
// * * * * * * * * * * * * * * * * * * * * * * * * * * * * * * * * * * * * * //

dimensions      [1 0 -3 0 0 0 0];

internalField   uniform 0;

boundaryField
{
    inlet
    {
        type            calculated;
        value           uniform 0;
    }
    outlet
    {
        type            calculated;
        value           uniform 0;
    }
    splitter
    {
        type            calculated;
        value           nonuniform List<scalar> 
50
(
86332.6
76248.1
71948.9
71948.9
76248.1
86332.6
90237.8
90092.8
89944.5
89792.7
89637.4
89478.6
89316.1
89149.9
88980
88806.2
88628.5
88448
88269.9
88097.4
87930.5
87768.9
87612.5
87461.1
87314.4
87172.4
87034.8
86901.6
86902.4
87037.3
87176.2
87319.2
87466.6
87618.3
87774.7
87935.8
88101.8
88272.8
88449.1
88629.5
88809.2
88984.4
89155.4
89322.1
89484.7
89643.2
89797.8
89948.6
90095.5
90238.7
)
;
    }
    fuel_inlet
    {
        type            calculated;
        value           uniform 0;
    }
    back
    {
        type            calculated;
        value           nonuniform List<scalar> 
31
(
131738
131738
131738
131738
131738
131738
131738
131738
131738
131738
131738
131738
131738
131738
122699
101944
122699
131738
131738
131738
131738
131738
131738
131738
131738
131738
131738
131738
131738
131738
131738
)
;
    }
    sides
    {
        type            calculated;
        value           nonuniform List<scalar> 
260
(
92557.4
92557.4
92557.4
92557.4
92557.4
92557.4
92557.4
92557.4
92557.4
92557.4
92557.4
92557.4
92557.4
92557.4
92557.4
92557.4
92557.4
92557.4
92557.4
92557.4
92557.4
92557.4
92557.4
92557.4
92557.4
92557.4
92557.4
92557.4
92557.4
92557.4
92557.4
92557.4
92557.4
92557.4
92557.4
92557.4
92557.4
92557.4
92557.4
92557.4
92557.4
92557.4
92557.4
92557.4
92557.4
92557.4
92557.4
92557.4
92557.4
92557.4
92557.4
92557.4
92557.4
92557.4
92557.4
92557.4
92557.4
92557.4
92557.4
92557.4
92557.4
92557.4
92557.4
92557.4
92557.4
92557.4
92557.4
92557.4
92557.4
92557.4
92557.4
92557.4
92557.4
92557.4
92557.4
92557.4
92557.4
92557.4
92557.4
92557.4
92557.4
92557.4
92557.4
92557.4
92557.4
92557.4
92557.4
92557.4
92557.4
92557.4
92557.4
92557.4
92557.4
92557.4
92557.4
92557.4
92557.4
92557.4
92557.4
92557.4
92557.4
92557.4
92557.4
92557.4
92557.4
92557.4
92557.4
92557.4
92557.4
92557.4
92557.4
92557.4
92557.4
92557.4
92557.4
92557.4
92557.4
92557.4
92557.4
92557.4
92557.4
92557.4
92557.4
92557.4
92557.4
92557.4
92557.4
92557.4
92557.4
92557.4
92581.9
92581.9
92581.9
92581.9
92581.9
92581.9
92581.9
92581.9
92581.9
92581.9
92581.9
92581.9
92581.9
92581.9
92581.9
92581.9
92581.9
92581.9
92581.9
92581.9
92581.9
92581.9
92581.9
92581.9
92581.9
92581.9
92581.9
92581.9
92581.9
92581.9
92581.9
92581.9
92581.9
92581.9
92581.9
92581.9
92581.9
92581.9
92581.9
92581.9
92581.9
92581.9
92581.9
92581.9
92581.9
92581.9
92581.9
92581.9
92581.9
92581.9
92581.9
92581.9
92581.9
92581.9
92581.9
92581.9
92581.9
92581.9
92581.9
92581.9
92581.9
92581.9
92581.9
92581.9
92581.9
92581.9
92581.9
92581.9
92581.9
92581.9
92581.9
92581.9
92581.9
92581.9
92581.9
92581.9
92581.9
92581.9
92581.9
92581.9
92581.9
92581.9
92581.9
92581.9
92581.9
92581.9
92581.9
92581.9
92581.9
92581.9
92581.9
92581.9
92581.9
92581.9
92581.9
92581.9
92581.9
92581.9
92581.9
92581.9
92581.9
92581.9
92581.9
92581.9
92581.9
92581.9
92581.9
92581.9
92581.9
92581.9
92581.9
92581.9
92581.9
92581.9
92581.9
92581.9
92581.9
92581.9
92581.9
92581.9
92581.9
92581.9
92581.9
92581.9
92581.9
92581.9
92581.9
92581.9
92581.9
92581.9
)
;
    }
    frontAndBack
    {
        type            empty;
    }
}


// ************************************************************************* //
