/*--------------------------------*- C++ -*----------------------------------*\
  =========                 |
  \\      /  F ield         | OpenFOAM: The Open Source CFD Toolbox
   \\    /   O peration     | Website:  https://openfoam.org
    \\  /    A nd           | Version:  8
     \\/     M anipulation  |
\*---------------------------------------------------------------------------*/
FoamFile
{
    version     2.0;
    format      ascii;
    class       volScalarField;
    location    "0.05";
    object      alphat;
}
// * * * * * * * * * * * * * * * * * * * * * * * * * * * * * * * * * * * * * //

dimensions      [1 -1 -1 0 0 0 0];

internalField   nonuniform List<scalar> 
3919
(
0.00262068
0.00261893
0.00262068
0.00261732
0.00261894
0.00262069
0.00261582
0.00261734
0.00261894
0.00262069
0.00261445
0.00261584
0.00261736
0.00261895
0.00262069
0.00261316
0.00261447
0.00261586
0.00261737
0.00261896
0.0026207
0.00261195
0.00261318
0.0026145
0.00261588
0.00261739
0.00261897
0.0026207
0.00261077
0.00261199
0.00261321
0.00261453
0.00261591
0.00261741
0.00261898
0.0026207
0.0026097
0.0026108
0.00261202
0.00261324
0.00261456
0.00261593
0.00261743
0.00261899
0.0026207
0.00260862
0.00260974
0.00261083
0.00261206
0.00261327
0.00261458
0.00261595
0.00261744
0.00261899
0.0026207
0.00260778
0.00260865
0.00260978
0.00261087
0.00261209
0.0026133
0.00261461
0.00261596
0.00261743
0.00261899
0.0026207
0.00260697
0.00260779
0.00260868
0.00260982
0.0026109
0.00261213
0.00261333
0.00261463
0.00261596
0.00261743
0.00261899
0.0026207
0.00260659
0.00260697
0.00260781
0.00260872
0.00260986
0.00261094
0.00261216
0.00261334
0.00261462
0.00261596
0.00261743
0.00261899
0.0026207
0.00260642
0.00260651
0.00260699
0.00260783
0.00260875
0.0026099
0.00261098
0.00261218
0.00261334
0.00261462
0.00261596
0.00261744
0.00261899
0.0026207
0.00260677
0.00260638
0.00260646
0.002607
0.00260787
0.00260879
0.00260995
0.00261099
0.00261218
0.00261333
0.00261462
0.00261596
0.00261744
0.00261898
0.0026207
0.00260831
0.00260649
0.00260632
0.00260644
0.00260702
0.00260792
0.00260883
0.00260997
0.00261099
0.00261218
0.00261333
0.00261462
0.00261596
0.00261743
0.00261897
0.00262069
0.00260909
0.00260809
0.0026063
0.00260625
0.00260645
0.00260704
0.00260797
0.00260884
0.00260997
0.00261098
0.00261218
0.00261334
0.00261463
0.00261595
0.00261741
0.00261896
0.00262069
0.00261551
0.00260856
0.00260778
0.0026062
0.00260618
0.00260647
0.00260705
0.002608
0.00260883
0.00260997
0.00261098
0.00261218
0.00261334
0.00261461
0.00261593
0.00261739
0.00261895
0.00262069
0.00261882
0.00261441
0.00260829
0.00260743
0.00260617
0.0026061
0.00260652
0.00260704
0.002608
0.00260882
0.00260997
0.00261099
0.00261218
0.00261333
0.00261458
0.00261591
0.00261737
0.00261895
0.00262068
0.002625
0.00261779
0.00261314
0.00260819
0.00260706
0.00260618
0.00260602
0.00260656
0.00260701
0.002608
0.00260882
0.00260997
0.00261099
0.00261216
0.0026133
0.00261456
0.00261588
0.00261736
0.00261894
0.00262068
0.00263543
0.00262349
0.00261712
0.00261186
0.00260819
0.0026067
0.00260623
0.00260593
0.00260657
0.00260699
0.002608
0.00260883
0.00260997
0.00261098
0.00261213
0.00261327
0.00261453
0.00261586
0.00261734
0.00261893
0.00262067
0.00264994
0.00263282
0.00262215
0.00261658
0.00261069
0.00260823
0.00260637
0.0026063
0.00260585
0.00260658
0.00260699
0.002608
0.00260884
0.00260995
0.00261094
0.00261209
0.00261324
0.0026145
0.00261584
0.00261732
0.00261892
0.00262067
0.00266863
0.0026465
0.00263046
0.00262098
0.0026161
0.00260966
0.00260829
0.0026061
0.00260635
0.00260581
0.00260658
0.00260701
0.002608
0.00260883
0.0026099
0.0026109
0.00261205
0.00261321
0.00261447
0.00261582
0.0026173
0.00261891
0.00262066
0.00269329
0.00266377
0.00264335
0.00262838
0.00261994
0.00261564
0.00260884
0.00260841
0.00260593
0.00260639
0.00260581
0.00260657
0.00260704
0.00260797
0.00260879
0.00260986
0.00261087
0.00261202
0.00261318
0.00261445
0.00261579
0.00261729
0.0026189
0.00262065
0.00272543
0.00268654
0.00265936
0.00264047
0.00262659
0.002619
0.00261516
0.00260833
0.0026085
0.00260585
0.00260639
0.00260585
0.00260656
0.00260705
0.00260792
0.00260876
0.00260982
0.00261083
0.00261199
0.00261316
0.00261442
0.00261577
0.00261727
0.0026189
0.00262065
0.00276679
0.00271619
0.00268044
0.00265535
0.00263782
0.00262506
0.0026182
0.00261486
0.00260813
0.00260854
0.00260585
0.00260635
0.00260593
0.00260652
0.00260704
0.00260787
0.00260872
0.00260978
0.0026108
0.00261195
0.00261313
0.0026144
0.00261575
0.00261725
0.00261889
0.00262064
0.00281981
0.00275427
0.00270784
0.00267491
0.00265172
0.00263542
0.00262379
0.00261777
0.00261479
0.00260806
0.00260854
0.00260593
0.0026063
0.00260602
0.00260647
0.00260702
0.00260784
0.00260868
0.00260974
0.00261077
0.00261192
0.00261311
0.00261437
0.00261573
0.00261723
0.00261888
0.00262063
0.00288682
0.00280294
0.00274296
0.00270028
0.0026699
0.00264847
0.0026333
0.00262312
0.00261764
0.00261475
0.00260806
0.0026085
0.0026061
0.00260623
0.0026061
0.00260645
0.00260701
0.00260781
0.00260865
0.00260971
0.00261074
0.00261189
0.00261309
0.00261435
0.0026157
0.00261722
0.00261888
0.00262063
0.00297186
0.00286437
0.00278771
0.00273273
0.00269345
0.00266542
0.00264568
0.00263215
0.00262296
0.00261761
0.00261475
0.00260813
0.00260841
0.00260638
0.00260618
0.00260618
0.00260644
0.00260699
0.0026078
0.00260863
0.00260968
0.00261072
0.00261186
0.00261307
0.00261434
0.00261568
0.0026172
0.00261887
0.00262062
0.00307992
0.00294186
0.00284411
0.00277397
0.00272349
0.00268733
0.00266151
0.00264424
0.00263186
0.00262292
0.00261761
0.00261479
0.00260833
0.00260829
0.00260671
0.00260616
0.00260626
0.00260646
0.00260698
0.00260779
0.00260861
0.00260965
0.0026107
0.00261183
0.00261306
0.00261432
0.00261565
0.00261719
0.00261887
0.00262062
0.00303969
0.00323826
0.00291497
0.0028258
0.00276157
0.00271519
0.00268197
0.0026595
0.002644
0.00263179
0.00262292
0.00261765
0.00261487
0.00260885
0.00260823
0.00260707
0.0026062
0.00260632
0.00260652
0.00260697
0.00260779
0.0026086
0.00260963
0.00261069
0.0026118
0.00261304
0.00261432
0.00261563
0.00261718
0.00261887
0.00262061
0.00300354
0.0031854
0.00348044
0.00289082
0.00280927
0.00275046
0.00270791
0.00267924
0.00265917
0.00264393
0.00263179
0.00262296
0.00261777
0.00261517
0.00260968
0.00260819
0.00260744
0.00260631
0.00260638
0.0026066
0.00260698
0.00260779
0.0026086
0.00260961
0.00261069
0.00261178
0.00261303
0.00261432
0.0026156
0.00261717
0.00261886
0.00262061
0.00297121
0.00313704
0.00340495
0.00386178
0.00286907
0.00279445
0.00274071
0.0027042
0.00267883
0.0026591
0.00264394
0.00263186
0.00262313
0.00261822
0.00261566
0.00261072
0.0026082
0.0026078
0.0026065
0.00260643
0.00260671
0.002607
0.0026078
0.00260862
0.00260959
0.00261069
0.00261176
0.00261301
0.00261432
0.00261558
0.00261716
0.00261886
0.0026206
0.00294237
0.00309282
0.0033389
0.00372841
0.00459541
0.00284954
0.00278141
0.00273579
0.00270368
0.00267875
0.0026591
0.002644
0.00263215
0.00262381
0.00261903
0.00261612
0.00261191
0.0026083
0.0026081
0.00260678
0.00260647
0.00260683
0.00260706
0.00260781
0.00260865
0.00260958
0.0026107
0.00261176
0.002613
0.00261433
0.00261556
0.00261715
0.00261885
0.0026206
0.00291677
0.00305264
0.00328006
0.00361686
0.00433284
0.00571252
0.00283228
0.00277487
0.00273517
0.0027036
0.00267875
0.00265918
0.00264425
0.00263332
0.0026251
0.00261998
0.0026166
0.00261319
0.00260857
0.00260832
0.00260716
0.00260655
0.00260696
0.00260715
0.00260783
0.0026087
0.00260959
0.00261071
0.00261176
0.00261299
0.00261435
0.00261554
0.00261715
0.00261885
0.0026206
0.00289436
0.00301667
0.00322657
0.00352406
0.00411254
0.00537547
0.00666011
0.0028236
0.00277416
0.00273509
0.0027036
0.00267883
0.00265951
0.00264571
0.00263548
0.00262665
0.00262103
0.00261715
0.00261446
0.00260911
0.00260846
0.00260762
0.00260667
0.00260708
0.00260729
0.00260785
0.00260876
0.0026096
0.00261073
0.00261177
0.00261297
0.00261437
0.00261552
0.00261714
0.00261884
0.0026206
0.00288336
0.00298522
0.00317746
0.00344627
0.00393033
0.00503525
0.0064279
0.00712753
0.00282269
0.00277409
0.00273509
0.00270369
0.00267925
0.00266156
0.00264855
0.00263791
0.00262846
0.00262221
0.00261784
0.00261556
0.00261001
0.00260855
0.00260812
0.00260689
0.00260719
0.00260746
0.00260789
0.00260882
0.00260963
0.00261075
0.00261179
0.00261296
0.0026144
0.0026155
0.00261714
0.00261884
0.0026206
0.00288243
0.0029696
0.00313266
0.00338007
0.0037814
0.00471368
0.0061433
0.00703016
0.00723037
0.00282259
0.00277409
0.00273518
0.00270422
0.00268203
0.00266552
0.00265183
0.00264058
0.00263056
0.00262356
0.00261887
0.00261646
0.0026113
0.00260865
0.00260861
0.00260722
0.00260729
0.00260766
0.00260796
0.00260888
0.00260968
0.00261077
0.00261183
0.00261295
0.00261443
0.00261549
0.00261715
0.00261884
0.0026206
0.00288234
0.00296832
0.00310736
0.00332261
0.00366108
0.00442605
0.00581855
0.00689316
0.00723152
0.00708286
0.00282259
0.00277416
0.0027358
0.00270799
0.00268745
0.00267006
0.00265551
0.00264348
0.00263294
0.00262508
0.00262007
0.0026171
0.00261283
0.00260887
0.00260903
0.00260767
0.00260739
0.00260787
0.00260805
0.00260895
0.00260974
0.00261079
0.00261187
0.00261294
0.00261447
0.00261549
0.00261717
0.00261885
0.00262061
0.00288235
0.00296817
0.00310187
0.00329085
0.00356577
0.00418127
0.00546996
0.00670609
0.00720815
0.00714815
0.00677215
0.0028227
0.00277488
0.00274081
0.00271536
0.00269365
0.00267511
0.00265954
0.00264665
0.00263556
0.00262684
0.00262138
0.00261775
0.00261446
0.00260934
0.00260932
0.00260821
0.00260752
0.00260808
0.00260817
0.00260901
0.00260982
0.00261081
0.00261192
0.00261294
0.00261451
0.0026155
0.00261719
0.00261885
0.00262061
0.00288244
0.00296817
0.00309961
0.00328296
0.00351682
0.00398227
0.00511626
0.00646525
0.00714909
0.00720559
0.00687461
0.00635717
0.00282362
0.00278153
0.00275068
0.00272375
0.00270055
0.00268068
0.00266398
0.0026501
0.00263851
0.00262888
0.00262278
0.00261852
0.00261601
0.00261016
0.0026095
0.0026088
0.0026077
0.00260827
0.00260832
0.00260908
0.00260992
0.00261084
0.00261198
0.00261294
0.00261456
0.00261551
0.00261721
0.00261886
0.00262061
0.00288339
0.00296833
0.00309961
0.00327901
0.00350592
0.00386978
0.00477655
0.00617329
0.00704417
0.00724459
0.00698336
0.0064776
0.00587665
0.00283244
0.00279474
0.00276192
0.00273308
0.00270816
0.00268682
0.00266886
0.00265391
0.00264173
0.0026312
0.00262435
0.00261958
0.00261729
0.00261139
0.00260963
0.0026094
0.00260795
0.00260845
0.00260851
0.00260914
0.00261003
0.00261087
0.00261205
0.00261297
0.00261461
0.00261552
0.00261724
0.00261886
0.00262062
0.00289455
0.00296963
0.00310188
0.00327901
0.0035006
0.00383718
0.00454116
0.00583823
0.00688666
0.00725329
0.00708983
0.0066151
0.00600183
0.00535592
0.00284991
0.00280973
0.00277444
0.00274338
0.00271656
0.00269358
0.00267425
0.00265822
0.00264525
0.00263392
0.00262612
0.00262097
0.00261821
0.00261292
0.00260979
0.00260995
0.00260827
0.00260863
0.00260872
0.00260921
0.00261015
0.00261091
0.00261212
0.00261299
0.00261467
0.00261554
0.00261728
0.00261886
0.00262062
0.00291725
0.00298548
0.0031074
0.00328297
0.0035006
0.00382228
0.00444472
0.00556395
0.00667495
0.00722041
0.00718279
0.00676395
0.00615173
0.00547693
0.00481183
0.00286966
0.00282641
0.00278827
0.00275475
0.00272582
0.00270106
0.00268024
0.00266301
0.00264905
0.00263696
0.00262807
0.00262242
0.00261893
0.00261456
0.00261006
0.00261044
0.00260867
0.00260879
0.00260896
0.00260929
0.00261027
0.00261096
0.0026122
0.00261302
0.00261474
0.00261557
0.00261733
0.00261887
0.00262063
0.00294314
0.00301734
0.00313302
0.00329088
0.00350593
0.00382229
0.00440059
0.00541059
0.00647725
0.0071372
0.00724947
0.00691507
0.00632364
0.00562759
0.00492266
0.00425578
0.00289162
0.00284485
0.00280357
0.0027673
0.00273605
0.00270932
0.00268686
0.00266828
0.00265312
0.00264024
0.0026302
0.00262389
0.00261966
0.00261618
0.00261052
0.00261084
0.00260914
0.00260896
0.00260922
0.00260936
0.00261039
0.00261101
0.0026123
0.00261306
0.00261483
0.0026156
0.00261739
0.00261888
0.00262064
0.00297227
0.00305373
0.00317838
0.00332304
0.00351683
0.0038372
0.00440063
0.00533413
0.00632875
0.00704224
0.00727729
0.00705617
0.0065116
0.00580806
0.00506579
0.00435237
0.00369712
0.00291594
0.00286521
0.00282048
0.00278116
0.00274733
0.00271843
0.00269416
0.00267401
0.00265742
0.00264372
0.00263247
0.00262537
0.00262047
0.00261765
0.0026112
0.00261117
0.00260965
0.00260913
0.00260945
0.00260943
0.00261053
0.00261108
0.00261242
0.00261311
0.00261492
0.00261565
0.00261745
0.0026189
0.00262066
0.00300484
0.00309427
0.00322802
0.00338124
0.0035664
0.00386985
0.00444486
0.00533421
0.00624827
0.00694025
0.00728014
0.00717274
0.00670538
0.00601596
0.00524381
0.00448231
0.00377524
0.00313754
0.00294296
0.00288771
0.00283915
0.00279646
0.00275977
0.00272847
0.00270213
0.0026801
0.00266191
0.00264729
0.00263488
0.00262694
0.00262151
0.0026189
0.00261214
0.00261146
0.0026102
0.00260926
0.00260965
0.00260951
0.0026107
0.00261115
0.00261255
0.00261318
0.00261503
0.00261571
0.00261753
0.00261892
0.00262068
0.00304116
0.00313879
0.00328196
0.00344827
0.00366316
0.00398369
0.00454143
0.00541083
0.00624836
0.00688007
0.00723456
0.00726031
0.00689041
0.00624425
0.00545848
0.00464883
0.0038893
0.0031961
0.00259038
0.00297303
0.00291257
0.00285975
0.00281333
0.00277346
0.00273945
0.0027106
0.00268644
0.00266668
0.00265096
0.00263751
0.0026286
0.00262279
0.00261995
0.00261334
0.00261176
0.00261063
0.00260936
0.00260988
0.00260961
0.00261089
0.00261125
0.00261271
0.00261326
0.00261516
0.00261579
0.00261761
0.00261895
0.00262071
0.00308147
0.00318734
0.00334121
0.00352697
0.00378526
0.00418571
0.00477925
0.00556441
0.00632906
0.00688018
0.00720151
0.0072717
0.00704959
0.00648014
0.00570622
0.00485983
0.00403555
0.00329102
0.00262927
0.00205252
0.00300647
0.00294004
0.00288243
0.0028319
0.00278842
0.00275109
0.0027194
0.00269305
0.00267164
0.00265465
0.00264028
0.00263033
0.00262411
0.0026207
0.00261462
0.00261196
0.00261096
0.00260948
0.00261015
0.00260973
0.00261112
0.00261136
0.00261291
0.00261338
0.00261532
0.00261591
0.00261772
0.002619
0.00262075
0.00312592
0.00324028
0.00340764
0.00362074
0.00393611
0.00443379
0.00512332
0.00584129
0.00647782
0.0069406
0.00720162
0.00726658
0.00711565
0.00669914
0.00597789
0.00511432
0.00423434
0.00341634
0.00269397
0.00207898
0.0015133
0.00304359
0.0029704
0.00290738
0.00285218
0.0028043
0.00276317
0.00272852
0.0026999
0.00267674
0.00265838
0.00264317
0.00263219
0.00262547
0.0026214
0.0026155
0.00261206
0.00261134
0.00260961
0.00261046
0.00260987
0.00261139
0.0026115
0.00261314
0.00261353
0.0026155
0.00261606
0.00261785
0.00261907
0.0026208
0.00317467
0.00329838
0.00348342
0.00373324
0.00412024
0.00472442
0.00548022
0.00617975
0.00667737
0.00704286
0.0072349
0.00726668
0.00713741
0.00681696
0.00624602
0.00540876
0.00448391
0.00359397
0.00279221
0.00212102
0.00153102
0.000977079
0.00308462
0.00300394
0.00293461
0.00287367
0.00282073
0.00277564
0.00273792
0.00270693
0.00268196
0.00266217
0.00264621
0.00263418
0.00262681
0.00262186
0.00261603
0.00261219
0.00261177
0.00260978
0.00261082
0.00261005
0.0026117
0.00261169
0.00261341
0.00261374
0.00261572
0.00261628
0.00261802
0.00261916
0.00262086
0.00322804
0.00336281
0.00357095
0.00386732
0.00434234
0.00504802
0.00583039
0.00647306
0.00689073
0.00713872
0.00728072
0.00727199
0.00713749
0.00686408
0.00641267
0.00571641
0.00478921
0.00382605
0.00294256
0.00218526
0.00155856
0.000988665
0.000460522
0.00312975
0.00304065
0.00296346
0.00289588
0.00283767
0.00278847
0.00274759
0.00271415
0.00268731
0.00266607
0.00264937
0.00263621
0.00262761
0.00262207
0.00261661
0.00261236
0.00261226
0.00260998
0.00261123
0.00261028
0.00261207
0.00261194
0.00261375
0.00261404
0.00261601
0.00261659
0.00261826
0.00261932
0.00262091
0.00328651
0.00343485
0.00367243
0.00402964
0.0046058
0.00538864
0.00615492
0.00671357
0.00704818
0.007222
0.00727793
0.00726079
0.00711588
0.00686414
0.00648361
0.00592917
0.00512763
0.00412928
0.00315406
0.00228781
0.00160001
0.00100542
0.000467755
5.36415e-05
0.00317879
0.0030796
0.00299328
0.00291873
0.00285507
0.00280163
0.00275749
0.00272155
0.0026928
0.00267009
0.00265252
0.00263738
0.00262792
0.00262237
0.00261723
0.00261257
0.00261282
0.00261024
0.00261171
0.00261057
0.0026125
0.00261228
0.00261416
0.00261445
0.00261639
0.00261704
0.00261863
0.00261959
0.00262094
0.00335041
0.00351593
0.00378904
0.00422169
0.0049013
0.00572458
0.00643769
0.00689925
0.00715202
0.00725385
0.00724892
0.00717257
0.00704995
0.00681712
0.00648365
0.00602248
0.00538427
0.00448944
0.00343653
0.0024641
0.00166426
0.00102957
0.000477381
5.68049e-05
0.00323047
0.00311983
0.00302398
0.00294215
0.00287289
0.00281509
0.00276763
0.00272914
0.00269843
0.00267421
0.00265427
0.00263773
0.00262829
0.00262273
0.00261792
0.00261284
0.00261345
0.00261057
0.00261226
0.00261096
0.00261302
0.00261274
0.00261468
0.00261504
0.00261694
0.00261767
0.00261912
0.00262001
0.00262092
0.00341875
0.00360718
0.00392661
0.00444909
0.00521886
0.00603983
0.00666757
0.00703461
0.00720969
0.00724382
0.00718066
0.00705391
0.00688953
0.00669937
0.00641277
0.0060225
0.00549873
0.0047883
0.00380554
0.00272289
0.0017787
0.00106545
0.000489845
6.09498e-05
0.00328362
0.00316114
0.00305543
0.00296608
0.00289108
0.00282885
0.002778
0.00273688
0.0027041
0.00267635
0.00265469
0.00263814
0.00262872
0.00262317
0.00261869
0.00261319
0.00261417
0.002611
0.00261289
0.00261148
0.00261363
0.00261337
0.00261535
0.00261586
0.0026177
0.00261851
0.00261978
0.0026206
0.00262075
0.00349017
0.00370652
0.00408762
0.00470933
0.00554091
0.00632238
0.00684962
0.00713038
0.00723186
0.00720375
0.0070864
0.00691097
0.0067018
0.00647866
0.00624614
0.00592921
0.00549873
0.00492309
0.0041443
0.00307769
0.00198328
0.00112477
0.000507083
6.64797e-05
0.00333812
0.00320335
0.00308756
0.00299048
0.00290963
0.0028429
0.00278857
0.00274463
0.00270688
0.00267666
0.00265517
0.00263861
0.00262923
0.00262369
0.00261957
0.00261363
0.00261498
0.00261156
0.00261362
0.00261218
0.00261437
0.00261424
0.00261623
0.00261692
0.00261869
0.00261959
0.00262064
0.00262147
0.00262051
0.00356424
0.00381024
0.00426668
0.00499234
0.00585151
0.00656158
0.00699105
0.00719462
0.00722997
0.00714575
0.00697928
0.00675877
0.00650615
0.00623972
0.0059759
0.00571643
0.00538425
0.00492308
0.00429921
0.00344741
0.00231022
0.00125605
0.000533271
7.42737e-05
0.0033938
0.00324632
0.0031203
0.00301533
0.00292854
0.00285717
0.00279913
0.00274818
0.00270701
0.00267704
0.00265571
0.00263917
0.00262984
0.00262429
0.00262058
0.00261419
0.0026159
0.0026123
0.00261446
0.0026131
0.00261526
0.00261535
0.00261727
0.00261809
0.00261979
0.00262083
0.00262165
0.00262279
0.00262063
0.00364103
0.00391982
0.00446313
0.00528115
0.00613884
0.0067603
0.00710349
0.00723683
0.00721403
0.00708049
0.00687056
0.00660973
0.00631743
0.00600972
0.00570108
0.00540639
0.00512757
0.00478825
0.0042992
0.00362289
0.00268932
0.00150507
0.000581872
8.55099e-05
0.00345053
0.00328988
0.00315359
0.00304061
0.00294773
0.0028714
0.00280367
0.00274796
0.0027072
0.00267748
0.00265632
0.00263984
0.00263055
0.002625
0.00262173
0.0026149
0.00261693
0.00261325
0.00261541
0.00261426
0.00261626
0.00261651
0.00261816
0.0026189
0.00262032
0.0026214
0.00262182
0.00262397
0.00262168
0.00372088
0.00403919
0.00467242
0.00555692
0.00638849
0.00692548
0.00719535
0.00726637
0.00719269
0.00701637
0.0067687
0.00647272
0.00614573
0.00580141
0.00545191
0.00510887
0.00478659
0.00448933
0.00414422
0.00362287
0.00288021
0.00186125
0.000725558
0.000102468
0.00350826
0.00333394
0.00318734
0.00306622
0.00296684
0.00287704
0.00280289
0.00274776
0.00270745
0.00267799
0.00265704
0.00264066
0.00263138
0.00262583
0.00262303
0.00261582
0.00261806
0.00261446
0.00261643
0.00261554
0.00261707
0.00261707
0.00261795
0.00261782
0.0026178
0.0026178
0.00261639
0.00261937
0.00262098
0.00380418
0.00416711
0.00488717
0.00581375
0.00659676
0.00706335
0.00727304
0.00729075
0.00717298
0.00695965
0.00667945
0.00635329
0.00599667
0.00562147
0.00523716
0.00485331
0.00447845
0.00412653
0.0038054
0.00344732
0.00288019
0.00204519
0.000987141
0.000131389
0.0035672
0.0033785
0.00322143
0.00309168
0.00297386
0.0028753
0.00280209
0.00274757
0.00270775
0.00267858
0.00265786
0.00264166
0.00263235
0.00262681
0.00262441
0.002617
0.00261923
0.00261588
0.00261732
0.00261631
0.00261673
0.00261537
0.00261386
0.00261038
0.00260497
0.00259837
0.00258833
0.00259381
0.0026102
0.00389184
0.00430367
0.00510347
0.00604923
0.00677454
0.00718313
0.00734185
0.0073158
0.00716027
0.00691487
0.0066065
0.00625444
0.00587273
0.00547189
0.00505993
0.00464253
0.00422825
0.00382088
0.00343385
0.00307757
0.00268925
0.00204518
0.0011246
0.000218667
0.003628
0.00342368
0.00325533
0.0031001
0.0029707
0.00287342
0.00280125
0.0027474
0.00270813
0.00267928
0.00265881
0.00264286
0.0026335
0.00262805
0.00262586
0.00261843
0.00262028
0.00261714
0.00261732
0.0026151
0.00261288
0.00260733
0.00259899
0.00258542
0.00256229
0.00253489
0.00252179
0.00253755
0.0025878
0.00398502
0.00444932
0.00531657
0.0062615
0.0069295
0.00729011
0.00740701
0.00734546
0.00715856
0.00688527
0.00655223
0.00617757
0.00577443
0.00535225
0.004918
0.00447696
0.00402982
0.00358871
0.00314961
0.00272058
0.00231022
0.0018612
0.00112459
0.000264048
0.00369151
0.00346929
0.00326567
0.00309459
0.00296723
0.00287138
0.00280036
0.00274725
0.00270858
0.00268009
0.00265992
0.00264427
0.00263484
0.00262951
0.00262733
0.00262005
0.00262072
0.00261705
0.00261468
0.00260878
0.00260012
0.00258377
0.00255778
0.00251644
0.00245337
0.00238713
0.00236474
0.00240247
0.00253785
0.00408372
0.00460171
0.00552205
0.00644939
0.00706812
0.00738878
0.00747193
0.00738226
0.00717031
0.00687329
0.00651821
0.00612339
0.00570133
0.00526104
0.0048086
0.00434828
0.00388465
0.00341142
0.00293804
0.00246048
0.00198159
0.00150515
0.000987116
0.000264045
0.00375725
0.00348179
0.00325673
0.00308846
0.00296348
0.00286918
0.00279944
0.00274713
0.00270914
0.00268104
0.00266119
0.00264587
0.00263635
0.00263101
0.00262842
0.00262123
0.00261932
0.00261319
0.00260554
0.00259079
0.00256735
0.00252656
0.00245916
0.00234972
0.0022311
0.00210872
0.00206431
0.00213416
0.00241702
0.00418343
0.00475509
0.00571578
0.00661674
0.00719571
0.00748245
0.00753879
0.00742725
0.00719601
0.00688017
0.00650577
0.00609234
0.00565296
0.00519637
0.00472866
0.00425316
0.00377189
0.00328705
0.00278814
0.00228427
0.00177602
0.00125496
0.000725632
0.00021866
0.00377233
0.00346734
0.00324675
0.00308179
0.00295941
0.0028668
0.00279849
0.00274706
0.0027098
0.00268213
0.0026626
0.00264763
0.00263789
0.0026322
0.00262833
0.00262002
0.00261357
0.00260095
0.00258211
0.00254856
0.00249444
0.00240084
0.00225102
0.00206991
0.00188883
0.00170971
0.00162685
0.00170449
0.00216629
0.00420035
0.00489551
0.0058896
0.00676355
0.00731248
0.0075729
0.00760873
0.0074808
0.00723509
0.00690498
0.00651523
0.00608493
0.00562897
0.00515703
0.00467504
0.00418715
0.00369506
0.00319359
0.00269126
0.00218275
0.00166212
0.00112334
0.000581423
0.000131375
0.00374798
0.00345112
0.00323594
0.00307453
0.00295503
0.00286427
0.0027975
0.00274705
0.00271056
0.00268335
0.0026641
0.00264941
0.00263907
0.00263214
0.00262526
0.00261312
0.00259841
0.0025718
0.00253024
0.00246023
0.00234335
0.00215922
0.0019336
0.0016863
0.00145685
0.00123787
0.00112402
0.00117298
0.00173666
0.00415595
0.00491081
0.0060284
0.00688532
0.00741682
0.00765995
0.00768187
0.00754268
0.00728682
0.00694628
0.0065448
0.00610087
0.00562931
0.00514207
0.00464634
0.0041456
0.00364104
0.00313601
0.00262758
0.00211928
0.00159841
0.00106426
0.000532667
0.000102316
0.00372122
0.0034335
0.00322427
0.00306669
0.00295034
0.00286158
0.00279648
0.00274709
0.00271139
0.00268464
0.00266551
0.00265075
0.00263886
0.00262875
0.0026158
0.00259439
0.00256407
0.00251096
0.0024272
0.00228793
0.0020732
0.00181478
0.00152972
0.00124369
0.000997786
0.000774912
0.000650015
0.000657033
0.00115464
0.00410636
0.00483272
0.00605502
0.00697237
0.00750376
0.00774134
0.00775711
0.00761209
0.00735028
0.00700278
0.00659261
0.00613788
0.00565332
0.005151
0.00464082
0.00412812
0.00361328
0.00309921
0.00258938
0.00207779
0.0015574
0.00102863
0.000506514
8.52611e-05
0.00369306
0.00341441
0.00321173
0.00305825
0.0029453
0.00285874
0.00279539
0.00274715
0.00271219
0.00268576
0.00266631
0.00265042
0.0026349
0.00261844
0.00259408
0.00255427
0.00249432
0.00239586
0.00223603
0.00199496
0.00170813
0.00139882
0.00108983
0.000806828
0.000586273
0.00040332
0.000299094
0.000281049
0.000581138
0.00405423
0.00474476
0.00596676
0.00701128
0.00756298
0.00781145
0.00783146
0.00768732
0.00742418
0.00707324
0.00665723
0.00619401
0.00569846
0.00518305
0.00465773
0.00413093
0.00360495
0.00308194
0.00256756
0.00205177
0.00153018
0.00100469
0.000489363
7.40254e-05
0.00366337
0.00339385
0.00319828
0.00304925
0.00293989
0.00285574
0.00279419
0.00274714
0.00271272
0.00268614
0.00266519
0.00264556
0.00262336
0.00259481
0.00254956
0.00247914
0.00236732
0.00218919
0.00192427
0.00161494
0.00128488
0.00096474
0.00067777
0.000443096
0.000284964
0.000175658
0.000117171
0.000102231
0.00021945
0.00400026
0.00465102
0.00585713
0.00695194
0.0076235
0.00785896
0.0078987
0.0077649
0.00750648
0.00715623
0.0067374
0.00626793
0.00576298
0.00523557
0.00469667
0.00415409
0.00361504
0.00308181
0.00255972
0.00203724
0.00151275
0.00098809
0.00047698
6.62661e-05
0.00363194
0.00337193
0.00318389
0.00303969
0.00293407
0.00285255
0.00279274
0.00274678
0.00271236
0.00268433
0.00265932
0.00263209
0.00259736
0.00254718
0.00246574
0.00234242
0.00214739
0.00186285
0.00153299
0.0011881
0.000857849
0.000574981
0.000354864
0.000205882
0.000126203
8.40564e-05
6.44224e-05
5.61941e-05
6.96959e-05
0.00394531
0.00455166
0.00572773
0.00687118
0.00760843
0.0079418
0.00794656
0.0078382
0.0075935
0.00724966
0.00683179
0.00635866
0.00584592
0.0053073
0.00475467
0.004198
0.00364549
0.00309786
0.00256415
0.00203259
0.00150333
0.000976666
0.000467386
6.07825e-05
0.0035985
0.0033488
0.00316847
0.00302961
0.00292775
0.00284902
0.0027907
0.00274531
0.00270958
0.00267738
0.00264421
0.00260267
0.00254545
0.00245779
0.00232008
0.00211079
0.00180911
0.00146379
0.00110515
0.00077089
0.00048968
0.000288565
0.000166513
0.000107813
9.05755e-05
8.5817e-05
8.16181e-05
5.81628e-05
2.52031e-06
0.00388997
0.00444639
0.00557765
0.00676864
0.00757612
0.00796946
0.00805169
0.00789408
0.00767842
0.00734989
0.00693855
0.00646521
0.00594676
0.00539788
0.00483156
0.00425847
0.00368782
0.00313242
0.00258042
0.00203711
0.00150008
0.000969659
0.000460234
5.66626e-05
0.00356285
0.00332463
0.00315199
0.00301896
0.00292082
0.00284481
0.00278749
0.00274107
0.00270115
0.00266057
0.00261247
0.00254676
0.0024511
0.00230385
0.00207959
0.00176263
0.00140366
0.00103648
0.000698353
0.000426235
0.000241847
0.000147778
0.000118737
0.000118704
0.000120366
0.000107514
9.2538e-05
3.63528e-06
0.00383432
0.00433823
0.00540763
0.0066395
0.00752569
0.00798443
0.00811755
0.00802156
0.00774738
0.00745029
0.00705447
0.00658622
0.00606502
0.00550735
0.00492761
0.00433813
0.00374763
0.00317657
0.0026125
0.00205041
0.00150307
0.000965849
0.000455399
5.35356e-05
0.00352504
0.00329948
0.00313444
0.00300757
0.00291296
0.00283916
0.00278125
0.00273089
0.00268245
0.00262683
0.00255333
0.0024473
0.00229191
0.00205314
0.00172306
0.00135231
0.000976941
0.000639091
0.000376499
0.000214101
0.000149033
0.000140283
0.000146206
0.000146513
0.000132129
9.88335e-05
7.15014e-06
0.00377783
0.00423096
0.00521871
0.00647853
0.00745129
0.00798692
0.008174
0.00812192
0.00789767
0.0075367
0.0071737
0.00671921
0.0062001
0.00563591
0.00504343
0.00443687
0.00382812
0.00322905
0.00265365
0.00207761
0.0015118
0.000965891
0.000452323
5.11725e-05
0.00348543
0.00327323
0.00311581
0.00299504
0.00290345
0.00283023
0.00276889
0.00271055
0.00264649
0.00256461
0.00244956
0.00228303
0.00203524
0.0016905
0.0013089
0.000927218
0.000589307
0.000338458
0.00020111
0.00015903
0.000163498
0.000173528
0.000167035
0.000144651
0.000108117
7.40101e-06
0.00371968
0.00412806
0.00501483
0.00628085
0.00734542
0.00797141
0.00822324
0.00821478
0.00803032
0.00770998
0.0072824
0.00685938
0.00635035
0.00578378
0.00517996
0.00455603
0.00392588
0.00330577
0.00269704
0.00211138
0.0015317
0.000969262
0.000451421
4.94969e-05
0.00344461
0.00324561
0.00309594
0.00298055
0.0028905
0.00281476
0.00274586
0.00267208
0.00258111
0.00245682
0.00227941
0.00202157
0.00166427
0.00127302
0.00088579
0.000550058
0.000311953
0.000196748
0.000172849
0.000186363
0.000194496
0.000186568
0.000156339
0.000112007
7.5876e-06
0.00365928
0.00403147
0.00480348
0.00604331
0.00719919
0.00793029
0.00826043
0.00830467
0.00815621
0.00787296
0.00747678
0.00699166
0.00651177
0.00595003
0.00533843
0.00469741
0.00404472
0.00340121
0.002763
0.00214469
0.0015536
0.000980183
0.000453243
4.82779e-05
0.00340297
0.00321626
0.0030741
0.00296234
0.002871
0.00278867
0.0027042
0.00260343
0.0024696
0.00228226
0.00201253
0.0016471
0.00124448
0.000851563
0.000518575
0.000293407
0.000198256
0.000189118
0.000206005
0.000212895
0.000199399
0.000166875
0.000115296
7.50404e-06
0.00359693
0.00394048
0.00459531
0.00576659
0.00700285
0.00785366
0.00827862
0.00838739
0.00828243
0.00803016
0.00766508
0.00720745
0.00666452
0.0061308
0.00551873
0.00486347
0.00418704
0.00351436
0.00285075
0.00219797
0.00157627
0.000989171
0.000456239
4.78041e-05
0.00336035
0.00318459
0.00304854
0.00293759
0.00284054
0.00274393
0.0026322
0.00248826
0.00229088
0.00200989
0.00163458
0.00122248
0.000824656
0.000493488
0.000281756
0.000203052
0.000205204
0.000224163
0.000227736
0.0002112
0.0001738
0.000118661
7.45282e-06
0.00353357
0.00385215
0.00440154
0.00545794
0.00674727
0.00772918
0.00826838
0.00845667
0.00840515
0.00819025
0.00785448
0.00741951
0.00690841
0.00629582
0.00571837
0.00505534
0.00435678
0.00365116
0.0029553
0.00227231
0.00161605
0.00100359
0.000461284
4.77294e-05
0.00331574
0.00314925
0.00301669
0.00290198
0.00279125
0.00266803
0.00251324
0.00230544
0.00201392
0.001627
0.00120842
0.000803812
0.000475097
0.00027412
0.000210215
0.000220242
0.000239413
0.00024134
0.000220411
0.000179727
0.000120617
7.48424e-06
0.00346964
0.00376327
0.00422956
0.00513349
0.00642689
0.00754235
0.00821722
0.00850389
0.00851856
0.00834951
0.00804842
0.00764235
0.00714366
0.00659257
0.00589487
0.00527405
0.00455666
0.00381662
0.00308276
0.00236112
0.00167144
0.0010272
0.000468643
4.79854e-05
0.00326756
0.00310829
0.00297436
0.00284714
0.00271169
0.00254493
0.00232625
0.00202385
0.00162619
0.00119841
0.000789287
0.000461144
0.000270465
0.000217468
0.000233622
0.000252669
0.000251912
0.00022857
0.000184354
0.000122327
7.46169e-06
0.00340411
0.00367259
0.00407892
0.00481703
0.00604475
0.00727798
0.00810916
0.00851739
0.00861473
0.00850225
0.00824305
0.0078709
0.00740248
0.00684518
0.006247
0.00545727
0.0047935
0.00401711
0.00324091
0.00247167
0.00173682
0.0010597
0.000479844
4.86964e-05
0.00321457
0.00305764
0.00291314
0.00276235
0.00258397
0.00235343
0.00203985
0.0016316
0.00119373
0.000778915
0.000451931
0.000269167
0.000225504
0.000245253
0.000263535
0.000260908
0.000234931
0.00018839
0.000123687
7.45364e-06
0.00333593
0.00358078
0.00394221
0.00453256
0.00561849
0.00692401
0.00792479
0.00848158
0.00868288
0.00864086
0.00843254
0.00810084
0.00766726
0.00714556
0.00652847
0.0058647
0.00497362
0.00427046
0.00343799
0.00261301
0.00182439
0.00109885
0.000496254
5.00287e-05
0.00315318
0.00298867
0.0028208
0.00263012
0.00238732
0.00206178
0.00164276
0.001195
0.000774109
0.000446076
0.000269576
0.000232636
0.000256039
0.000273436
0.00026832
0.000240205
0.000191453
0.00012489
7.45329e-06
0.00326131
0.00348985
0.00381193
0.00429184
0.00518323
0.0064788
0.00764313
0.00837633
0.00870852
0.00875527
0.00860935
0.00832588
0.00793318
0.00744636
0.0068618
0.00619199
0.00544683
0.00443951
0.00369517
0.00279962
0.00193858
0.00115688
0.000514337
5.18844e-05
0.00307454
0.00288876
0.00268349
0.00242793
0.00208988
0.0016595
0.00120158
0.000773338
0.000443792
0.000271583
0.0002398
0.000264368
0.000281446
0.0002747
0.000244346
0.000193945
0.000125881
7.47459e-06
0.00317095
0.00339646
0.00368802
0.00408966
0.00478281
0.00596151
0.00724659
0.00817721
0.00867243
0.00883211
0.00876382
0.0085382
0.00819328
0.00774803
0.00721097
0.00656456
0.00583287
0.00498676
0.00384228
0.00305318
0.00210072
0.00123292
0.000542191
5.47459e-05
0.0029658
0.00274266
0.00247547
0.00212413
0.0016817
0.00121301
0.000777091
0.000443873
0.000273861
0.000246082
0.000272388
0.000287692
0.000279987
0.000247899
0.000195792
0.000126721
7.5071e-06
0.00305163
0.00329016
0.0035674
0.00391682
0.00444919
0.00541964
0.0067313
0.00785789
0.00855
0.0088537
0.00888359
0.00872832
0.00843933
0.00804247
0.00754931
0.00694839
0.00625354
0.00544431
0.00447621
0.00316529
0.00233014
0.00135043
0.000578966
5.74445e-05
0.00280955
0.00252944
0.00216439
0.0017093
0.00122914
0.000784455
0.00044739
0.000277947
0.000251967
0.000278392
0.000293428
0.000284163
0.000250744
0.000197442
0.000127326
7.54913e-06
0.00288511
0.00315691
0.00343866
0.0037603
0.00418979
0.00492214
0.00612272
0.00739727
0.00831166
0.00879683
0.00895262
0.00888472
0.00866191
0.00832068
0.00787786
0.00733927
0.00667166
0.00591836
0.00502187
0.00392333
0.00239915
0.00151447
0.00063216
6.25803e-05
0.00258886
0.00221076
0.00174199
0.00124978
0.000795555
0.000452757
0.000281731
0.000257331
0.000282639
0.0002976
0.000287432
0.000253008
0.000198691
0.000128159
7.59617e-06
0.00265321
0.00297799
0.0032865
0.00360335
0.00397886
0.0045304
0.00549189
0.00679456
0.00792673
0.00863209
0.00894988
0.00899294
0.00885016
0.00857314
0.00818702
0.00770193
0.00710682
0.00638478
0.00555398
0.00456806
0.00331145
0.00151283
0.0007119
6.74101e-05
0.00226253
0.00177975
0.0012745
0.000809526
0.000459421
0.00028579
0.000260235
0.00028657
0.00030118
0.000290148
0.000254774
0.000199793
0.000128909
7.6728e-06
0.00231957
0.00273074
0.00309106
0.00342823
0.00378457
0.00423344
0.00495063
0.00609708
0.0073745
0.00832495
0.00884788
0.00903441
0.00899122
0.00878963
0.00846732
0.00804093
0.00751595
0.00685434
0.00607664
0.00516168
0.00407231
0.00256714
0.000700081
8.25991e-05
0.00182218
0.00130332
0.00082637
0.000468588
0.000290009
0.000264206
0.000290098
0.000304179
0.000292263
0.000256071
0.000200718
0.000129586
7.7644e-06
0.00186921
0.00238722
0.00282698
0.00321343
0.00358138
0.00398518
0.00453654
0.00543256
0.00667285
0.0078426
0.00861192
0.00898439
0.00906892
0.00895873
0.00870931
0.00834745
0.0078832
0.00731392
0.00658482
0.00574335
0.00473756
0.00346335
0.00169029
7.5465e-05
0.00133578
0.000846348
0.000479562
0.000295303
0.000267886
0.000292761
0.000306195
0.000293805
0.000257004
0.000201292
0.000130329
7.86841e-06
0.00137173
0.00192604
0.00246755
0.00293249
0.00334402
0.00374588
0.00421117
0.00489126
0.00593574
0.00717817
0.00820322
0.00881009
0.00906162
0.0090666
0.00890301
0.00861302
0.00821476
0.00771148
0.00709346
0.00629733
0.00537934
0.00424782
0.00281094
0.000623125
0.000868312
0.000492308
0.000301042
0.000270491
0.000294743
0.000307689
0.000294802
0.00025763
0.000201731
0.000131032
7.99246e-06
0.000892876
0.00141539
0.00199409
0.00255079
0.00304402
0.00348185
0.00392318
0.00446811
0.00528466
0.00641871
0.00759747
0.00847097
0.00893949
0.00909468
0.00903672
0.00882907
0.0085029
0.00806887
0.00752377
0.00685226
0.00598874
0.00496727
0.00373682
0.00182689
0.000503919
0.000506513
0.000306881
0.000272925
0.000296236
0.000308691
0.000295419
0.000257881
0.000202061
0.000131737
8.12959e-06
0.000522264
0.000922703
0.0014681
0.00206619
0.00264024
0.0031603
0.00362647
0.00411591
0.00475614
0.00569242
0.00685311
0.00793173
0.00866275
0.00901643
0.00909469
0.00898577
0.00874022
0.00837999
0.00790906
0.00731847
0.00658741
0.00565099
0.00452005
0.00294712
0.00148106
0.000491313
0.000313334
0.000274846
0.000297354
0.000309299
0.000295686
0.000257981
0.000202231
0.00013246
8.28092e-06
0.000319981
0.000541163
0.00095839
0.00152453
0.00213984
0.00273501
0.00328042
0.00377816
0.00432612
0.00506762
0.00608909
0.00722577
0.00819
0.00879427
0.00905365
0.00906983
0.00891841
0.00863874
0.00824492
0.00773496
0.00709454
0.00629604
0.00528179
0.00394458
0.00256022
0.00130996
0.000479378
0.000276731
0.000298192
0.000309525
0.000295659
0.000257841
0.000202308
0.000133222
8.44671e-06
0.000278213
0.000328217
0.000564306
0.000996487
0.00158357
0.00221422
0.00283341
0.0034038
0.00393766
0.00455333
0.00538923
0.00645546
0.00753463
0.00838407
0.00887888
0.00906093
0.00902616
0.00883808
0.00852641
0.00809847
0.00754694
0.00685211
0.00598
0.00485183
0.00353551
0.00225413
0.00122088
0.000433784
0.000298763
0.000309514
0.000295346
0.000257481
0.000202295
0.000134006
8.62603e-06
0.000299215
0.000279999
0.000337449
0.000588437
0.00103704
0.00164412
0.0022897
0.00293473
0.00353011
0.00410548
0.00479365
0.00570635
0.00678068
0.00778403
0.00852572
0.00892741
0.00904575
0.0089683
0.00874754
0.00840493
0.00794197
0.0073465
0.00659404
0.00564447
0.00448601
0.00324894
0.00198213
0.00115388
0.00043019
0.000309227
0.000294848
0.00025695
0.000202202
0.000134806
8.81727e-06
0.000308807
0.000299489
0.000281561
0.000348128
0.000613191
0.00107937
0.00170541
0.00236451
0.00303674
0.00365921
0.00428115
0.00504048
0.00600671
0.00706095
0.00798123
0.00862549
0.00894849
0.00901387
0.00889985
0.00864911
0.00827613
0.0077774
0.00713673
0.00632663
0.00535847
0.0041999
0.00295762
0.00179582
0.00108733
0.000294149
0.000256301
0.000202024
0.000135614
9.01906e-06
0.000293329
0.000308138
0.000299787
0.000283351
0.00035906
0.000638079
0.00112294
0.00176711
0.00244099
0.00313877
0.00379101
0.0044629
0.00528618
0.00628213
0.00729725
0.00813426
0.00869232
0.00894891
0.00896974
0.00882371
0.00854499
0.00814209
0.00760748
0.00692244
0.00609425
0.00512185
0.00391835
0.00269121
0.00168877
0.000992553
0.00025553
0.000201791
0.000136432
9.22938e-06
0.000254681
0.000292275
0.000307274
0.000299806
0.000285537
0.000370346
0.000663564
0.00116721
0.00182767
0.00251857
0.00324053
0.00392514
0.0046478
0.00552369
0.00652839
0.00749317
0.00825082
0.00873356
0.00893398
0.00891686
0.00874233
0.00843718
0.00800508
0.00743559
0.00673565
0.00589993
0.00486361
0.00363981
0.00244794
0.00163482
0.000201508
0.000137259
9.44709e-06
0.00020119
0.000253648
0.000290986
0.000306277
0.000299597
0.000287931
0.000382468
0.000688847
0.00121174
0.0018869
0.00259635
0.00334181
0.00406085
0.00483233
0.00574756
0.00674443
0.0076535
0.00833779
0.00875516
0.00890784
0.00885801
0.00865776
0.00832762
0.00786747
0.00728595
0.00657759
0.00568971
0.00458956
0.0033658
0.00223131
0.000138087
9.67052e-06
0.000138917
0.000200817
0.000252401
0.000289581
0.000305208
0.000299238
0.000290629
0.000394798
0.000714679
0.00125582
0.00194475
0.00267368
0.00344238
0.00419698
0.00501292
0.00595424
0.00693129
0.00778332
0.00840107
0.00876186
0.00887374
0.0087954
0.00857172
0.00821806
0.00774791
0.00715871
0.00640304
0.0054634
0.0043152
0.00310024
9.89828e-06
1.01286e-05
0.000139835
0.000200406
0.000251079
0.00028814
0.000304047
0.000298823
0.000293539
0.000407399
0.000739668
0.00129915
0.00200112
0.00275007
0.00354193
0.00433211
0.0051865
0.00614196
0.00709121
0.00788746
0.00844556
0.0087574
0.0088342
0.00873076
0.00848567
0.00812294
0.00764618
0.00701702
0.00621209
0.00522318
0.00403637
1.03869e-05
0.000140842
0.000199985
0.000249746
0.000286635
0.000302864
0.000298387
0.000296647
0.000420021
0.000764896
0.0013415
0.00205586
0.00282513
0.00364009
0.00446472
0.00535073
0.00631031
0.00722702
0.00797025
0.00847528
0.00874475
0.00879117
0.00866549
0.00841077
0.00804213
0.0075325
0.00686026
0.00600524
0.00496795
1.06742e-05
0.000141827
0.000199579
0.000248387
0.00028514
0.000301643
0.000297968
0.000299878
0.000432637
0.000789874
0.00138264
0.00210895
0.00289862
0.0037364
0.00459338
0.00550404
0.00645988
0.0073417
0.0080355
0.00849352
0.00872619
0.00874618
0.00860809
0.00834726
0.00795169
0.00740596
0.00668812
0.00578316
1.09562e-05
0.000142795
0.000199176
0.000247061
0.000283622
0.000300444
0.00029759
0.00030322
0.000445152
0.000814047
0.00142239
0.00216014
0.00297013
0.00383035
0.00471687
0.00564564
0.00659184
0.00743812
0.00808641
0.00850287
0.00870352
0.0087054
0.00855945
0.00827607
0.0078507
0.00726582
0.00650065
1.12322e-05
0.000143736
0.000198799
0.00024574
0.000282118
0.000299235
0.000297242
0.000306596
0.000457511
0.000837581
0.00146071
0.00220971
0.00303923
0.00392144
0.00483428
0.00577529
0.00670766
0.00751894
0.0081257
0.00850544
0.0086806
0.00867064
0.00850467
0.00819638
0.00773828
0.00711156
1.15012e-05
0.000144653
0.000198441
0.0002445
0.000280572
0.000298072
0.000296965
0.000310019
0.000469582
0.000860373
0.00149742
0.0022581
0.00310585
0.00400923
0.00494496
0.0058932
0.00680898
0.00758653
0.00815559
0.00850251
0.0086605
0.00863099
0.00844308
0.00810736
0.00761369
1.17628e-05
0.000145538
0.000198114
0.000243306
0.000279109
0.000296921
0.000296702
0.000313403
0.000481389
0.000882404
0.00153231
0.00230508
0.00316989
0.00409333
0.00504854
0.0059999
0.00689741
0.00764295
0.00817443
0.00849868
0.00863655
0.00858585
0.00837394
0.00800822
1.20157e-05
0.00014639
0.000197818
0.00024218
0.000277609
0.000295828
0.000296526
0.000316789
0.000492784
0.000903533
0.00156548
0.00235048
0.00323129
0.00417346
0.00514492
0.00609609
0.00697449
0.0076834
0.00818838
0.00849198
0.0086082
0.0085346
0.00829652
1.2259e-05
0.000147208
0.000197553
0.000241108
0.00027622
0.000294761
0.000296342
0.000320073
0.000503864
0.000923834
0.001597
0.00239417
0.00328997
0.00424942
0.00523417
0.00618258
0.00703255
0.00771525
0.00820058
0.0084819
0.0085749
0.00847657
1.24923e-05
0.00014799
0.00019732
0.000240095
0.000274907
0.00029377
0.000296157
0.00032332
0.000514424
0.000943331
0.00162694
0.00243609
0.00334589
0.00432113
0.00531648
0.00624984
0.00707935
0.00774672
0.00821055
0.00846789
0.00853602
1.27151e-05
0.000148738
0.000197115
0.000239147
0.000273628
0.000292853
0.000295977
0.000326513
0.000524361
0.000961986
0.00165534
0.00247617
0.00339903
0.00438853
0.00538212
0.006305
0.00712738
0.00777739
0.00821771
0.00844934
1.29274e-05
0.000149449
0.000196939
0.000238257
0.000272412
0.000291996
0.000295814
0.000329568
0.000533713
0.000979777
0.00168228
0.0025144
0.00344939
0.00444334
0.00543676
0.00636292
0.0071763
0.00780672
0.00822147
1.3129e-05
0.000150127
0.000196787
0.000237426
0.000271267
0.0002912
0.00029567
0.00033257
0.00054252
0.000996703
0.00170778
0.00255076
0.00349071
0.00448954
0.0054952
0.00642345
0.00722569
0.00783412
1.33202e-05
0.000150769
0.00019666
0.000236651
0.000270185
0.000290451
0.000295544
0.000335502
0.000550808
0.00101277
0.00173191
0.00258072
0.00352575
0.00453966
0.00555751
0.00648637
0.00727504
1.3501e-05
0.000151378
0.000196553
0.000235931
0.000269173
0.000289734
0.000295444
0.000338315
0.000558609
0.00102799
0.0017517
0.00260621
0.00356406
0.00459398
0.00562371
0.00655135
1.36718e-05
0.000151952
0.000196467
0.000235262
0.000268231
0.000289051
0.000295361
0.000341013
0.000565946
0.00104048
0.00176849
0.00263417
0.00360595
0.00465274
0.00569375
1.38328e-05
0.000152496
0.000196396
0.000234644
0.000267358
0.000288403
0.0002953
0.000343577
0.00057193
0.00105108
0.00178687
0.00266487
0.00365175
0.00471618
1.39843e-05
0.000153007
0.000196342
0.000234072
0.000266545
0.00028779
0.000295253
0.000345696
0.000576993
0.00106269
0.00180701
0.00269861
0.00370181
1.4127e-05
0.00015349
0.0001963
0.000233545
0.00026579
0.000287215
0.000295225
0.000347494
0.000582511
0.00107541
0.00182912
0.00273571
1.42606e-05
0.000153943
0.000196271
0.000233058
0.000265086
0.000286742
0.00029521
0.000349476
0.00058855
0.00108938
0.00185336
1.43867e-05
0.00015437
0.00019625
0.000232611
0.000264521
0.000286348
0.000295195
0.000351641
0.000595115
0.00110465
1.45037e-05
0.00015477
0.000196239
0.000232251
0.000264043
0.000285909
0.000295197
0.000354034
0.000602328
1.4615e-05
0.000155145
0.000196234
0.000231955
0.000263533
0.000285448
0.000295186
0.000356648
1.47167e-05
0.000155451
0.000196235
0.000231633
0.000262969
0.000284914
0.000295224
1.48013e-05
0.000155709
0.000196238
0.000231295
0.00026238
0.000284384
1.48724e-05
0.000155988
0.000196251
0.000230922
0.000261726
1.49499e-05
0.000156294
0.000196263
0.000230541
1.50337e-05
0.000156624
0.000196293
1.51248e-05
0.000156986
1.52232e-05
)
;

boundaryField
{
    inlet
    {
        type            calculated;
        value           nonuniform List<scalar> 
70
(
0.00262142
0.00262142
0.00262142
0.00262142
0.00262142
0.00262142
0.00262142
0.00262142
0.00262142
0.00262142
0.00262142
0.00262142
0.00262142
0.00262142
0.00262142
0.00262142
0.00262142
0.00262142
0.00262142
0.00262142
0.00262142
0.00262142
0.00262142
0.00262142
0.00262142
0.00262142
0.00262142
0.00262142
0.00262142
0.00262142
0.00262142
0.00262142
0.00262142
0.00262142
0.00262142
0.00262142
0.00262142
0.00262142
0.00262142
0.00262142
0.00262142
0.00262142
0.00262142
0.00262142
0.00262142
0.00262142
0.00262142
0.00262142
0.00262142
0.00262142
0.00262142
0.00262143
0.00262143
0.00262143
0.00262143
0.00262143
0.00262143
0.00262144
0.00262144
0.00262144
0.00262144
0.00262145
0.00262145
0.00262145
0.00262145
0.00262145
0.00262146
0.00262147
0.00262145
0.00262149
)
;
    }
    outlet
    {
        type            calculated;
        value           nonuniform List<scalar> 0();
    }
    splitter
    {
        type            compressible::alphatWallFunction;
        Prt             0.85;
        value           uniform 0;
    }
    fuel_inlet
    {
        type            calculated;
        value           nonuniform List<scalar> 0();
    }
    back
    {
        type            compressible::alphatWallFunction;
        Prt             0.85;
        value           nonuniform List<scalar> 0();
    }
    sides
    {
        type            compressible::alphatWallFunction;
        Prt             0.85;
        value           uniform 0;
    }
    frontAndBack
    {
        type            empty;
    }
    procBoundary0to1
    {
        type            processor;
        value           nonuniform List<scalar> 
53
(
0.00262067
0.00261892
0.0026173
0.00261579
0.00261442
0.00261313
0.00261192
0.00261074
0.00260967
0.0026086
0.00260778
0.00260697
0.0026067
0.00260647
0.00260715
0.00260846
0.00260997
0.00261642
0.00262002
0.00262675
0.00263837
0.00265374
0.00267402
0.00270076
0.00273566
0.00278066
0.00283849
0.0029117
0.00300532
0.0031244
0.0032964
0.00356786
0.00402384
0.00489118
0.00603003
0.00684447
0.00719296
0.00721464
0.00701824
0.00668192
0.00625707
0.00577695
0.00526328
0.00473054
0.00418866
0.00364214
0.00309993
0.00256794
0.00203748
0.00150346
0.00096974
0.000455529
5.12574e-05
)
;
    }
    procBoundary0to3
    {
        type            processor;
        value           nonuniform List<scalar> 
41
(
0.00106418
0.000660404
0.000522972
0.000482477
0.000457593
0.000466099
0.000466099
0.000929297
0.00158829
0.00208719
0.00287072
0.00377089
0.00470197
0.00554713
0.00629823
0.00694288
0.0074762
0.0078981
0.00820998
0.00841101
0.00849087
0.00842556
0.00822111
0.00785888
0.00732371
0.00661796
0.00576751
0.0047845
0.00375651
0.00277656
0.00188011
0.00112155
0.000610224
0.000359535
0.000295229
0.000283738
0.000261019
0.000230116
0.000196323
0.000157378
1.53303e-05
)
;
    }
}


// ************************************************************************* //
