/*--------------------------------*- C++ -*----------------------------------*\
  =========                 |
  \\      /  F ield         | OpenFOAM: The Open Source CFD Toolbox
   \\    /   O peration     | Website:  https://openfoam.org
    \\  /    A nd           | Version:  8
     \\/     M anipulation  |
\*---------------------------------------------------------------------------*/
FoamFile
{
    version     2.0;
    format      ascii;
    class       volScalarField;
    location    "0.05";
    object      CH4;
}
// * * * * * * * * * * * * * * * * * * * * * * * * * * * * * * * * * * * * * //

dimensions      [0 0 0 0 0 0 0];

internalField   nonuniform List<scalar> 
3919
(
1.813e-48
2.40643e-47
1.2579e-48
2.48911e-46
1.62207e-47
8.80799e-49
2.37983e-45
1.61573e-46
1.10609e-47
6.23236e-49
2.16339e-44
1.48221e-45
1.06416e-46
7.6391e-48
4.46802e-49
1.88918e-43
1.29054e-44
9.39509e-46
7.11756e-47
5.3553e-48
3.25943e-49
1.61209e-42
1.0777e-43
7.85743e-45
6.06394e-46
4.84326e-47
3.82624e-48
2.43723e-49
1.39231e-41
8.78854e-43
6.29099e-44
4.88445e-45
3.99133e-46
3.36619e-47
2.80627e-48
1.83888e-49
1.08864e-40
7.34408e-42
4.90766e-43
3.75858e-44
3.10423e-45
2.68977e-46
2.40669e-47
2.09634e-48
1.4555e-49
6.14488e-40
5.71697e-41
3.9609e-42
2.809e-43
2.3017e-44
2.02469e-45
1.86919e-46
1.77009e-47
1.65465e-48
1.27568e-49
1.35959e-40
3.36619e-40
3.0584e-41
2.18601e-42
1.65096e-43
1.45058e-44
1.36534e-45
1.34954e-46
1.38657e-47
1.44766e-48
1.275e-49
0
1.66382e-40
1.86761e-40
1.66863e-41
1.2369e-42
1.00108e-43
9.4831e-45
9.66093e-46
1.04606e-46
1.20746e-47
1.4469e-48
1.45337e-49
7.13284e-37
0
1.38474e-40
1.05198e-40
9.29956e-42
7.20803e-43
6.32001e-44
6.57341e-45
7.39671e-46
9.05007e-47
1.20685e-47
1.65228e-48
1.83504e-49
9.80644e-36
2.57932e-37
0
1.02892e-40
6.0356e-41
5.30952e-42
4.3707e-43
4.30483e-44
4.96999e-45
6.35022e-46
9.0457e-47
1.38466e-47
2.09208e-48
2.43512e-49
2.6357e-35
4.71657e-36
8.32136e-38
0
7.44912e-41
3.54026e-41
3.12249e-42
2.90605e-43
3.22924e-44
4.23286e-45
6.34734e-46
1.0447e-46
1.76666e-47
2.80435e-48
3.26882e-49
4.28627e-35
1.70522e-35
2.26418e-36
1.96663e-38
0
5.593e-41
2.13035e-41
2.0082e-42
2.14646e-43
2.73247e-44
4.22996e-45
7.3879e-46
1.34709e-46
2.40567e-47
3.83883e-48
4.49591e-49
0
5.47194e-35
1.12727e-35
1.04789e-36
1.02885e-39
4.46923e-42
4.33223e-41
1.28699e-41
1.43784e-42
1.79259e-43
2.72499e-44
4.9617e-45
9.64558e-46
1.86897e-46
3.37936e-47
5.39199e-48
6.28746e-49
0
6.35954e-35
6.75924e-35
6.79676e-36
4.67368e-37
0
1.0289e-40
3.26408e-41
8.56533e-42
1.17948e-42
1.77837e-43
3.20666e-44
6.56121e-45
1.36584e-45
2.70239e-46
4.88092e-47
7.71343e-48
8.9003e-49
6.96807e-31
0
3.14347e-34
6.49681e-35
3.49984e-36
2.21007e-37
0
1.69654e-40
2.90795e-41
6.89025e-42
1.17928e-42
2.09824e-43
4.26762e-44
9.48766e-45
2.03606e-45
4.0269e-46
7.19571e-47
1.11889e-47
1.27214e-48
9.59556e-30
1.15881e-31
0
5.72971e-34
4.62314e-35
1.69468e-36
1.26521e-37
2.30798e-39
2.62998e-40
2.85055e-41
7.15641e-42
1.43196e-42
2.8059e-43
6.27516e-44
1.45894e-44
3.13558e-45
6.13874e-46
1.07821e-46
1.64234e-47
1.83343e-48
8.64036e-29
4.07286e-30
0
2.71044e-33
6.05078e-34
2.61892e-35
1.05015e-36
9.83594e-38
4.90457e-39
3.15533e-40
2.96014e-41
9.45751e-42
1.97688e-42
4.19757e-43
9.97476e-44
2.32488e-44
4.95178e-45
9.53487e-46
1.63875e-46
2.43639e-47
2.66205e-48
5.53881e-28
6.06319e-29
7.49655e-31
0
5.44517e-33
4.41887e-34
1.53579e-35
1.1062e-36
1.06322e-37
5.99149e-39
3.18183e-40
3.26927e-41
1.4703e-41
3.06653e-42
6.96807e-43
1.65106e-43
3.80924e-44
7.98721e-45
1.50616e-45
2.5244e-46
3.65151e-47
3.89352e-48
1.93223e-27
5.82183e-28
2.84093e-29
0
2.78419e-32
5.59248e-33
2.72459e-34
1.65098e-35
1.49338e-36
1.13119e-37
5.96576e-39
2.73671e-40
3.97465e-41
2.48012e-41
5.3443e-42
1.20827e-42
2.81959e-43
6.39096e-44
1.31353e-44
2.41797e-45
3.94133e-46
5.52928e-47
5.73444e-48
0
3.56143e-27
4.22151e-28
6.87391e-30
0
5.10188e-32
4.01403e-33
2.59605e-34
2.2954e-35
1.70265e-36
1.13637e-37
4.83865e-39
1.96247e-40
5.58669e-41
4.20708e-41
9.58223e-42
2.1608e-42
4.94365e-43
1.09629e-43
2.20193e-44
3.94679e-45
6.23867e-46
8.46052e-47
8.50185e-48
0
1.1934e-26
3.77879e-27
2.13088e-28
0
2.93411e-31
4.74682e-32
3.61165e-33
3.40444e-34
2.62395e-35
1.71036e-36
1.07992e-37
2.2167e-39
1.55285e-40
7.81307e-41
7.28096e-41
1.75508e-41
3.96159e-42
8.8809e-43
1.92219e-43
3.76378e-44
6.55337e-45
1.0016e-45
1.30807e-46
1.26549e-47
0
5.48418e-27
2.22201e-26
2.72576e-27
7.85894e-29
9.21465e-31
4.33137e-31
4.36712e-32
4.58923e-33
3.82626e-34
2.62701e-35
1.5197e-36
1.01461e-37
0
9.57682e-41
1.09627e-40
1.28102e-40
3.27366e-41
7.4278e-42
1.63349e-42
3.44604e-43
6.56479e-44
1.10766e-44
1.63168e-45
2.03867e-46
1.87121e-47
2.83283e-23
0
7.79435e-26
2.27299e-26
1.46518e-27
3.4294e-29
2.93253e-30
4.61063e-31
5.64534e-32
5.1325e-33
3.82589e-34
2.30627e-35
1.16177e-36
1.33514e-37
0
4.63467e-41
1.54626e-40
2.28697e-40
6.20672e-41
1.42222e-41
3.07592e-42
6.32191e-43
1.16972e-43
1.90746e-44
2.69129e-45
3.16719e-46
2.72197e-47
3.75626e-22
3.31417e-24
4.41691e-26
1.3393e-25
1.5946e-26
7.19614e-28
3.2673e-29
4.43581e-30
6.47316e-31
6.3997e-32
5.13023e-33
3.40418e-34
1.6751e-35
1.16598e-36
2.4316e-37
0
0
2.15505e-40
4.13593e-40
1.19486e-40
2.7788e-41
5.93075e-42
1.18772e-42
2.13123e-43
3.33985e-44
4.44089e-45
4.85112e-46
3.896e-47
2.86468e-21
1.38131e-22
0
5.31301e-25
1.23906e-25
9.27896e-27
4.51925e-28
4.85603e-29
7.15028e-30
7.56182e-31
6.39671e-32
4.58293e-33
2.59845e-34
1.58928e-35
1.94879e-36
5.2709e-37
0
0
2.87643e-40
7.56359e-40
2.33329e-40
5.53708e-41
1.17087e-41
2.28758e-42
3.96246e-43
5.86753e-44
7.23599e-45
7.32658e-46
5.48696e-47
1.57002e-20
1.4538e-21
4.13787e-23
1.46505e-24
7.16728e-25
8.66444e-26
5.49327e-27
5.40211e-28
7.83839e-29
8.59452e-30
7.55932e-31
5.63653e-32
3.60296e-33
2.7409e-34
2.72774e-35
4.02087e-36
1.19517e-36
4.91959e-39
0
3.35384e-40
1.39605e-39
4.6205e-40
1.12447e-40
2.36883e-41
4.50648e-42
7.40975e-43
1.01906e-43
1.16436e-44
1.09133e-45
7.5998e-47
9.90401e-21
7.44129e-20
6.26037e-22
1.8838e-23
3.23018e-24
6.20397e-25
5.45311e-26
5.52745e-27
8.11191e-28
9.35892e-29
8.59271e-30
6.4657e-31
4.3533e-32
4.01565e-33
4.44666e-34
4.79267e-35
7.80126e-36
2.61761e-36
1.0642e-37
0
2.35716e-40
2.60834e-39
9.28618e-40
2.3349e-40
4.90455e-41
8.94623e-42
1.37077e-42
1.75027e-43
1.85145e-44
1.60288e-45
1.03485e-46
5.19822e-21
5.84267e-20
2.76557e-19
2.79248e-22
1.86965e-23
3.55938e-24
4.40457e-25
5.00266e-26
7.69273e-27
9.47493e-28
9.35816e-29
7.14352e-30
4.60021e-31
4.74215e-32
5.57996e-33
6.04278e-34
6.71471e-35
1.32041e-35
5.56325e-36
4.55584e-37
0
0
4.96954e-39
1.92387e-39
4.98768e-40
1.0261e-40
1.75784e-41
2.51086e-42
2.97486e-43
2.90869e-44
2.32012e-45
1.38484e-46
2.59453e-21
3.62956e-20
3.0065e-19
5.86918e-19
1.63476e-22
2.00453e-23
2.94208e-24
3.9742e-25
6.6284e-26
8.79892e-27
9.47422e-28
7.83569e-29
4.41927e-30
4.3303e-31
5.06075e-32
5.3704e-33
5.64622e-34
7.08412e-35
2.08588e-35
1.18066e-35
1.4877e-36
0
0
1.05541e-38
4.24046e-39
1.08988e-39
2.132e-40
3.42578e-41
4.5564e-42
5.00315e-43
4.51362e-44
3.30921e-45
1.81968e-46
1.39076e-21
2.04953e-20
2.30815e-19
1.10397e-18
1.33674e-20
1.28393e-22
1.80948e-23
2.80871e-24
5.21129e-25
7.49402e-26
8.79803e-27
8.10992e-28
4.84913e-29
2.90076e-30
2.88578e-31
2.71012e-32
2.61206e-33
3.04811e-34
6.06784e-35
3.39651e-35
2.54184e-35
4.37649e-36
2.29911e-37
2.66449e-38
2.79272e-38
9.98916e-39
2.39769e-39
4.41379e-40
6.63128e-41
8.20093e-42
8.33423e-43
6.9209e-44
4.6496e-45
2.34507e-46
8.79714e-22
1.14599e-20
1.54418e-19
1.05766e-18
2.86441e-18
1.51136e-16
1.10146e-22
1.85524e-23
3.78512e-24
5.89394e-25
7.49268e-26
7.69113e-27
5.39786e-28
3.26198e-29
8.45983e-31
0
0
0
5.73235e-35
5.41633e-35
5.89926e-35
5.54627e-35
1.21847e-35
1.35818e-36
2.15209e-37
8.39402e-38
2.43171e-38
5.31611e-39
9.12015e-40
1.27637e-40
1.46518e-41
1.37499e-42
1.04854e-43
6.43281e-45
2.96028e-46
6.60811e-22
6.7865e-21
9.81606e-20
8.20836e-19
3.67003e-18
7.24024e-17
1.20605e-15
1.17395e-22
2.5791e-23
4.31818e-24
5.89232e-25
6.62547e-26
5.52814e-27
4.53186e-28
3.47414e-29
0
0
0
0
0
6.03e-35
1.05821e-34
1.21878e-34
3.27018e-35
5.24175e-36
9.38808e-37
2.48897e-37
5.99749e-38
1.18373e-38
1.88131e-39
2.44549e-40
2.60109e-41
2.24896e-42
1.57013e-43
8.75217e-45
3.49537e-46
7.07152e-22
4.46066e-21
6.22898e-20
5.82969e-19
3.32891e-18
3.96979e-17
5.59751e-16
4.68196e-15
1.65294e-22
2.96277e-23
4.31696e-24
5.2066e-25
5.00251e-26
5.52977e-27
7.31342e-28
8.13944e-29
7.45416e-30
8.68302e-31
1.25036e-31
0
0
7.22044e-35
1.8771e-34
2.68409e-34
8.52261e-35
1.67803e-35
3.1525e-36
7.02282e-37
1.47089e-37
2.63356e-38
3.87207e-39
4.67087e-40
4.59316e-41
3.65135e-42
2.32365e-43
1.08565e-44
3.89288e-46
9.90501e-22
4.65953e-21
4.05745e-20
4.0081e-19
2.63463e-18
2.40901e-17
2.78386e-16
2.22882e-15
1.26939e-14
1.899e-22
2.96223e-23
3.78106e-24
3.96758e-25
5.48716e-26
9.4198e-27
1.49841e-27
2.19874e-28
2.97138e-29
4.36499e-30
7.33263e-31
0
0
6.8722e-35
3.16256e-34
5.89086e-34
2.12983e-34
4.70487e-35
9.19118e-36
1.87205e-36
3.54952e-37
5.83683e-38
7.95825e-39
8.90419e-40
8.08736e-41
5.89099e-42
3.05091e-43
1.22281e-44
4.33541e-46
1.12991e-21
6.36412e-21
3.6528e-20
2.75206e-19
1.96136e-18
1.55897e-17
1.48738e-16
1.1139e-15
6.1919e-15
2.74821e-14
1.8988e-22
2.57729e-23
2.80038e-24
4.41198e-25
8.7456e-26
1.61942e-26
2.77547e-27
4.3028e-28
6.2336e-29
1.01842e-29
2.11611e-30
0
0
0
4.898e-34
1.26401e-33
5.0211e-34
1.20876e-34
2.43919e-35
4.75494e-36
8.428e-37
1.2897e-37
1.6372e-38
1.69963e-39
1.42337e-40
8.20623e-42
3.48454e-43
1.37572e-44
4.82402e-46
1.12981e-21
7.12349e-21
4.40842e-20
2.36326e-19
1.42712e-18
1.04942e-17
8.51808e-17
5.86814e-16
3.14505e-15
1.36655e-14
5.07386e-14
1.65233e-22
1.85137e-23
2.93564e-24
6.20336e-25
1.24505e-25
2.29182e-26
3.79903e-27
5.85475e-28
8.85307e-29
1.77059e-29
5.25135e-30
0
0
0
6.17881e-34
2.60198e-33
1.12968e-33
2.91115e-34
6.11859e-35
1.17548e-35
1.98675e-36
2.85669e-37
3.38732e-38
3.26364e-39
2.10495e-40
9.50994e-42
3.96757e-43
1.54465e-44
5.35739e-46
9.90277e-22
7.12265e-21
4.72861e-20
2.64041e-19
1.25659e-18
7.25825e-18
5.19752e-17
3.26907e-16
1.66897e-15
7.05127e-15
2.5607e-14
8.29335e-14
1.17276e-22
1.80861e-23
3.5375e-24
7.09115e-25
1.32666e-25
2.19546e-26
3.51787e-27
5.53383e-28
9.60485e-29
2.92368e-29
1.34446e-29
0
0
0
3.85706e-34
5.20585e-33
2.44551e-33
6.87507e-34
1.52385e-34
2.90787e-35
4.71509e-36
6.3936e-37
7.09441e-38
5.12712e-39
2.47493e-40
1.09603e-41
4.50069e-43
1.72903e-44
5.93065e-46
7.0693e-22
6.36229e-21
4.7276e-20
2.74982e-19
1.36635e-18
6.10086e-18
3.3524e-17
1.92923e-16
9.28807e-16
3.78444e-15
1.33938e-14
4.23414e-14
1.22859e-13
1.10385e-22
2.0053e-23
3.17193e-24
5.07877e-25
7.25855e-26
1.13697e-26
1.89211e-27
3.62516e-28
9.50475e-29
5.4009e-29
3.65207e-29
0
0
0
0
1.02106e-32
5.64377e-33
1.7351e-33
3.94256e-34
7.35608e-35
1.13989e-35
1.45924e-36
1.18316e-37
6.1141e-39
2.88598e-40
1.25587e-41
5.08181e-43
1.92703e-44
6.53372e-46
6.63696e-22
4.65896e-21
4.40568e-20
2.74897e-19
1.39918e-18
6.24332e-18
2.59184e-17
1.20574e-16
5.4414e-16
2.11976e-15
7.27164e-15
2.24062e-14
6.33019e-14
1.67564e-13
1.29528e-22
1.88744e-23
1.38803e-24
8.85001e-28
8.67619e-28
0
3.23218e-28
1.86899e-28
1.08911e-28
1.12824e-28
1.01764e-28
1.01992e-29
0
0
0
3.09998e-32
1.64662e-32
4.87862e-33
1.07412e-33
1.92104e-34
2.8339e-35
2.58106e-36
1.42998e-37
7.20952e-39
3.33846e-40
1.42985e-41
5.70473e-43
2.13495e-44
7.1492e-46
8.9111e-22
4.48571e-21
3.64954e-20
2.63783e-19
1.39867e-18
6.22398e-18
2.43009e-17
8.78347e-17
3.3657e-16
1.24425e-15
4.10882e-15
1.22983e-14
3.38413e-14
8.69794e-14
2.12718e-13
1.67292e-22
1.97676e-23
0
0
0
0
0
9.95989e-29
1.55147e-28
2.45904e-28
2.76905e-28
5.32713e-29
3.06079e-30
0
2.17473e-31
1.54252e-31
5.62494e-32
1.47481e-32
3.0552e-33
5.20764e-34
5.31648e-35
3.15975e-36
1.70383e-37
8.41425e-39
3.8303e-40
1.61603e-41
6.35734e-43
2.3465e-44
7.75026e-46
1.42092e-21
6.87027e-21
4.07029e-20
2.35898e-19
1.36472e-18
6.22193e-18
2.33733e-17
7.63985e-17
2.3634e-16
7.68571e-16
2.42574e-15
7.0155e-15
1.87695e-14
4.69285e-14
1.11107e-13
2.53328e-13
2.89469e-22
4.43399e-23
4.01928e-24
0
0
0
0
4.93538e-29
2.36419e-28
5.15149e-28
7.05769e-28
1.9063e-28
3.14617e-29
6.21571e-30
2.00246e-30
6.79322e-31
1.94607e-31
4.60769e-32
9.04407e-33
1.03385e-33
6.58921e-35
3.80191e-36
2.00492e-37
9.7227e-39
4.35594e-40
1.8107e-41
7.0193e-43
2.55211e-44
8.29846e-46
2.65874e-21
1.16469e-20
6.27356e-20
2.75407e-19
1.25338e-18
6.23649e-18
2.33668e-17
7.10733e-17
1.94508e-16
5.27437e-16
1.5032e-15
4.17362e-15
1.0814e-14
2.62949e-14
6.04624e-14
1.3304e-13
2.84611e-13
6.47891e-22
1.44577e-22
2.99278e-23
5.90203e-24
8.22368e-25
0
0
0
3.16451e-28
9.76946e-28
1.69184e-27
5.72082e-28
1.33395e-28
3.23737e-29
8.96192e-30
2.55499e-30
6.62743e-31
1.48584e-31
1.89644e-32
1.29627e-33
8.00212e-35
4.50815e-36
2.33186e-37
1.11199e-38
4.90466e-40
2.00764e-41
7.65977e-43
2.73814e-44
8.7423e-46
5.30656e-21
2.08266e-20
9.90298e-20
4.02115e-19
1.42548e-18
6.08692e-18
2.4279e-17
7.10557e-17
1.76031e-16
4.16961e-16
1.01736e-15
2.60155e-15
6.49092e-15
1.53087e-14
3.42269e-14
7.30013e-14
1.50228e-13
3.02821e-13
1.48771e-21
3.84587e-22
9.20756e-23
2.10724e-23
3.96238e-24
0
0
0
2.52717e-28
1.62605e-27
3.83626e-27
1.5317e-27
4.29578e-28
1.14687e-28
3.25887e-29
9.11802e-30
2.30814e-30
3.28216e-31
2.40403e-32
1.58788e-33
9.55685e-35
5.27521e-36
2.68087e-37
1.25769e-38
5.45869e-40
2.1975e-41
8.23517e-43
2.88652e-44
9.01778e-46
1.00242e-20
3.67297e-20
1.55636e-19
5.85267e-19
1.96255e-18
7.25418e-18
2.5874e-17
7.63406e-17
1.75991e-16
3.6904e-16
7.81122e-16
1.74745e-15
4.07723e-15
9.28135e-15
2.01492e-14
4.17631e-14
8.31246e-14
1.6064e-13
3.05918e-13
2.89432e-21
7.59086e-22
1.86761e-22
4.68842e-23
1.12978e-23
0
0
0
0
2.20919e-27
8.2591e-27
3.79034e-27
1.2012e-27
3.77568e-28
1.17572e-28
3.38501e-29
5.35682e-30
4.20322e-31
2.96891e-32
1.90913e-33
1.12465e-34
6.0942e-36
3.04464e-37
1.40457e-38
5.99114e-40
2.36706e-41
8.68794e-43
2.97496e-44
9.05249e-46
1.57283e-20
5.86688e-20
2.31702e-19
8.22807e-19
2.63694e-18
1.05317e-17
3.354e-17
8.77187e-17
1.94377e-16
3.68962e-16
6.79194e-16
1.31394e-15
2.73077e-15
5.88412e-15
1.23542e-14
2.48825e-14
4.80857e-14
8.96705e-14
1.63156e-13
2.9368e-13
4.38801e-21
1.1294e-21
2.86378e-22
8.66394e-23
3.12965e-23
0
0
0
0
1.68361e-27
1.71547e-26
8.86607e-27
3.71594e-27
1.38886e-27
4.6557e-28
8.23653e-29
6.92661e-30
5.23066e-31
3.59219e-32
2.25866e-33
1.30515e-34
6.94777e-36
3.41099e-37
1.54538e-38
6.46418e-40
2.49893e-41
8.94784e-43
2.97866e-44
8.7755e-46
1.87573e-20
7.40012e-20
2.99486e-19
1.0554e-18
3.32657e-18
1.57207e-17
5.23064e-17
1.20695e-16
2.36078e-16
4.16703e-16
6.79058e-16
1.12676e-15
2.02371e-15
3.94438e-15
7.91729e-15
1.54506e-14
2.90277e-14
5.24981e-14
9.19367e-14
1.57638e-13
2.67324e-13
5.02504e-21
1.28442e-21
3.63454e-22
1.63056e-22
9.58771e-23
0
0
0
0
0
3.49788e-26
3.02179e-26
1.49813e-26
6.00496e-27
1.19235e-27
1.07552e-28
8.68345e-30
6.36709e-31
4.27145e-32
2.63241e-33
1.49332e-34
7.80679e-36
3.76142e-37
1.66988e-38
6.82813e-40
2.57206e-41
8.93765e-43
2.87396e-44
8.1395e-46
1.58207e-20
6.5128e-20
2.72594e-19
1.09162e-18
3.65096e-18
2.44392e-17
8.62754e-17
1.94348e-16
3.36978e-16
5.26919e-16
7.80671e-16
1.12654e-15
1.71713e-15
2.89573e-15
5.32945e-15
1.00264e-14
1.82837e-14
3.21562e-14
5.45346e-14
8.97739e-14
1.44735e-13
2.28818e-13
4.14922e-21
1.11688e-21
4.37982e-22
3.48425e-22
3.00298e-22
3.62792e-23
0
0
0
0
2.22379e-25
1.52118e-25
7.32065e-26
1.62824e-26
1.57411e-27
1.35857e-28
1.06328e-29
7.60846e-31
4.99883e-32
3.02225e-33
1.6826e-34
8.62695e-36
4.06988e-37
1.76467e-38
7.02305e-40
2.5635e-41
8.58562e-43
2.64645e-44
7.19528e-46
7.72016e-21
3.25256e-20
1.31987e-19
5.71017e-19
2.82369e-18
4.05773e-17
1.51621e-16
3.31439e-16
5.48313e-16
7.69581e-16
1.01645e-15
1.31323e-15
1.71682e-15
2.43792e-15
3.89282e-15
6.79863e-15
1.20377e-14
2.05842e-14
3.3952e-14
5.40386e-14
8.34858e-14
1.25497e-13
1.7968e-13
2.15397e-21
7.631e-22
5.86441e-22
7.89991e-22
9.02642e-22
2.38133e-22
2.05662e-24
0
0
2.04673e-24
1.54152e-24
8.53057e-25
2.10576e-25
2.17488e-26
2.00474e-27
1.67379e-28
1.27682e-29
8.94034e-31
5.7582e-32
3.4143e-33
1.86299e-34
9.34566e-36
4.30224e-37
1.81363e-38
6.98445e-40
2.45247e-41
7.85187e-43
2.31652e-44
6.0889e-46
1.25976e-22
0
0
0
0
7.45969e-17
2.85382e-16
5.98384e-16
9.41741e-16
1.25387e-15
1.50528e-15
1.74602e-15
2.0227e-15
2.43752e-15
3.25981e-15
4.96015e-15
8.24837e-15
1.37802e-14
2.21378e-14
3.42588e-14
5.11099e-14
7.36251e-14
1.00709e-13
1.21678e-13
4.62496e-22
4.22266e-22
8.45815e-22
1.73982e-21
2.51777e-21
9.66886e-22
2.027e-22
5.48729e-23
2.81786e-23
1.61177e-23
9.54986e-24
2.58631e-24
2.84515e-25
2.79361e-26
2.48591e-27
2.02015e-28
1.50643e-29
1.03324e-30
6.52173e-32
3.78721e-33
2.02034e-34
9.8811e-36
4.4177e-37
1.79963e-38
6.65516e-40
2.22845e-41
6.80855e-43
1.93643e-44
4.93356e-46
0
0
0
0
0
1.56561e-16
5.76031e-16
1.14097e-15
1.70121e-15
2.14893e-15
2.44437e-15
2.60528e-15
2.72875e-15
2.89442e-15
3.25933e-15
4.14056e-15
6.03286e-15
9.5735e-15
1.51086e-14
2.28095e-14
3.30795e-14
4.60228e-14
6.06032e-14
7.11796e-14
0
0
1.16951e-21
3.46428e-21
6.49402e-21
3.18364e-21
1.04553e-21
3.79996e-22
1.66878e-22
1.0188e-22
3.01494e-23
3.5299e-24
3.68487e-25
3.48702e-26
3.01602e-27
2.39338e-28
1.74669e-29
1.1732e-30
7.24648e-32
4.11078e-33
2.13618e-34
1.01359e-35
4.37332e-37
1.70784e-38
6.00924e-40
1.91515e-41
5.62445e-43
1.54576e-44
3.82485e-46
0
0
0
0
0
3.75433e-16
1.24265e-15
2.28912e-15
3.21848e-15
3.85573e-15
4.16431e-15
4.20537e-15
4.08327e-15
3.94179e-15
3.89127e-15
4.14003e-15
5.03091e-15
7.04475e-15
1.06809e-14
1.59179e-14
2.25565e-14
3.05236e-14
3.8989e-14
4.48255e-14
0
0
1.06423e-21
5.89471e-21
1.56051e-20
9.14435e-21
3.75264e-21
1.53989e-21
1.01933e-21
3.3252e-22
4.15093e-23
4.606e-24
4.62882e-25
4.25274e-26
3.58823e-27
2.7843e-28
1.98814e-29
1.30572e-30
7.87164e-32
4.34571e-33
2.18862e-34
1.00089e-35
4.13296e-37
1.53235e-38
5.1196e-40
1.56427e-41
4.42466e-43
1.17699e-44
2.83254e-46
0
0
0
0
0
1.0044e-15
2.84541e-15
4.811e-15
6.35064e-15
7.21026e-15
7.40507e-15
7.10845e-15
6.53968e-15
5.89319e-15
5.32645e-15
4.95847e-15
5.03039e-15
5.88102e-15
7.93644e-15
1.14991e-14
1.61493e-14
2.13902e-14
2.66857e-14
3.02327e-14
0
0
0
7.77763e-21
3.50982e-20
2.40855e-20
1.13891e-20
9.41927e-21
3.45945e-21
4.61896e-22
5.45356e-23
5.82004e-24
5.67367e-25
5.08039e-26
4.18776e-27
3.17678e-28
2.21607e-29
1.41927e-30
8.31845e-32
4.44594e-33
2.15531e-34
9.41753e-36
3.68437e-37
1.29416e-38
4.13552e-40
1.21333e-41
3.30901e-43
8.52817e-45
1.99796e-46
0
0
0
0
1.42575e-16
2.91343e-15
6.85659e-15
1.05436e-14
1.30232e-14
1.4002e-14
1.36868e-14
1.25185e-14
1.09544e-14
9.35008e-15
7.93007e-15
6.79553e-15
6.03124e-15
5.88056e-15
6.64621e-15
8.66185e-15
1.19796e-14
1.57778e-14
1.93373e-14
2.17061e-14
0
0
0
3.86968e-21
7.65883e-20
5.97607e-20
8.04727e-20
3.39368e-20
4.85902e-21
6.11187e-22
6.92947e-23
7.16725e-24
6.8043e-25
5.94734e-26
4.7886e-27
3.54584e-28
2.40979e-29
1.49896e-30
8.49555e-32
4.36513e-33
2.01864e-34
8.33939e-36
3.08423e-37
1.03386e-38
3.16336e-40
8.91505e-42
2.34447e-43
5.85627e-45
1.3189e-46
0
0
0
0
1.86867e-15
8.89013e-15
1.72295e-14
2.39917e-14
2.76767e-14
2.81653e-14
2.62175e-14
2.28833e-14
1.90978e-14
1.55031e-14
1.24443e-14
1.00434e-14
8.2456e-15
7.04342e-15
6.64588e-15
7.2915e-15
9.19149e-15
1.20906e-14
1.47713e-14
1.64811e-14
0
0
0
0
1.64836e-19
6.52327e-19
3.15299e-19
4.83461e-20
6.48272e-21
7.81037e-22
8.57135e-23
8.62631e-24
7.98777e-25
6.81389e-26
5.35065e-27
3.85648e-28
2.54286e-29
1.52775e-30
8.31293e-32
4.06829e-33
1.7752e-34
6.91798e-36
2.43635e-37
7.79836e-39
2.28369e-40
6.17592e-42
1.56453e-43
3.73301e-45
8.38045e-47
0
0
0
0
9.93871e-15
2.7565e-14
4.47606e-14
5.64658e-14
6.08234e-14
5.85917e-14
5.19612e-14
4.33236e-14
3.45442e-14
2.67438e-14
2.03994e-14
1.55614e-14
1.20594e-14
9.5716e-15
7.93563e-15
7.29135e-15
7.79467e-15
9.51068e-15
1.17848e-14
1.31561e-14
0
0
0
0
5.25601e-18
2.79481e-18
4.56118e-19
6.51033e-20
8.33467e-21
9.7029e-22
1.03498e-22
1.01511e-23
9.16644e-25
7.61912e-26
5.81808e-27
4.06441e-28
2.58542e-29
1.48926e-30
7.70613e-32
3.55194e-33
1.45902e-34
5.4025e-36
1.81183e-37
5.5304e-39
1.54653e-40
4.00234e-42
9.58981e-44
2.2729e-45
5.33784e-47
0
0
0
5.93196e-15
3.90326e-14
8.31136e-14
1.18862e-13
1.37047e-13
1.38027e-13
1.25954e-13
1.06491e-13
8.48822e-14
6.47362e-14
4.78802e-14
3.47969e-14
2.51838e-14
1.84124e-14
1.38068e-14
1.06804e-14
8.66176e-15
7.79476e-15
8.14804e-15
9.60928e-15
1.10141e-14
0
0
0
4.3596e-17
2.3771e-17
4.0919e-18
6.19585e-19
8.4204e-20
1.03971e-20
1.17501e-21
1.2203e-22
1.16621e-23
1.02526e-24
8.27905e-26
6.12123e-27
4.12056e-28
2.50963e-29
1.37249e-30
6.67666e-32
2.89164e-33
1.12621e-34
3.96024e-36
1.26189e-37
3.65993e-39
9.72786e-41
2.35494e-42
5.55577e-44
1.37955e-45
3.42233e-47
0
0
0
4.18639e-14
1.30952e-13
2.35447e-13
3.14056e-13
3.40926e-13
3.23257e-13
2.79793e-13
2.25733e-13
1.72152e-13
1.25687e-13
8.89075e-14
6.16599e-14
4.24407e-14
2.93696e-14
2.07261e-14
1.51401e-14
1.15005e-14
9.19228e-15
8.14837e-15
8.35812e-15
9.46751e-15
0
0
3.7322e-16
1.93936e-16
3.49267e-17
5.58862e-18
8.05088e-19
1.05398e-19
1.26196e-20
1.3873e-21
1.40265e-22
1.30396e-23
1.11271e-24
8.6905e-26
6.18443e-27
3.98065e-28
2.29825e-29
1.17943e-30
5.38296e-32
2.20581e-33
8.13654e-35
2.70835e-36
8.15851e-38
2.2335e-39
5.48913e-41
1.29531e-42
3.18147e-44
8.38375e-46
2.2152e-47
0
0
3.77072e-14
1.72194e-13
3.93582e-13
6.32422e-13
8.02562e-13
8.50655e-13
7.78246e-13
6.42768e-13
4.95405e-13
3.61808e-13
2.53075e-13
1.71351e-13
1.13519e-13
7.44127e-14
4.88444e-14
3.25239e-14
2.22871e-14
1.59538e-14
1.19834e-14
9.51238e-15
8.35869e-15
8.44109e-15
1.72517e-15
3.25202e-15
1.50754e-15
2.82621e-16
4.76761e-17
7.2735e-18
1.00948e-18
1.28084e-19
1.4907e-20
1.59419e-21
1.56665e-22
1.41241e-23
1.16459e-24
8.74426e-26
5.94211e-27
3.61996e-28
1.95786e-29
9.41186e-31
4.05822e-32
1.57065e-33
5.46372e-35
1.71054e-36
4.82937e-38
1.20838e-39
2.86097e-41
6.9678e-43
1.80632e-44
5.117e-46
1.45231e-47
3.18444e-14
5.32772e-14
2.12573e-13
5.69521e-13
1.08986e-12
1.62397e-12
1.99103e-12
2.07824e-12
1.88976e-12
1.52306e-12
1.12759e-12
7.89365e-13
5.29409e-13
3.43348e-13
2.17446e-13
1.35869e-13
8.4692e-14
5.3302e-14
3.43276e-14
2.29597e-14
1.6189e-14
1.20967e-14
9.61176e-15
8.4419e-15
2.68236e-14
1.1014e-14
2.15072e-15
3.82685e-16
6.1872e-17
9.11144e-18
1.22612e-18
1.51189e-19
1.71087e-20
1.77714e-21
1.69224e-22
1.47275e-23
1.16614e-24
8.3502e-26
5.36243e-27
3.05501e-28
1.54578e-29
7.00924e-31
2.84827e-32
1.03576e-33
3.37157e-35
9.82426e-37
2.50452e-38
5.9695e-40
1.44328e-41
3.66717e-43
1.01651e-44
3.13759e-46
9.67794e-48
1.89064e-13
3.17667e-13
7.80707e-13
1.65192e-12
2.83525e-12
4.01585e-12
4.81425e-12
4.98522e-12
4.52936e-12
3.65787e-12
2.65698e-12
1.79208e-12
1.15331e-12
7.1697e-13
4.34349e-13
2.58871e-13
1.53356e-13
9.13167e-14
5.53431e-14
3.46246e-14
2.27014e-14
1.58203e-14
1.17926e-14
9.47041e-15
7.35793e-14
1.51911e-14
2.86577e-15
4.9266e-16
7.71694e-17
1.10359e-17
1.44389e-18
1.73085e-19
1.90153e-20
1.91253e-21
1.75641e-22
1.46634e-23
1.10589e-24
7.47261e-26
4.4803e-27
2.38501e-28
1.1368e-29
4.84849e-31
1.84518e-32
6.24731e-34
1.87986e-35
4.88731e-37
1.17439e-38
2.82761e-40
7.04184e-42
1.88122e-43
5.62998e-45
1.92097e-46
6.56368e-48
4.32348e-13
1.17417e-12
2.36309e-12
4.38664e-12
7.02334e-12
9.62338e-12
1.13893e-11
1.17741e-11
1.07409e-11
8.72749e-12
6.37558e-12
4.22862e-12
2.62418e-12
1.56467e-12
9.07288e-13
5.16097e-13
2.90738e-13
1.63911e-13
9.35768e-14
5.48124e-14
3.34195e-14
2.15241e-14
1.48148e-14
1.10224e-14
9.75486e-14
1.97808e-14
3.64138e-15
6.09622e-16
9.29694e-17
1.29413e-17
1.64652e-18
1.91578e-19
2.03678e-20
1.97413e-21
1.73729e-22
1.37972e-23
9.80553e-25
6.1766e-26
3.45669e-27
1.73139e-28
7.74884e-30
3.0875e-31
1.08857e-32
3.38442e-34
8.9817e-36
2.17837e-37
5.23778e-39
1.28159e-40
3.30165e-42
9.29334e-44
3.02111e-45
1.15411e-46
4.50442e-48
5.53939e-13
2.34961e-12
6.38512e-12
1.09374e-11
1.67368e-11
2.24681e-11
2.64557e-11
2.74542e-11
2.52578e-11
2.07312e-11
1.52867e-11
1.02083e-11
6.2316e-12
3.58065e-12
1.98828e-12
1.08002e-12
5.7891e-13
3.09226e-13
1.66398e-13
9.13261e-14
5.18147e-14
3.08246e-14
1.94553e-14
1.31976e-14
1.23814e-13
2.47158e-14
4.45664e-15
7.28799e-16
1.08364e-16
1.46786e-17
1.81274e-18
2.04031e-19
2.08883e-20
1.93812e-21
1.62046e-22
1.21094e-23
8.01109e-25
4.70675e-26
2.47607e-27
1.16281e-28
4.85054e-30
1.7846e-31
5.73817e-33
1.55547e-34
3.81219e-36
9.16489e-38
2.21398e-39
5.50366e-41
1.46208e-42
4.30885e-44
1.52041e-45
6.56835e-47
3.06537e-48
6.88431e-13
2.94587e-12
1.14286e-11
2.60395e-11
3.86858e-11
5.13563e-11
6.05361e-11
6.33605e-11
5.90251e-11
4.91204e-11
3.66945e-11
2.47601e-11
1.52102e-11
8.5883e-12
4.58798e-12
2.38074e-12
1.21488e-12
6.15124e-13
3.12264e-13
1.60685e-13
8.48794e-14
4.66307e-14
2.69365e-14
1.65782e-14
1.52055e-13
2.98698e-14
5.27818e-15
8.43158e-16
1.22103e-16
1.60576e-17
1.91771e-18
2.0771e-19
2.03369e-20
1.79054e-21
1.40655e-22
9.76959e-24
6.0245e-25
3.3251e-26
1.63826e-27
7.15641e-29
2.74821e-30
9.17032e-32
2.54205e-33
6.3011e-35
1.51603e-36
3.61969e-38
8.75324e-40
2.1869e-41
5.90987e-43
1.78664e-44
6.75154e-46
3.31293e-47
1.9771e-48
8.34682e-13
3.61936e-12
1.41332e-11
4.44758e-11
8.73511e-11
1.15446e-10
1.36892e-10
1.45085e-10
1.37355e-10
1.16303e-10
8.83286e-11
6.04416e-11
3.74999e-11
2.12708e-11
1.1144e-11
5.5494e-12
2.69675e-12
1.29507e-12
6.20505e-13
2.99632e-13
1.47444e-13
7.48038e-14
3.94772e-14
2.18967e-14
1.81611e-13
3.50371e-14
6.05713e-15
9.43177e-16
1.32629e-16
1.6862e-17
1.93653e-18
2.0039e-19
1.85936e-20
1.53574e-21
1.11957e-22
7.24456e-24
4.19426e-25
2.16642e-26
9.9155e-28
3.9762e-29
1.379e-30
3.92534e-32
9.85456e-34
2.3744e-35
5.60571e-37
1.31922e-38
3.14162e-40
7.68603e-42
2.05332e-43
6.1899e-45
2.45632e-46
1.37382e-47
1.11985e-48
9.89653e-13
4.36882e-12
1.72853e-11
5.50048e-11
1.4683e-10
2.56404e-10
3.0695e-10
3.30476e-10
3.18944e-10
2.75659e-10
2.13554e-10
1.4871e-10
9.35309e-11
5.34968e-11
2.80782e-11
1.36741e-11
6.35722e-12
2.89656e-12
1.31051e-12
5.94161e-13
2.72585e-13
1.27753e-13
6.15219e-14
3.05828e-14
2.11341e-13
3.99094e-14
6.72715e-15
1.01706e-15
1.38198e-16
1.68819e-17
1.85021e-18
1.81184e-19
1.57456e-20
1.20499e-21
8.17974e-23
4.96713e-24
2.68933e-25
1.28919e-26
5.40547e-28
1.95065e-29
5.73249e-31
1.46107e-32
3.52824e-34
8.23968e-36
1.88625e-37
4.27502e-39
9.69752e-41
2.23424e-42
5.77873e-44
1.77459e-45
7.77434e-47
5.21326e-48
5.34434e-49
1.14754e-12
5.1826e-12
2.09122e-11
6.76266e-11
1.82915e-10
4.31577e-10
6.85061e-10
7.50997e-10
7.40742e-10
6.553e-10
5.19441e-10
3.69334e-10
2.36318e-10
1.36819e-10
7.22253e-11
3.51081e-11
1.59064e-11
6.90945e-12
2.95277e-12
1.2575e-12
5.38155e-13
2.33144e-13
1.0242e-13
4.54506e-14
2.39464e-13
4.40595e-14
7.20574e-15
1.05176e-15
1.37163e-16
1.59676e-17
1.65347e-18
1.5138e-19
1.21684e-20
8.66708e-22
5.51944e-23
3.13295e-24
1.57293e-25
6.89908e-27
2.59532e-28
7.88758e-30
2.05926e-31
4.98599e-33
1.15209e-34
2.56614e-36
5.52094e-38
1.15758e-39
2.41561e-41
5.32851e-43
1.47432e-44
5.41545e-46
3.01713e-47
2.5481e-48
2.58316e-49
1.29875e-12
6.03302e-12
2.49951e-11
8.2601e-11
2.27173e-10
5.43827e-10
1.16758e-09
1.70871e-09
1.72548e-09
1.56606e-09
1.27362e-09
9.27496e-10
6.05799e-10
3.56311e-10
1.89921e-10
9.25286e-11
4.16467e-11
1.75621e-11
7.12488e-12
2.85102e-12
1.13866e-12
4.56242e-13
1.8288e-13
7.22834e-14
2.6343e-13
4.69478e-14
7.4015e-15
1.03519e-15
1.28434e-16
1.40998e-17
1.36227e-18
1.15142e-19
8.60962e-21
5.75136e-22
3.42298e-23
1.80068e-24
8.2629e-26
3.246e-27
1.02284e-28
2.74751e-30
6.71992e-32
1.53692e-33
3.3289e-35
6.81681e-37
1.318e-38
2.52447e-40
5.31194e-42
1.3634e-43
4.82432e-45
2.34726e-46
1.77509e-47
1.76969e-48
1.42909e-12
6.86897e-12
2.94315e-11
1.00034e-10
2.80972e-10
6.84178e-10
1.49253e-09
2.97286e-09
4.04582e-09
3.77306e-09
3.15578e-09
2.36045e-09
1.57882e-09
9.46641e-10
5.11345e-10
2.50675e-10
1.12582e-10
4.68919e-11
1.83863e-11
6.94978e-12
2.59144e-12
9.6077e-13
3.51587e-13
1.23634e-13
2.79939e-13
4.79722e-14
7.23095e-15
9.59949e-16
1.12058e-16
1.14509e-17
1.01919e-18
8.00808e-20
5.61455e-21
3.5048e-22
1.93282e-23
9.28681e-25
3.81208e-26
1.24954e-27
3.46604e-29
8.66069e-31
1.96211e-32
4.13338e-34
8.05077e-36
1.45933e-37
2.63145e-39
5.44877e-41
1.42861e-42
4.85571e-44
2.28088e-45
1.47835e-46
1.43059e-47
1.51974e-12
7.60944e-12
3.39833e-11
1.19707e-10
3.45261e-10
8.58162e-10
1.90592e-09
3.86445e-09
7.23348e-09
9.19776e-09
7.92401e-09
6.10479e-09
4.19477e-09
2.57269e-09
1.4133e-09
6.99631e-10
3.14739e-10
1.30066e-10
5.00362e-11
1.81833e-11
6.36658e-12
2.18529e-12
7.30428e-13
2.2853e-13
2.85246e-13
4.65866e-14
6.64628e-15
8.27816e-16
8.9699e-17
8.42299e-18
6.96342e-19
5.12834e-20
3.35965e-21
1.94335e-22
9.78719e-24
4.20267e-25
1.43612e-26
4.13098e-28
1.05885e-29
2.41602e-31
4.926e-33
9.148e-35
1.57298e-36
2.77063e-38
5.82721e-40
1.56111e-41
5.34845e-43
2.38309e-44
1.47959e-45
1.21382e-46
1.549e-12
8.14299e-12
3.82227e-11
1.40816e-10
4.19933e-10
1.07023e-09
2.42696e-09
5.01735e-09
9.58292e-09
1.70015e-08
2.02348e-08
1.60855e-08
1.13963e-08
7.17745e-09
4.02534e-09
2.01967e-09
9.13213e-10
3.75901e-10
1.42433e-10
5.03939e-11
1.68557e-11
5.3882e-12
1.64674e-12
4.58505e-13
2.75944e-13
4.24965e-14
5.66871e-15
6.53229e-16
6.48563e-17
5.65049e-18
4.37626e-19
3.01129e-20
1.82834e-21
9.65999e-23
4.34672e-24
1.55086e-25
4.64607e-27
1.22786e-28
2.84682e-30
5.69575e-32
1.00535e-33
1.65801e-35
2.92572e-37
6.3603e-39
1.75515e-40
6.08806e-42
2.65855e-43
1.54492e-44
1.21203e-45
1.49693e-12
8.33898e-12
4.15053e-11
1.6164e-10
5.02766e-10
1.32157e-09
3.07194e-09
6.49211e-09
1.26699e-08
2.30059e-08
3.89084e-08
4.3313e-08
3.17072e-08
2.06134e-08
1.18655e-08
6.0636e-09
2.76747e-09
1.13841e-09
4.26769e-10
1.47473e-10
4.75595e-11
1.43873e-11
4.04345e-12
1.00321e-12
2.50262e-13
3.5887e-14
4.41176e-15
4.6427e-16
4.27063e-17
3.48314e-18
2.52016e-19
1.60759e-20
8.91936e-22
4.21186e-23
1.57265e-24
4.92155e-26
1.3483e-27
3.19898e-29
6.43474e-31
1.08313e-32
1.72205e-34
3.07544e-36
6.94407e-38
1.98886e-39
6.99835e-41
3.0502e-42
1.70149e-43
1.2483e-44
1.35314e-12
8.07728e-12
4.30214e-11
1.79274e-10
5.88008e-10
1.60634e-09
3.84686e-09
8.34006e-09
1.66722e-08
3.10238e-08
5.39091e-08
8.72506e-08
9.05197e-08
6.08839e-08
3.62466e-08
1.9017e-08
8.82289e-09
3.64799e-09
1.35899e-09
4.61116e-10
1.43634e-10
4.12337e-11
1.08048e-11
2.40388e-12
2.09541e-13
2.75688e-14
3.08304e-15
3.00037e-16
2.58129e-17
1.96621e-18
1.31921e-19
7.69457e-21
3.81817e-22
1.49558e-23
4.90171e-25
1.39952e-26
3.4211e-28
6.98421e-30
1.16809e-31
1.7804e-33
3.21373e-35
7.52228e-37
2.22787e-38
8.04376e-40
3.49951e-41
1.9234e-42
1.34563e-43
1.12569e-12
7.296e-12
4.19877e-11
1.89669e-10
6.64986e-10
1.90659e-09
4.73515e-09
1.05796e-08
2.17352e-08
4.15474e-08
7.42734e-08
1.24134e-07
1.92742e-07
1.84939e-07
1.14058e-07
6.21251e-08
2.96625e-08
1.24653e-08
4.65669e-09
1.56282e-09
4.72856e-10
1.28531e-10
3.11704e-11
6.2763e-12
1.59069e-13
1.89542e-14
1.9557e-15
1.77796e-16
1.42783e-17
1.00887e-18
6.19356e-20
3.23392e-21
1.33149e-22
4.5849e-24
1.36945e-25
3.47393e-27
7.26996e-29
1.23589e-30
1.88373e-32
3.35736e-34
8.04482e-36
2.45923e-37
9.08069e-39
4.00373e-40
2.16722e-41
1.48581e-42
8.4584e-13
6.04351e-12
3.79819e-11
1.88415e-10
7.1768e-10
2.18706e-09
5.68093e-09
1.3157e-08
2.78965e-08
5.49511e-08
1.01295e-07
1.75049e-07
2.82549e-07
4.21394e-07
3.68771e-07
2.08356e-07
1.03941e-07
4.52107e-08
1.72257e-08
5.80036e-09
1.72067e-09
4.44105e-10
9.90361e-11
1.76492e-11
1.07691e-13
1.18065e-14
1.13629e-15
9.63669e-17
7.17915e-18
4.64509e-19
2.55562e-20
1.10798e-21
4.02019e-23
1.2606e-24
3.33962e-26
7.23112e-28
1.26813e-29
2.01212e-31
3.62458e-33
8.55953e-35
2.65981e-36
1.00637e-37
4.49207e-39
2.43484e-40
1.63296e-41
5.64623e-13
4.50327e-12
3.12929e-11
1.72518e-10
7.27006e-10
2.39311e-09
6.57298e-09
1.58957e-08
3.49654e-08
7.12527e-08
1.35835e-07
2.43219e-07
4.08593e-07
6.39258e-07
9.1603e-07
7.14421e-07
3.69756e-07
1.69468e-07
6.74337e-08
2.32891e-08
6.88728e-09
1.70298e-09
3.50956e-10
5.48331e-11
6.59178e-14
6.72821e-15
6.03582e-16
4.74744e-17
3.24148e-18
1.88175e-19
8.60477e-21
3.29768e-22
1.08974e-23
3.02863e-25
6.84845e-27
1.25252e-28
2.09811e-30
3.98171e-32
9.46178e-34
2.86425e-35
1.08849e-36
4.94119e-38
2.68745e-39
1.79129e-40
3.39983e-13
2.96865e-12
2.30362e-11
1.42689e-10
6.77468e-10
2.45752e-09
7.23995e-09
1.84539e-08
4.23816e-08
8.97616e-08
1.77586e-07
3.30301e-07
5.78384e-07
9.49807e-07
1.44632e-06
1.99214e-06
1.33282e-06
6.3099e-07
2.66445e-07
9.68431e-08
2.91546e-08
7.02035e-09
1.36311e-09
1.89861e-10
3.68702e-14
3.50406e-15
2.91444e-16
2.10215e-17
1.28941e-18
6.22834e-20
2.52608e-21
8.82648e-23
2.58589e-24
6.14313e-26
1.18413e-27
2.10751e-29
4.25753e-31
1.05623e-32
3.19002e-34
1.17549e-35
5.30758e-37
2.91131e-38
1.93633e-39
1.86847e-13
1.76068e-12
1.49112e-11
1.04437e-10
5.67484e-10
2.32169e-09
7.47411e-09
2.03237e-08
4.91199e-08
1.08717e-07
2.24099e-07
4.34192e-07
7.93904e-07
1.36897e-06
2.2118e-06
3.29732e-06
4.37156e-06
2.35387e-06
1.01048e-06
3.88846e-07
1.21595e-07
2.899e-08
5.48482e-09
7.1441e-10
1.88412e-14
1.65956e-15
1.26586e-16
8.21393e-18
4.19707e-19
1.80432e-20
6.6831e-22
2.07281e-23
5.20579e-25
1.06384e-26
2.02468e-28
4.35599e-30
1.14147e-31
3.56746e-33
1.30465e-34
5.69442e-36
3.0866e-37
2.05981e-38
9.37997e-14
9.51872e-13
8.65073e-12
6.66128e-11
4.17081e-10
1.97033e-09
7.09717e-09
2.09208e-08
5.37514e-08
1.25147e-07
2.69983e-07
5.46557e-07
1.04537e-06
1.89346e-06
3.24003e-06
5.1947e-06
7.64537e-06
9.802e-06
3.80419e-06
1.42158e-06
4.4965e-07
1.06624e-07
2.07455e-08
2.73068e-09
8.76125e-15
7.07614e-16
4.86175e-17
2.63101e-18
1.20041e-19
4.72199e-21
1.5555e-22
4.14945e-24
9.04111e-26
1.845e-27
4.24329e-29
1.1735e-30
3.84558e-32
1.44748e-33
6.25128e-35
3.2703e-36
2.15008e-37
4.28889e-14
4.70068e-13
4.56529e-12
3.78642e-11
2.64244e-10
1.46223e-09
6.0603e-09
1.97844e-08
5.47662e-08
1.35255e-07
3.07004e-07
6.51537e-07
1.30579e-06
2.48466e-06
4.49477e-06
7.70408e-06
1.23979e-05
1.82444e-05
2.28922e-05
5.1643e-06
1.32802e-06
2.61148e-07
6.06813e-08
9.52123e-09
3.67302e-15
2.67384e-16
1.53403e-17
7.43421e-19
3.10953e-20
1.09028e-21
3.1019e-23
7.23289e-25
1.58547e-26
3.89787e-28
1.14409e-29
3.92953e-31
1.54379e-32
6.83838e-34
3.53576e-35
2.24575e-36
1.77184e-14
2.11727e-13
2.19894e-12
1.95213e-11
1.47887e-10
9.28157e-10
4.53005e-09
1.68401e-08
5.11528e-08
1.35493e-07
3.25756e-07
7.27604e-07
1.53089e-06
3.05997e-06
5.83824e-06
1.06434e-05
1.84896e-05
3.03183e-05
4.55038e-05
5.72109e-05
4.00665e-06
0
3.85631e-08
2.39188e-08
1.36775e-15
8.3249e-17
4.28678e-18
1.9074e-19
7.12704e-21
2.16666e-22
5.42421e-24
1.27887e-25
3.36006e-27
1.04666e-28
3.79456e-30
1.55737e-31
7.1774e-33
3.80251e-34
2.39137e-35
6.52111e-15
8.64337e-14
9.6633e-13
9.17364e-12
7.47068e-11
5.15312e-10
2.89092e-09
1.25839e-08
4.30153e-08
1.24096e-07
3.18882e-07
7.53499e-07
1.66853e-06
3.50393e-06
7.03379e-06
1.35645e-05
2.51716e-05
4.49604e-05
7.66471e-05
0.00012084
0.000158671
0
0
0
4.21323e-16
2.30513e-17
1.09045e-18
4.3412e-20
1.41148e-21
3.79531e-23
9.62089e-25
2.70824e-26
8.95062e-28
3.42843e-29
1.48025e-30
7.11631e-32
3.91879e-33
2.53157e-34
1.99629e-15
3.15876e-14
3.85429e-13
3.93247e-12
3.43214e-11
2.56392e-10
1.60309e-09
8.05088e-09
3.18549e-08
1.02314e-07
2.84628e-07
7.167e-07
1.67654e-06
3.70276e-06
7.80668e-06
1.5841e-05
3.11267e-05
5.94611e-05
0.000111036
0.000202006
0.000349159
0.000518511
0
0
1.16013e-16
5.82428e-18
2.46585e-19
8.56791e-21
2.47249e-22
6.73885e-24
2.02724e-25
7.13498e-27
2.88835e-28
1.31399e-29
6.63292e-31
3.81188e-32
2.56675e-33
5.5044e-16
9.68239e-15
1.37974e-13
1.53128e-12
1.43739e-11
1.15552e-10
7.90691e-10
4.47122e-09
2.0301e-08
7.45023e-08
2.28659e-07
6.20188e-07
1.54155e-06
3.58958e-06
7.94547e-06
1.69019e-05
3.48715e-05
7.03671e-05
0.000140036
0.000278468
0.000558445
0.0011318
0.00225778
0
2.92327e-17
1.31021e-18
4.84905e-20
1.49967e-21
4.38208e-23
1.40921e-24
5.26978e-26
2.26221e-27
1.08533e-28
5.76371e-30
3.47983e-31
2.45497e-32
1.39643e-16
2.71127e-15
4.15493e-14
5.36173e-13
5.47077e-12
4.73992e-11
3.51271e-10
2.19825e-09
1.12737e-08
4.69621e-08
1.62689e-07
4.83124e-07
1.2877e-06
3.17634e-06
7.39267e-06
1.6461e-05
3.54709e-05
7.47809e-05
0.000156082
0.00032729
0.000706299
0.001625
0.00425376
0.017485
6.56375e-18
2.56781e-19
8.46934e-21
2.64561e-22
9.07031e-24
3.60402e-25
1.6383e-26
8.31629e-28
4.6525e-29
2.95712e-30
2.20086e-31
3.16436e-17
7.09254e-16
1.15175e-14
1.58182e-13
1.87506e-12
1.76687e-11
1.41612e-10
9.67845e-10
5.53982e-09
2.59695e-08
1.00803e-07
3.34277e-07
9.69172e-07
2.5527e-06
6.27211e-06
1.46326e-05
3.28611e-05
7.19361e-05
0.000155556
0.000337705
0.000753149
0.00179579
0.004931
0.0196907
0.257496
1.28428e-18
4.46983e-20
1.48391e-21
5.40439e-23
2.27756e-24
1.09642e-25
5.8837e-27
3.47827e-28
2.33104e-29
1.83451e-30
6.24554e-18
1.68418e-16
3.00721e-15
4.31814e-14
5.42256e-13
5.93737e-12
5.18345e-11
3.85067e-10
2.42841e-09
1.27524e-08
5.52439e-08
2.02616e-07
6.49969e-07
1.85166e-06
4.83806e-06
1.18701e-05
2.78072e-05
6.30791e-05
0.000140507
0.000312281
0.000707296
0.00168701
0.00449486
0.0154353
0.0891301
0.407325
2.22849e-19
7.76192e-21
2.98588e-22
1.33015e-23
6.77077e-25
3.84118e-26
2.39822e-27
1.69959e-28
1.41664e-29
1.08921e-18
3.53224e-17
7.1874e-16
1.11715e-14
1.4563e-13
1.68581e-12
1.71135e-11
1.38831e-10
9.57707e-10
5.58167e-09
2.70531e-08
1.09579e-07
3.84116e-07
1.20123e-06
3.37756e-06
8.77627e-06
2.15312e-05
5.06891e-05
0.000116198
0.000263399
0.000601585
0.00142098
0.00361929
0.0107888
0.040338
0.163926
0.508632
3.83533e-20
1.53639e-21
7.19367e-23
3.85961e-24
2.31148e-25
1.52413e-26
1.14181e-27
1.01062e-28
1.87393e-19
6.56244e-18
1.53078e-16
2.65992e-15
3.72511e-14
4.45717e-13
4.77995e-12
4.51416e-11
3.41283e-10
2.19057e-09
1.1835e-08
5.33665e-08
2.04337e-07
6.90756e-07
2.11766e-06
5.89448e-06
1.5254e-05
3.74423e-05
8.8578e-05
0.000205053
0.000472343
0.00110575
0.0027099
0.00728779
0.0215742
0.0730433
0.237558
0.582115
7.47605e-21
3.62189e-22
2.03557e-23
1.28288e-24
8.92095e-26
7.06344e-27
6.63692e-28
3.63719e-20
1.18273e-18
2.90086e-17
5.67296e-16
8.80684e-15
1.12703e-13
1.24584e-12
1.2429e-11
1.09579e-10
7.74291e-10
4.63555e-09
2.33249e-08
9.87071e-08
3.60658e-07
1.18388e-06
3.57211e-06
9.86184e-06
2.5435e-05
6.24578e-05
0.000148354
0.000346227
0.00080812
0.00192884
0.0048521
0.0125823
0.0362424
0.112668
0.305273
0.638809
1.72819e-21
9.99504e-23
6.58387e-24
4.81282e-25
4.02173e-26
4.00912e-27
8.34103e-21
2.35043e-19
5.30119e-18
1.07924e-16
1.87082e-15
2.64393e-14
3.11629e-13
3.19883e-12
2.98034e-11
2.46176e-10
1.63053e-09
9.13361e-09
4.30522e-08
1.72443e-07
6.05974e-07
1.9416e-06
5.78175e-06
1.58501e-05
4.07481e-05
0.000100036
0.000238225
0.000559135
0.0013168
0.0031797
0.00765056
0.0195658
0.0559367
0.156122
0.366461
4.6629e-22
3.14646e-23
2.40011e-24
2.1096e-25
2.22717e-26
2.22276e-21
5.43091e-20
1.0588e-18
1.97004e-17
3.54715e-16
5.58388e-15
7.25651e-14
7.92331e-13
7.58884e-12
6.62826e-11
5.14754e-10
3.20562e-09
1.6866e-08
7.49539e-08
2.8637e-07
9.73938e-07
3.05792e-06
9.00405e-06
2.45257e-05
6.28311e-05
0.000154054
0.000367164
0.000864079
0.00204283
0.00471222
0.0111766
0.0293275
0.080077
0.20099
0.422528
1.43198e-22
1.11483e-23
1.02263e-24
1.13905e-25
6.7114e-22
1.44478e-20
2.44267e-19
3.90445e-18
6.4205e-17
1.05197e-15
1.52328e-14
1.83286e-13
1.86361e-12
1.6729e-11
1.37502e-10
1.00748e-09
5.91807e-09
2.93769e-08
1.23893e-07
4.54558e-07
1.50372e-06
4.64021e-06
1.35279e-05
3.662e-05
9.34381e-05
0.000228552
0.000544086
0.00127979
0.00289272
0.00657002
0.0161183
0.0420647
0.107773
0.246016
4.93998e-23
4.61775e-24
5.38028e-25
2.26701e-22
4.33562e-21
6.45748e-20
8.9074e-19
1.25421e-17
1.88196e-16
2.84914e-15
3.82577e-14
4.28617e-13
4.07844e-12
3.4459e-11
2.67558e-10
1.85582e-09
1.03187e-08
4.85604e-08
1.95555e-07
6.92964e-07
2.23876e-06
6.80509e-06
1.96599e-05
5.28897e-05
0.000134333
0.000327409
0.000777025
0.00175008
0.00389125
0.00914534
0.0227518
0.0577456
0.138262
1.99123e-23
2.36593e-24
8.92432e-23
1.4528e-21
1.92039e-20
2.32368e-19
2.813e-18
3.61183e-17
5.03285e-16
7.1041e-15
8.90284e-14
9.33426e-13
8.35124e-12
6.66874e-11
4.90951e-10
3.23448e-09
1.70865e-08
7.66115e-08
2.96274e-07
1.01889e-06
3.22513e-06
9.67326e-06
2.77094e-05
7.40786e-05
0.000187178
0.000454084
0.00103364
0.00228895
0.00525586
0.0126258
0.0312822
0.0762026
9.92329e-24
4.31453e-23
5.67913e-22
6.36967e-21
6.81211e-20
7.20765e-19
7.94051e-18
9.47797e-17
1.23921e-15
1.64221e-14
1.93075e-13
1.90366e-12
1.60866e-11
1.21885e-10
8.53864e-10
5.36112e-09
2.70105e-08
1.15951e-07
4.32804e-07
1.45037e-06
4.50963e-06
1.33644e-05
3.79761e-05
0.000100879
0.000253446
0.000590723
0.00132186
0.00301511
0.00709546
0.0171973
0.0418329
2.74747e-22
2.46769e-21
2.22734e-20
2.07502e-19
1.99337e-18
2.04003e-17
2.29011e-16
2.8304e-15
3.5401e-14
3.92455e-13
3.65534e-12
2.92987e-11
2.11434e-10
1.41437e-09
8.49124e-09
4.09614e-08
1.69137e-07
6.12094e-07
2.00547e-06
6.13811e-06
1.79933e-05
5.07374e-05
0.000133906
0.000323719
0.000741742
0.00170541
0.00398751
0.00953222
0.0230281
1.18568e-21
8.5226e-21
6.66711e-20
5.62371e-19
5.01266e-18
4.82585e-17
5.1362e-16
6.03419e-15
7.15853e-14
7.51662e-13
6.64179e-12
5.06989e-11
3.49729e-10
2.24141e-09
1.29094e-08
5.98581e-08
2.38777e-07
8.41036e-07
2.70177e-06
8.15448e-06
2.36666e-05
6.62412e-05
0.000168446
0.000400397
0.000940566
0.002215
0.00527707
0.0126952
4.05218e-21
2.5129e-20
1.7725e-19
1.38472e-18
1.16067e-17
1.06028e-16
1.07631e-15
1.20783e-14
1.3651e-13
1.36321e-12
1.14742e-11
8.37307e-11
5.53978e-10
3.4126e-09
1.89178e-08
8.46349e-08
3.27442e-07
1.12631e-06
3.5561e-06
1.05996e-05
3.04801e-05
8.22713e-05
0.000205751
0.000500435
0.00120271
0.00288915
0.00696558
1.17927e-20
6.57096e-20
4.2786e-19
3.13983e-18
2.49769e-17
2.17877e-16
2.11992e-15
2.28211e-14
2.46679e-13
2.35207e-12
1.89308e-11
1.32533e-10
8.4371e-10
5.01129e-09
2.68254e-08
1.1621e-07
4.37612e-07
1.47432e-06
4.58422e-06
1.35107e-05
3.746e-05
9.94494e-05
0.000254054
0.000631415
0.00154812
0.00377471
3.0393e-20
1.55927e-19
9.51266e-19
6.62108e-18
5.03175e-17
4.21287e-16
3.94585e-15
4.08998e-14
4.24364e-13
3.87769e-12
2.995e-11
2.01836e-10
1.24006e-09
7.12325e-09
3.69357e-08
1.55466e-07
5.71674e-07
1.89113e-06
5.80079e-06
1.64723e-05
4.48985e-05
0.000121555
0.000316917
0.000803252
0.00200195
7.10455e-20
3.40873e-19
1.96833e-18
1.30837e-17
9.54949e-17
7.70724e-16
6.97443e-15
6.98434e-14
6.97978e-13
6.13288e-12
4.56088e-11
2.96785e-10
1.76492e-09
9.83307e-09
4.95403e-08
2.03253e-07
7.31897e-07
2.38245e-06
7.03251e-06
1.96195e-05
5.44246e-05
0.000150177
0.000399045
0.00102873
1.53015e-19
6.93984e-19
3.82058e-18
2.43849e-17
1.71672e-16
1.34054e-15
1.17592e-14
1.14126e-13
1.10189e-12
9.33931e-12
6.70852e-11
4.22735e-10
2.43985e-09
1.32215e-08
6.49169e-08
2.60377e-07
9.20462e-07
2.87848e-06
8.3413e-06
2.36369e-05
6.67097e-05
0.000187435
0.000506606
3.07086e-19
1.32669e-18
7.00258e-18
4.31015e-17
2.93774e-16
2.22671e-15
1.89906e-14
1.79123e-13
1.67565e-12
1.37405e-11
9.5609e-11
5.8496e-10
3.28525e-09
1.73642e-08
8.33269e-08
3.27622e-07
1.11064e-06
3.40713e-06
1.00093e-05
2.88044e-05
8.26548e-05
0.000236136
5.79185e-19
2.39754e-18
1.21874e-17
7.26082e-17
4.80662e-16
3.54668e-15
2.9486e-14
2.70993e-13
2.4627e-12
1.95914e-11
1.32394e-10
7.88391e-10
4.31947e-09
2.2329e-08
1.0502e-07
3.9547e-07
1.31468e-06
4.081e-06
1.21524e-05
3.54994e-05
0.000103465
1.03366e-18
4.11907e-18
2.02402e-17
1.17088e-16
7.54966e-16
5.43683e-15
4.41679e-14
3.96457e-13
3.50859e-12
2.71449e-11
1.78571e-10
1.03726e-09
5.55738e-09
2.81765e-08
1.26918e-07
4.69049e-07
1.57538e-06
4.94744e-06
1.49279e-05
4.42308e-05
1.75562e-18
6.76046e-18
3.22153e-17
1.81463e-16
1.14248e-15
8.04815e-15
6.40298e-14
5.62516e-13
4.85852e-12
3.66377e-11
2.3508e-10
1.33437e-09
7.00871e-09
3.40645e-08
1.51021e-07
5.63505e-07
1.91154e-06
6.07099e-06
1.85491e-05
2.85154e-18
1.06456e-17
4.93339e-17
2.71241e-16
1.67119e-15
1.15402e-14
9.00918e-14
7.76074e-13
6.55507e-12
4.8269e-11
3.02413e-10
1.67984e-09
8.45522e-09
4.06685e-08
1.82181e-07
6.85964e-07
2.34897e-06
7.53977e-06
4.44817e-18
1.61454e-17
7.2941e-17
3.92294e-16
2.37014e-15
1.60739e-14
1.23344e-13
1.04362e-12
8.63515e-12
6.21372e-11
3.79972e-10
2.01688e-09
1.0112e-08
4.92807e-08
2.22904e-07
8.46295e-07
2.92318e-06
6.68919e-18
2.36638e-17
1.04449e-16
5.50594e-16
3.26796e-15
2.18014e-14
1.64704e-13
1.37083e-12
1.11197e-11
7.80257e-11
4.5304e-10
2.41154e-09
1.22897e-08
6.065e-08
2.76701e-07
1.05821e-06
9.72972e-18
3.36205e-17
1.45273e-16
7.51924e-16
4.39116e-15
2.88603e-14
2.14963e-13
1.76132e-12
1.39689e-11
9.2301e-11
5.40527e-10
2.93313e-09
1.51925e-08
7.5844e-08
3.48523e-07
1.37295e-17
4.64317e-17
1.9676e-16
1.00151e-15
5.76296e-15
3.73661e-14
2.74624e-13
2.20985e-12
1.64135e-11
1.09773e-10
6.56357e-10
3.63362e-09
1.91169e-08
9.63957e-08
1.88458e-17
6.24891e-17
2.60104e-16
1.30381e-15
7.40222e-15
4.73868e-14
3.42911e-13
2.58288e-12
1.94529e-11
1.32854e-10
8.12493e-10
4.58998e-09
2.44977e-08
2.52252e-17
8.21354e-17
3.36297e-16
1.6623e-15
9.31886e-15
5.87804e-14
3.98954e-13
3.04923e-12
2.3447e-11
1.63942e-10
1.02696e-09
5.91741e-09
3.29945e-17
1.0565e-16
4.26091e-16
2.07858e-15
1.14839e-14
6.80715e-14
4.68716e-13
3.65777e-12
2.88006e-11
2.06696e-10
1.32727e-09
4.22561e-17
1.33242e-16
5.29783e-16
2.54613e-15
1.3239e-14
7.95604e-14
5.59052e-13
4.46723e-12
3.61344e-11
2.66788e-10
5.30847e-17
1.64981e-16
6.45725e-16
2.92293e-15
1.5398e-14
9.43281e-14
6.78152e-13
5.5673e-12
4.64188e-11
6.55095e-17
2.00366e-16
7.38726e-16
3.38467e-15
1.81557e-14
1.13631e-13
8.38391e-13
7.09803e-12
7.93855e-17
2.2867e-16
8.5235e-16
3.97131e-15
2.17338e-14
1.39342e-13
1.05892e-12
9.02979e-17
2.63174e-16
9.96125e-16
4.72786e-15
2.64589e-14
1.74322e-13
1.037e-16
3.06715e-16
1.18069e-15
5.71999e-15
3.28234e-14
1.20575e-16
3.62439e-16
1.42145e-15
7.04542e-15
1.42118e-16
4.34877e-16
1.74115e-15
1.70045e-16
5.30675e-16
2.06861e-16
)
;

boundaryField
{
    inlet
    {
        type            fixedValue;
        value           uniform 0;
    }
    outlet
    {
        type            zeroGradient;
    }
    splitter
    {
        type            zeroGradient;
    }
    fuel_inlet
    {
        type            fixedValue;
        value           nonuniform List<scalar> 0();
    }
    back
    {
        type            zeroGradient;
    }
    sides
    {
        type            zeroGradient;
    }
    frontAndBack
    {
        type            empty;
    }
    procBoundary0to1
    {
        type            processor;
        value           nonuniform List<scalar> 
53
(
2.63574e-48
3.6108e-47
3.89016e-46
3.8888e-45
3.70189e-44
3.38942e-43
3.02945e-42
2.69809e-41
2.11013e-40
1.137e-39
0
0
1.89349e-36
2.07715e-35
4.38733e-35
4.04217e-35
0
0
1.99294e-30
1.63526e-29
9.1936e-29
3.59128e-28
3.22848e-28
0
0
5.60509e-24
8.97234e-23
7.51577e-22
4.38556e-21
1.88803e-20
6.59606e-20
1.34387e-19
0
0
3.6248e-16
2.76665e-15
1.02798e-14
2.7024e-14
5.72633e-14
1.04141e-13
1.68429e-13
2.47685e-13
3.36125e-13
4.25304e-13
5.05452e-13
5.67087e-13
6.02701e-13
6.08144e-13
5.8254e-13
5.27902e-13
4.47884e-13
3.45545e-13
2.25061e-13
)
;
    }
    procBoundary0to3
    {
        type            processor;
        value           nonuniform List<scalar> 
41
(
0.992949
0.979682
0.969232
0.961785
0.956654
0.685384
0.685384
0.474812
0.290874
0.170983
0.0972582
0.0544717
0.0302658
0.016715
0.00914382
0.00492706
0.00259518
0.00132408
0.000647603
0.000299985
0.000130749
5.56845e-05
2.33059e-05
9.47465e-06
3.68331e-06
1.34093e-06
4.45401e-07
1.24525e-07
3.19791e-08
7.79071e-09
1.75613e-09
3.532e-10
6.12105e-11
9.28464e-12
1.37029e-12
2.23076e-13
4.15913e-14
8.85406e-15
2.17429e-15
6.59859e-16
2.56328e-16
)
;
    }
}


// ************************************************************************* //
