/*--------------------------------*- C++ -*----------------------------------*\
  =========                 |
  \\      /  F ield         | OpenFOAM: The Open Source CFD Toolbox
   \\    /   O peration     | Website:  https://openfoam.org
    \\  /    A nd           | Version:  8
     \\/     M anipulation  |
\*---------------------------------------------------------------------------*/
FoamFile
{
    version     2.0;
    format      ascii;
    class       volScalarField;
    location    "0.05";
    object      N2;
}
// * * * * * * * * * * * * * * * * * * * * * * * * * * * * * * * * * * * * * //

dimensions      [0 0 0 0 0 0 0];

internalField   nonuniform List<scalar> 
3919
(
0.767
0.767
0.767
0.767
0.767
0.767
0.767
0.767
0.767
0.767
0.767
0.767
0.767
0.767
0.767
0.767
0.767
0.767
0.767
0.767
0.767
0.767
0.767
0.767
0.767
0.767
0.767
0.767
0.767
0.767
0.767
0.767
0.767
0.767
0.767
0.767
0.767
0.767
0.767
0.767
0.767
0.767
0.767
0.767
0.767
0.767
0.767
0.767
0.767
0.767
0.767
0.767
0.767
0.767
0.767
0.767
0.767
0.767
0.767
0.767
0.767
0.767
0.767
0.767
0.767
0.767
0.767
0.767
0.767
0.767
0.767
0.767
0.767
0.767
0.767
0.767
0.767
0.767
0.767
0.767
0.767
0.767
0.767
0.767
0.767
0.767
0.767
0.767
0.767
0.767
0.767
0.767
0.767
0.767
0.767
0.767
0.767
0.767
0.767
0.767
0.767
0.767
0.767
0.767
0.767
0.767
0.767
0.767
0.767
0.767
0.767
0.767
0.767
0.767
0.767
0.767
0.767
0.767
0.767
0.767
0.767
0.767
0.767
0.767
0.767
0.767
0.767
0.767
0.767
0.767
0.767
0.767
0.767
0.767
0.767
0.767
0.767
0.767
0.767
0.767
0.767
0.767
0.767
0.767
0.767
0.767
0.767
0.767
0.767
0.767
0.767
0.767
0.767
0.767
0.767
0.767
0.767
0.767
0.767
0.767
0.767
0.767
0.767
0.767
0.767
0.767
0.767
0.767
0.767
0.767
0.767
0.767
0.767
0.767
0.767
0.767
0.767
0.767
0.767
0.767
0.767
0.767
0.767
0.767
0.767
0.767
0.767
0.767
0.767
0.767
0.767
0.767
0.767
0.767
0.767
0.767
0.767
0.767
0.767
0.767
0.767
0.767
0.767
0.767
0.767
0.767
0.767
0.767
0.767
0.767
0.767
0.767
0.767
0.767
0.767
0.767
0.767
0.767
0.767
0.767
0.767
0.767
0.767
0.767
0.767
0.767
0.767
0.767
0.767
0.767
0.767
0.767
0.767
0.767
0.767
0.767
0.767
0.767
0.767
0.767
0.767
0.767
0.767
0.767
0.767
0.767
0.767
0.767
0.767
0.767
0.767
0.767
0.767
0.767
0.767
0.767
0.767
0.767
0.767
0.767
0.767
0.767
0.767
0.767
0.767
0.767
0.767
0.767
0.767
0.767
0.767
0.767
0.767
0.767
0.767
0.767
0.767
0.767
0.767
0.767
0.767
0.767
0.767
0.767
0.767
0.767
0.767
0.767
0.767
0.767
0.767
0.767
0.767
0.767
0.767
0.767
0.767
0.767
0.767
0.767
0.767
0.767
0.767
0.767
0.767
0.767
0.767
0.767
0.767
0.767
0.767
0.767
0.767
0.767
0.767
0.767
0.767
0.767
0.767
0.767
0.767
0.767
0.767
0.767
0.767
0.767
0.767
0.767
0.767
0.767
0.767
0.767
0.767
0.767
0.767
0.767
0.767
0.767
0.767
0.767
0.767
0.767
0.767
0.767
0.767
0.767
0.767
0.767
0.767
0.767
0.767
0.767
0.767
0.767
0.767
0.767
0.767
0.767
0.767
0.767
0.767
0.767
0.767
0.767
0.767
0.767
0.767
0.767
0.767
0.767
0.767
0.767
0.767
0.767
0.767
0.767
0.767
0.767
0.767
0.767
0.767
0.767
0.767
0.767
0.767
0.767
0.767
0.767
0.767
0.767
0.767
0.767
0.767
0.767
0.767
0.767
0.767
0.767
0.767
0.767
0.767
0.767
0.767
0.767
0.767
0.767
0.767
0.767
0.767
0.767
0.767
0.767
0.767
0.767
0.767
0.767
0.767
0.767
0.767
0.767
0.767
0.767
0.767
0.767
0.767
0.767
0.767
0.767
0.767
0.767
0.767
0.767
0.767
0.767
0.767
0.767
0.767
0.767
0.767
0.767
0.767
0.767
0.767
0.767
0.767
0.767
0.767
0.767
0.767
0.767
0.767
0.767
0.767
0.767
0.767
0.767
0.767
0.767
0.767
0.767
0.767
0.767
0.767
0.767
0.767
0.767
0.767
0.767
0.767
0.767
0.767
0.767
0.767
0.767
0.767
0.767
0.767
0.767
0.767
0.767
0.767
0.767
0.767
0.767
0.767
0.767
0.767
0.767
0.767
0.767
0.767
0.767
0.767
0.767
0.767
0.767
0.767
0.767
0.767
0.767
0.767
0.767
0.767
0.767
0.767
0.767
0.767
0.767
0.767
0.767
0.767
0.767
0.767
0.767
0.767
0.767
0.767
0.767
0.767
0.767
0.767
0.767
0.767
0.767
0.767
0.767
0.767
0.767
0.767
0.767
0.767
0.767
0.767
0.767
0.767
0.767
0.767
0.767
0.767
0.767
0.767
0.767
0.767
0.767
0.767
0.767
0.767
0.767
0.767
0.767
0.767
0.767
0.767
0.767
0.767
0.767
0.767
0.767
0.767
0.767
0.767
0.767
0.767
0.767
0.767
0.767
0.767
0.767
0.767
0.767
0.767
0.767
0.767
0.767
0.767
0.767
0.767
0.767
0.767
0.767
0.767
0.767
0.767
0.767
0.767
0.767
0.767
0.767
0.767
0.767
0.767
0.767
0.767
0.767
0.767
0.767
0.767
0.767
0.767
0.767
0.767
0.767
0.767
0.767
0.767
0.767
0.767
0.767
0.767
0.767
0.767
0.767
0.767
0.767
0.767
0.767
0.767
0.767
0.767
0.767
0.767
0.767
0.767
0.767
0.767
0.767
0.767
0.767
0.767
0.767
0.767
0.767
0.767
0.767
0.767
0.767
0.767
0.767
0.767
0.767
0.767
0.767
0.767
0.767
0.767
0.767
0.767
0.767
0.767
0.767
0.767
0.767
0.767
0.767
0.767
0.767
0.767
0.767
0.767
0.767
0.767
0.767
0.767
0.767
0.767
0.767
0.767
0.767
0.767
0.767
0.767
0.767
0.767
0.767
0.767
0.767
0.767
0.767
0.767
0.767
0.767
0.767
0.767
0.767
0.767
0.767
0.767
0.767
0.767
0.767
0.767
0.767
0.767
0.767
0.767
0.767
0.767
0.767
0.767
0.767
0.767
0.767
0.767
0.767
0.767
0.767
0.767
0.767
0.767
0.767
0.767
0.767
0.767
0.767
0.767
0.767
0.767
0.767
0.767
0.767
0.767
0.767
0.767
0.767
0.767
0.767
0.767
0.767
0.767
0.767
0.767
0.767
0.767
0.767
0.767
0.767
0.767
0.767
0.767
0.767
0.767
0.767
0.767
0.767
0.767
0.767
0.767
0.767
0.767
0.767
0.767
0.767
0.767
0.767
0.767
0.767
0.767
0.767
0.767
0.767
0.767
0.767
0.767
0.767
0.767
0.767
0.767
0.767
0.767
0.767
0.767
0.767
0.767
0.767
0.767
0.767
0.767
0.767
0.767
0.767
0.767
0.767
0.767
0.767
0.767
0.767
0.767
0.767
0.767
0.767
0.767
0.767
0.767
0.767
0.767
0.767
0.767
0.767
0.767
0.767
0.767
0.767
0.767
0.767
0.767
0.767
0.767
0.767
0.767
0.767
0.767
0.767
0.767
0.767
0.767
0.767
0.767
0.767
0.767
0.767
0.767
0.767
0.767
0.767
0.767
0.767
0.767
0.767
0.767
0.767
0.767
0.767
0.767
0.767
0.767
0.767
0.767
0.767
0.767
0.767
0.767
0.767
0.767
0.767
0.767
0.767
0.767
0.767
0.767
0.767
0.767
0.767
0.767
0.767
0.767
0.767
0.767
0.767
0.767
0.767
0.767
0.767
0.767
0.767
0.767
0.767
0.767
0.767
0.767
0.767
0.767
0.767
0.767
0.767
0.767
0.767
0.767
0.767
0.767
0.767
0.767
0.767
0.767
0.767
0.767
0.767
0.767
0.767
0.767
0.767
0.767
0.767
0.767
0.767
0.767
0.767
0.767
0.767
0.767
0.767
0.767
0.767
0.767
0.767
0.767
0.767
0.767
0.767
0.767
0.767
0.767
0.767
0.767
0.767
0.767
0.767
0.767
0.767
0.767
0.767
0.767
0.767
0.767
0.767
0.767
0.767
0.767
0.767
0.767
0.767
0.767
0.767
0.767
0.767
0.767
0.767
0.767
0.767
0.767
0.767
0.767
0.767
0.767
0.767
0.767
0.767
0.767
0.767
0.767
0.767
0.767
0.767
0.767
0.767
0.767
0.767
0.767
0.767
0.767
0.767
0.767
0.767
0.767
0.767
0.767
0.767
0.767
0.767
0.767
0.767
0.767
0.767
0.767
0.767
0.767
0.767
0.767
0.767
0.767
0.767
0.767
0.767
0.767
0.767
0.767
0.767
0.767
0.767
0.767
0.767
0.767
0.767
0.767
0.767
0.767
0.767
0.767
0.767
0.767
0.767
0.767
0.767
0.767
0.767
0.767
0.767
0.767
0.767
0.767
0.767
0.767
0.767
0.767
0.767
0.767
0.767
0.767
0.767
0.767
0.767
0.767
0.767
0.767
0.767
0.767
0.767
0.767
0.767
0.767
0.767
0.767
0.767
0.767
0.767
0.767
0.767
0.767
0.767
0.767
0.767
0.767
0.767
0.767
0.767
0.767
0.767
0.767
0.767
0.767
0.767
0.767
0.767
0.767
0.767
0.767
0.767
0.767
0.767
0.767
0.767
0.767
0.767
0.767
0.767
0.767
0.767
0.767
0.767
0.767
0.767
0.767
0.767
0.767
0.767
0.767
0.767
0.767
0.767
0.767
0.767
0.767
0.767
0.767
0.767
0.767
0.767
0.767
0.767
0.767
0.767
0.767
0.767
0.767
0.767
0.767
0.767
0.767
0.767
0.767
0.767
0.767
0.767
0.767
0.767
0.767
0.767
0.767
0.767
0.767
0.767
0.767
0.767
0.767
0.767
0.767
0.767
0.767
0.767
0.767
0.767
0.767
0.767
0.767
0.767
0.767
0.767
0.767
0.767
0.767
0.767
0.767
0.767
0.767
0.767
0.767
0.767
0.767
0.767
0.767
0.767
0.767
0.767
0.767
0.767
0.767
0.767
0.767
0.767
0.767
0.767
0.767
0.767
0.767
0.767
0.767
0.767
0.767
0.767
0.767
0.767
0.767
0.767
0.767
0.767
0.767
0.767
0.767
0.767
0.767
0.767
0.767
0.767
0.767
0.767
0.767
0.767
0.767
0.767
0.767
0.767
0.767
0.767
0.767
0.767
0.767
0.767
0.767
0.767
0.767
0.767
0.767
0.767
0.767
0.767
0.767
0.767
0.767
0.767
0.767
0.767
0.767
0.767
0.767
0.767
0.767
0.767
0.767
0.767
0.767
0.767
0.767
0.767
0.767
0.767
0.767
0.767
0.767
0.767
0.767
0.767
0.767
0.767
0.767
0.767
0.767
0.767
0.767
0.767
0.767
0.767
0.767
0.767
0.767
0.767
0.767
0.767
0.767
0.767
0.767
0.767
0.767
0.767
0.767
0.767
0.767
0.767
0.767
0.767
0.767
0.767
0.767
0.767
0.767
0.767
0.767
0.767
0.767
0.767
0.767
0.767
0.767
0.767
0.767
0.767
0.767
0.767
0.767
0.767
0.767
0.767
0.767
0.767
0.767
0.767
0.767
0.767
0.767
0.767
0.767
0.767
0.767
0.767
0.767
0.767
0.767
0.767
0.767
0.767
0.767
0.767
0.767
0.767
0.767
0.767
0.767
0.767
0.767
0.767
0.767
0.767
0.767
0.767
0.767
0.767
0.767
0.767
0.767
0.767
0.767
0.767
0.767
0.767
0.767
0.767
0.767
0.767
0.767
0.767
0.767
0.767
0.767
0.767
0.767
0.767
0.767
0.767
0.767
0.767
0.767
0.767
0.767
0.767
0.767
0.767
0.767
0.767
0.767
0.767
0.767
0.767
0.767
0.767
0.767
0.767
0.767
0.767
0.767
0.767
0.767
0.767
0.767
0.767
0.767
0.767
0.767
0.767
0.767
0.767
0.767
0.767
0.767
0.767
0.767
0.767
0.767
0.767
0.767
0.767
0.767
0.767
0.767
0.767
0.767
0.767
0.767
0.767
0.767
0.767
0.767
0.767
0.767
0.767
0.767
0.767
0.767
0.767
0.767
0.767
0.767
0.767
0.767
0.767
0.767
0.767
0.767
0.767
0.767
0.767
0.767
0.767
0.767
0.767
0.767
0.767
0.767
0.767
0.767
0.767
0.767
0.767
0.767
0.767
0.767
0.767
0.767
0.767
0.767
0.767
0.767
0.767
0.767
0.767
0.767
0.767
0.767
0.767
0.767
0.767
0.767
0.767
0.767
0.767
0.767
0.767
0.767
0.767
0.767
0.767
0.767
0.767
0.767
0.767
0.767
0.767
0.767
0.767
0.767
0.767
0.767
0.767
0.767
0.767
0.767
0.767
0.767
0.767
0.767
0.767
0.767
0.767
0.767
0.767
0.767
0.767
0.767
0.767
0.767
0.767
0.767
0.767
0.767
0.767
0.767
0.767
0.767
0.767
0.767
0.767
0.767
0.767
0.767
0.767
0.767
0.767
0.767
0.767
0.767
0.767
0.767
0.767
0.767
0.767
0.767
0.767
0.767
0.767
0.767
0.767
0.767
0.767
0.767
0.767
0.767
0.767
0.767
0.767
0.767
0.767
0.767
0.767
0.767
0.767
0.767
0.767
0.767
0.767
0.767
0.767
0.767
0.767
0.767
0.767
0.767
0.767
0.767
0.767
0.767
0.767
0.767
0.767
0.767
0.767
0.767
0.767
0.767
0.767
0.767
0.767
0.767
0.767
0.767
0.767
0.767
0.767
0.767
0.767
0.767
0.767
0.767
0.767
0.767
0.767
0.767
0.767
0.767
0.767
0.767
0.767
0.767
0.767
0.767
0.767
0.767
0.767
0.767
0.767
0.767
0.767
0.767
0.767
0.767
0.767
0.767
0.767
0.767
0.767
0.767
0.767
0.767
0.767
0.767
0.767
0.767
0.767
0.767
0.767
0.767
0.767
0.767
0.767
0.767
0.767
0.767
0.767
0.767
0.767
0.767
0.767
0.767
0.767
0.767
0.767
0.767
0.767
0.767
0.767
0.767
0.767
0.767
0.767
0.767
0.767
0.767
0.767
0.767
0.767
0.767
0.767
0.767
0.767
0.767
0.767
0.767
0.767
0.767
0.767
0.767
0.767
0.767
0.767
0.767
0.767
0.767
0.767
0.767
0.767
0.767
0.767
0.767
0.767
0.767
0.767
0.767
0.767
0.767
0.767
0.767
0.767
0.767
0.767
0.767
0.767
0.767
0.767
0.767
0.767
0.767
0.767
0.767
0.767
0.767
0.767
0.767
0.767
0.767
0.767
0.767
0.767
0.767
0.767
0.767
0.767
0.767
0.767
0.767
0.767
0.767
0.767
0.767
0.767
0.767
0.767
0.767
0.767
0.767
0.767
0.767
0.767
0.767
0.767
0.767
0.767
0.767
0.767
0.767
0.767
0.767
0.767
0.767
0.767
0.767
0.767
0.767
0.767
0.767
0.767
0.767
0.767
0.767
0.767
0.767
0.767
0.767
0.767
0.767
0.767
0.767
0.767
0.767
0.767
0.767
0.767
0.767
0.767
0.767
0.767
0.767
0.767
0.767
0.767
0.767
0.767
0.767
0.767
0.767
0.767
0.767
0.767
0.767
0.767
0.767
0.767
0.767
0.767
0.767
0.767
0.767
0.767
0.767
0.767
0.767
0.767
0.767
0.767
0.767
0.767
0.767
0.767
0.767
0.767
0.767
0.767
0.767
0.767
0.767
0.767
0.767
0.767
0.767
0.767
0.767
0.767
0.767
0.767
0.767
0.767
0.767
0.767
0.767
0.767
0.767
0.767
0.767
0.767
0.767
0.767
0.767
0.767
0.767
0.767
0.767
0.767
0.767
0.767
0.767
0.767
0.767
0.767
0.767
0.767
0.767
0.767
0.767
0.767
0.767
0.767
0.767
0.767
0.767
0.767
0.767
0.767
0.767
0.767
0.767
0.767
0.767
0.767
0.767
0.767
0.767
0.767
0.767
0.767
0.767
0.767
0.767
0.767
0.767
0.767
0.767
0.767
0.767
0.767
0.767
0.767
0.767
0.767
0.767
0.767
0.767
0.767
0.767
0.767
0.767
0.767
0.767
0.767
0.767
0.767
0.767
0.767
0.767
0.767
0.767
0.767
0.767
0.767
0.767
0.767
0.767
0.767
0.767
0.767
0.767
0.767
0.767
0.767
0.767
0.767
0.767
0.767
0.767
0.767
0.767
0.767
0.767
0.767
0.767
0.767
0.767
0.767
0.767
0.767
0.767
0.767
0.767
0.767
0.767
0.767
0.767
0.767
0.767
0.767
0.767
0.767
0.767
0.767
0.767
0.767
0.767
0.767
0.767
0.767
0.767
0.767
0.767
0.767
0.767
0.767
0.767
0.767
0.767
0.767
0.767
0.767
0.767
0.767
0.767
0.767
0.767
0.767
0.767
0.767
0.767
0.767
0.767
0.767
0.767
0.767
0.767
0.767
0.767
0.767
0.767
0.767
0.767
0.767
0.767
0.767
0.767
0.767
0.767
0.767
0.767
0.767
0.767
0.767
0.767
0.767
0.767
0.767
0.767
0.767
0.767
0.767
0.767
0.767
0.767
0.767
0.767
0.767
0.767
0.767
0.767
0.767
0.767
0.767
0.767
0.767
0.767
0.767
0.767
0.767
0.767
0.767
0.767
0.767
0.767
0.767
0.767
0.767
0.767
0.767
0.767
0.767
0.767
0.767
0.767
0.767
0.767
0.767
0.767
0.767
0.767
0.767
0.767
0.767
0.767
0.767
0.767
0.767
0.767
0.767
0.767
0.767
0.767
0.767
0.767
0.767
0.767
0.767
0.767
0.767
0.767
0.767
0.767
0.767
0.767
0.767
0.767
0.767
0.767
0.767
0.767
0.767
0.767
0.767
0.767
0.767
0.767
0.767
0.767
0.767
0.767
0.767
0.767
0.767
0.767
0.767
0.767
0.767
0.767
0.767
0.767
0.767
0.767
0.767
0.767
0.767
0.767
0.767
0.767
0.767
0.767
0.767
0.767
0.767
0.767
0.767
0.767
0.767
0.767
0.767
0.767
0.767
0.767
0.767
0.767
0.767
0.767
0.767
0.767
0.767
0.767
0.767
0.767
0.767
0.767
0.767
0.767
0.767
0.767
0.767
0.767
0.767
0.767
0.767
0.767
0.767
0.767
0.767
0.767
0.767
0.767
0.767
0.767
0.767
0.767
0.767
0.767
0.767
0.767
0.767
0.767
0.767
0.767
0.767
0.767
0.767
0.767
0.767
0.767
0.767
0.767
0.767
0.767
0.767
0.767
0.767
0.767
0.767
0.767
0.767
0.767
0.767
0.767
0.767
0.767
0.767
0.767
0.767
0.767
0.767
0.767
0.767
0.767
0.767
0.767
0.767
0.767
0.767
0.767
0.767
0.767
0.767
0.767
0.767
0.767
0.767
0.767
0.767
0.767
0.767
0.767
0.767
0.767
0.767
0.767
0.767
0.767
0.767
0.767
0.767
0.767
0.767
0.767
0.767
0.767
0.767
0.767
0.767
0.767
0.767
0.767
0.767
0.767
0.767
0.767
0.767
0.767
0.767
0.767
0.767
0.767
0.767
0.767
0.767
0.767
0.767
0.767
0.767
0.767
0.767
0.767
0.767
0.767
0.767
0.767
0.767
0.767
0.767
0.767
0.767
0.767
0.767
0.767
0.767
0.767
0.767
0.767
0.767
0.767
0.767
0.767
0.767
0.767
0.767
0.767
0.767
0.767
0.767
0.767
0.767
0.767
0.767
0.767
0.767
0.767
0.767
0.767
0.767
0.767
0.767
0.767
0.767
0.767
0.767
0.767
0.767
0.767
0.767
0.767
0.767
0.767
0.767
0.767
0.767
0.767
0.767
0.767
0.767
0.767
0.767
0.767
0.767
0.767
0.767
0.767
0.767
0.767
0.767
0.767
0.767
0.767
0.767
0.767
0.767
0.767
0.767
0.767
0.767
0.767
0.767
0.767
0.767
0.767
0.767
0.767
0.767
0.767
0.767
0.767
0.767
0.767
0.767
0.767
0.767
0.767
0.767
0.767
0.767
0.767
0.767
0.767
0.767
0.767
0.767
0.767
0.767
0.767
0.767
0.767
0.767
0.767
0.767
0.767
0.767
0.767
0.767
0.767
0.767
0.767
0.767
0.767
0.767
0.767
0.767
0.767
0.767
0.767
0.767
0.767
0.767
0.767
0.767
0.767
0.767
0.767
0.767
0.767
0.767
0.767
0.767
0.767
0.767
0.767
0.767
0.767
0.767
0.767
0.767
0.767
0.767
0.767
0.767
0.767
0.767
0.767
0.767
0.767
0.767
0.767
0.767
0.767
0.767
0.767
0.767
0.767
0.767
0.767
0.767
0.767
0.767
0.767
0.767
0.767
0.767
0.767
0.767
0.767
0.767
0.767
0.767
0.767
0.767
0.767
0.767
0.767
0.767
0.767
0.767
0.767
0.767
0.767
0.767
0.767
0.767
0.767
0.767
0.767
0.767
0.767
0.767
0.767
0.767
0.767
0.767
0.767
0.767
0.767
0.767
0.767
0.767
0.767
0.767
0.767
0.767
0.767
0.767
0.767
0.767
0.767
0.767
0.767
0.767
0.767
0.767
0.767
0.767
0.767
0.767
0.767
0.767
0.767
0.767
0.767
0.767
0.767
0.767
0.767
0.767
0.767
0.767
0.767
0.767
0.767
0.767
0.767
0.767
0.767
0.767
0.767
0.767
0.767
0.767
0.767
0.767
0.767
0.767
0.767
0.767
0.767
0.767
0.767
0.767
0.767
0.767
0.767
0.767
0.767
0.767
0.767
0.767
0.767
0.767
0.767
0.767
0.767
0.767
0.767
0.767
0.767
0.767
0.767
0.767
0.767
0.767
0.767
0.767
0.767
0.767
0.767
0.767
0.767
0.767
0.767
0.767
0.767
0.767
0.767
0.767
0.767
0.767
0.767
0.767
0.767
0.767
0.767
0.767
0.767
0.767
0.767
0.767
0.767
0.767
0.767
0.767
0.767
0.767
0.767
0.767
0.767
0.767
0.767
0.767
0.767
0.767
0.767
0.767
0.767
0.767
0.767
0.767
0.767
0.767
0.767
0.767
0.767
0.767
0.767
0.767
0.767
0.767
0.767
0.767
0.767
0.767
0.767
0.767
0.767
0.767
0.767
0.767
0.767
0.767
0.767
0.767
0.767
0.767
0.767
0.767
0.767
0.767
0.767
0.767
0.767
0.767
0.767
0.767
0.767
0.767
0.767
0.767
0.767
0.767
0.767
0.767
0.767
0.767
0.767
0.767
0.767
0.767
0.767
0.767
0.767
0.767
0.767
0.767
0.767
0.767
0.767
0.767
0.767
0.767
0.767
0.767
0.767
0.767
0.767
0.767
0.767
0.767
0.767
0.767
0.767
0.767
0.767
0.767
0.767
0.767
0.767
0.767
0.767
0.767
0.767
0.767
0.767
0.767
0.767
0.767
0.767
0.767
0.767
0.767
0.767
0.767
0.767
0.767
0.767
0.767
0.767
0.767
0.767
0.767
0.767
0.767
0.767
0.767
0.767
0.767
0.767
0.767
0.767
0.767
0.767
0.767
0.767
0.767
0.767
0.767
0.767
0.767
0.767
0.767
0.767
0.767
0.767
0.767
0.767
0.767
0.767
0.767
0.767
0.767
0.767
0.767
0.767
0.767
0.767
0.767
0.767
0.767
0.767
0.767
0.767
0.767
0.767
0.767
0.767
0.767
0.767
0.767
0.767
0.767
0.767
0.767
0.767
0.767
0.767
0.767
0.767
0.767
0.767
0.767
0.767
0.767
0.767
0.767
0.767
0.767
0.767
0.767
0.767
0.767
0.767
0.767
0.767
0.767
0.767
0.767
0.767
0.767
0.767
0.767
0.767
0.767
0.767
0.767
0.767
0.767
0.767
0.767
0.767
0.767
0.767
0.767
0.767
0.767
0.767
0.767
0.767
0.767
0.767
0.767
0.767
0.767
0.767
0.767
0.767
0.767
0.767
0.767
0.766999
0.766999
0.767
0.767
0.767
0.767
0.767
0.767
0.767
0.767
0.767
0.767
0.767
0.767
0.767
0.767
0.767
0.767
0.767
0.767
0.767
0.767
0.767
0.767
0.767
0.767
0.767
0.767
0.767
0.767
0.767
0.767
0.767
0.767
0.767
0.767
0.767
0.767
0.767
0.767
0.767
0.767
0.767
0.766999
0.766999
0.766998
0.766999
0.767
0.767
0.767
0.767
0.767
0.767
0.767
0.767
0.767
0.767
0.767
0.767
0.767
0.767
0.767
0.767
0.767
0.767
0.767
0.767
0.767
0.767
0.767
0.767
0.767
0.767
0.767
0.767
0.767
0.767
0.767
0.767
0.767
0.767
0.767
0.767
0.767
0.767
0.766999
0.766999
0.766998
0.766997
0.766997
0.766998
0.766999
0.767
0.767
0.767
0.767
0.767
0.767
0.767
0.767
0.767
0.767
0.767
0.767
0.767
0.767
0.767
0.767
0.767
0.767
0.767
0.767
0.767
0.767
0.767
0.767
0.767
0.767
0.767
0.767
0.767
0.767
0.767
0.767
0.767
0.767
0.767
0.766999
0.766999
0.766997
0.766996
0.766994
0.766992
0.766997
0.766999
0.767
0.767
0.767
0.767
0.767
0.767
0.767
0.767
0.767
0.767
0.767
0.767
0.767
0.767
0.767
0.767
0.767
0.767
0.767
0.767
0.767
0.767
0.767
0.767
0.767
0.767
0.767
0.767
0.767
0.767
0.767
0.767
0.766999
0.766999
0.766998
0.766997
0.766994
0.76699
0.766986
0.766982
0.766995
0.767001
0.767
0.767
0.767
0.767
0.767
0.767
0.767
0.767
0.767
0.767
0.767
0.767
0.767
0.767
0.767
0.767
0.767
0.767
0.767
0.767
0.767
0.767
0.767
0.767
0.767
0.767
0.767
0.767
0.767
0.767
0.766999
0.766999
0.766998
0.766995
0.766992
0.766986
0.766976
0.766964
0.766954
0.766993
0.767004
0.767001
0.767
0.767
0.767
0.767
0.767
0.767
0.767
0.767
0.767
0.767
0.767
0.767
0.767
0.767
0.767
0.767
0.767
0.767
0.767
0.767
0.767
0.767
0.767
0.767
0.767
0.767
0.767
0.766999
0.766999
0.766997
0.766995
0.76699
0.766981
0.766965
0.76694
0.766905
0.766872
0.766981
0.767004
0.767
0.767
0.767
0.767
0.767
0.767
0.767
0.767
0.767
0.767
0.767
0.767
0.767
0.767
0.767
0.767
0.767
0.767
0.767
0.767
0.767
0.767
0.767
0.767
0.767
0.767
0.766999
0.766999
0.766997
0.766994
0.766988
0.766976
0.766954
0.766914
0.766843
0.766726
0.766583
0.766898
0.766987
0.767
0.767
0.767
0.767
0.767
0.767
0.767
0.767
0.767
0.767
0.767
0.767
0.767
0.767
0.767
0.767
0.767
0.767
0.767
0.767
0.767
0.767
0.767
0.767
0.767
0.766999
0.766997
0.766994
0.766987
0.766973
0.766946
0.766892
0.766784
0.766566
0.766115
0.765204
0.766533
0.767
0.767
0.767
0.767
0.767
0.767
0.767
0.767
0.767
0.767
0.767
0.767
0.767
0.767
0.767
0.767
0.767
0.767
0.767
0.767
0.767
0.767
0.767
0.767
0.766999
0.766998
0.766994
0.766987
0.766973
0.766942
0.76688
0.766747
0.766454
0.765741
0.763695
0.753399
0.767
0.767
0.767
0.767
0.767
0.767
0.767
0.767
0.767
0.767
0.767
0.767
0.767
0.767
0.767
0.767
0.767
0.767
0.767
0.767
0.767
0.767
0.767
0.766999
0.766998
0.766995
0.766989
0.766975
0.766945
0.76688
0.76674
0.766419
0.765613
0.763191
0.751804
0.569362
0.767
0.767
0.767
0.767
0.767
0.767
0.767
0.767
0.767
0.767
0.767
0.767
0.767
0.767
0.767
0.767
0.767
0.767
0.767
0.767
0.767
0.767
0.766999
0.766999
0.766996
0.766991
0.766979
0.766951
0.766892
0.766759
0.766455
0.765699
0.763535
0.755112
0.698537
0.454475
0.767
0.767
0.767
0.767
0.767
0.767
0.767
0.767
0.767
0.767
0.767
0.767
0.767
0.767
0.767
0.767
0.767
0.767
0.767
0.767
0.767
0.767
0.766999
0.766997
0.766993
0.766983
0.766961
0.766911
0.766797
0.766537
0.765906
0.764213
0.758697
0.736
0.641171
0.376795
0.767
0.767
0.767
0.767
0.767
0.767
0.767
0.767
0.767
0.767
0.767
0.767
0.767
0.767
0.767
0.767
0.767
0.767
0.767
0.767
0.767
0.766999
0.766998
0.766995
0.766988
0.766971
0.766932
0.766842
0.766636
0.766149
0.764914
0.761394
0.750417
0.710909
0.584701
0.320449
0.767
0.767
0.767
0.767
0.767
0.767
0.767
0.767
0.767
0.767
0.767
0.767
0.767
0.767
0.767
0.767
0.767
0.767
0.767
0.767
0.767
0.766999
0.766997
0.766992
0.76698
0.766952
0.766886
0.766734
0.766378
0.765516
0.763268
0.757328
0.73916
0.680513
0.532771
0.276977
0.767
0.767
0.767
0.767
0.767
0.767
0.767
0.767
0.767
0.767
0.767
0.767
0.767
0.767
0.767
0.767
0.767
0.767
0.767
0.767
0.767
0.766999
0.766996
0.766988
0.766969
0.766923
0.766817
0.76657
0.765987
0.764555
0.761119
0.751968
0.72405
0.647184
0.485848
0.767
0.767
0.767
0.767
0.767
0.767
0.767
0.767
0.767
0.767
0.767
0.767
0.767
0.767
0.767
0.767
0.767
0.767
0.767
0.767
0.766999
0.766998
0.766993
0.766981
0.766952
0.766882
0.766718
0.766336
0.765429
0.763378
0.758412
0.744476
0.70553
0.612771
0.442853
0.767
0.767
0.767
0.767
0.767
0.767
0.767
0.767
0.767
0.767
0.767
0.767
0.767
0.767
0.767
0.767
0.767
0.767
0.767
0.767
0.766999
0.766996
0.76699
0.766972
0.766928
0.766824
0.766582
0.766016
0.764777
0.761952
0.754619
0.734703
0.684285
0.578238
0.767
0.767
0.767
0.767
0.767
0.767
0.767
0.767
0.767
0.767
0.767
0.767
0.767
0.767
0.767
0.767
0.767
0.767
0.767
0.766999
0.766998
0.766995
0.766985
0.766959
0.766897
0.766748
0.766403
0.765655
0.76401
0.759975
0.749528
0.722672
0.660899
0.767
0.767
0.767
0.767
0.767
0.767
0.767
0.767
0.767
0.767
0.767
0.767
0.767
0.767
0.767
0.767
0.767
0.767
0.767
0.766999
0.766998
0.766993
0.766979
0.766943
0.766856
0.766651
0.766206
0.765241
0.762962
0.757303
0.742983
0.708513
0.767
0.767
0.767
0.767
0.767
0.767
0.767
0.767
0.767
0.767
0.767
0.767
0.767
0.767
0.767
0.767
0.767
0.767
0.767
0.766999
0.766997
0.76699
0.766971
0.766922
0.766805
0.766546
0.765984
0.764684
0.76155
0.753795
0.734887
0.767
0.767
0.767
0.767
0.767
0.767
0.767
0.767
0.767
0.767
0.767
0.767
0.767
0.767
0.767
0.767
0.767
0.767
0.766998
0.766995
0.766986
0.766961
0.766897
0.766751
0.76643
0.76569
0.763937
0.75968
0.74932
0.767
0.767
0.767
0.767
0.767
0.767
0.767
0.767
0.767
0.767
0.767
0.767
0.767
0.767
0.767
0.767
0.767
0.766999
0.766998
0.766994
0.766982
0.766949
0.766871
0.766692
0.766277
0.765298
0.762947
0.757252
0.767
0.767
0.767
0.767
0.767
0.767
0.767
0.767
0.767
0.767
0.767
0.767
0.767
0.767
0.767
0.767
0.767
0.766999
0.766997
0.766992
0.766977
0.766937
0.766842
0.766616
0.766076
0.764781
0.761651
0.767
0.767
0.767
0.767
0.767
0.767
0.767
0.767
0.767
0.767
0.767
0.767
0.767
0.767
0.767
0.767
0.767
0.766999
0.766996
0.76699
0.766971
0.766924
0.766805
0.766515
0.765811
0.764101
0.767
0.767
0.767
0.767
0.767
0.767
0.767
0.767
0.767
0.767
0.767
0.767
0.767
0.767
0.767
0.767
0.767
0.766999
0.766996
0.766987
0.766965
0.766907
0.766757
0.766383
0.765462
0.767
0.767
0.767
0.767
0.767
0.767
0.767
0.767
0.767
0.767
0.767
0.767
0.767
0.767
0.767
0.767
0.766999
0.766998
0.766995
0.766985
0.766958
0.766885
0.766693
0.76621
0.767
0.767
0.767
0.767
0.767
0.767
0.767
0.767
0.767
0.767
0.767
0.767
0.767
0.767
0.767
0.767
0.766999
0.766998
0.766994
0.766982
0.766949
0.766856
0.766611
0.767
0.767
0.767
0.767
0.767
0.767
0.767
0.767
0.767
0.767
0.767
0.767
0.767
0.767
0.767
0.767
0.766999
0.766997
0.766992
0.766978
0.766936
0.766819
0.767
0.767
0.767
0.767
0.767
0.767
0.767
0.767
0.767
0.767
0.767
0.767
0.767
0.767
0.767
0.767
0.766999
0.766997
0.766991
0.766973
0.766921
0.767
0.767
0.767
0.767
0.767
0.767
0.767
0.767
0.767
0.767
0.767
0.767
0.767
0.767
0.767
0.767
0.766999
0.766996
0.766989
0.766966
0.767
0.767
0.767
0.767
0.767
0.767
0.767
0.767
0.767
0.767
0.767
0.767
0.767
0.767
0.767
0.767
0.766999
0.766995
0.766986
0.767
0.767
0.767
0.767
0.767
0.767
0.767
0.767
0.767
0.767
0.767
0.767
0.767
0.767
0.767
0.766999
0.766998
0.766994
0.767
0.767
0.767
0.767
0.767
0.767
0.767
0.767
0.767
0.767
0.767
0.767
0.767
0.767
0.767
0.766999
0.766998
0.767
0.767
0.767
0.767
0.767
0.767
0.767
0.767
0.767
0.767
0.767
0.767
0.767
0.767
0.767
0.766999
0.767
0.767
0.767
0.767
0.767
0.767
0.767
0.767
0.767
0.767
0.767
0.767
0.767
0.767
0.767
0.767
0.767
0.767
0.767
0.767
0.767
0.767
0.767
0.767
0.767
0.767
0.767
0.767
0.767
0.767
0.767
0.767
0.767
0.767
0.767
0.767
0.767
0.767
0.767
0.767
0.767
0.767
0.767
0.767
0.767
0.767
0.767
0.767
0.767
0.767
0.767
0.767
0.767
0.767
0.767
0.767
0.767
0.767
0.767
0.767
0.767
0.767
0.767
0.767
0.767
0.767
0.767
0.767
0.767
0.767
0.767
0.767
0.767
0.767
0.767
0.767
0.767
0.767
0.767
0.767
0.767
0.767
0.767
0.767
0.767
0.767
0.767
0.767
0.767
0.767
0.767
0.767
0.767
0.767
0.767
0.767
0.767
0.767
0.767
0.767
0.767
0.767
0.767
0.767
0.767
0.767
0.767
0.767
0.767
0.767
0.767
0.767
0.767
0.767
0.767
0.767
0.767
0.767
0.767
0.767
)
;

boundaryField
{
    inlet
    {
        type            fixedValue;
        value           uniform 0.767;
    }
    outlet
    {
        type            zeroGradient;
    }
    splitter
    {
        type            zeroGradient;
    }
    fuel_inlet
    {
        type            fixedValue;
        value           nonuniform List<scalar> 0();
    }
    back
    {
        type            zeroGradient;
    }
    sides
    {
        type            zeroGradient;
    }
    frontAndBack
    {
        type            empty;
    }
    procBoundary0to1
    {
        type            processor;
        value           nonuniform List<scalar> 
53
(
0.767
0.767
0.767
0.767
0.767
0.767
0.767
0.767
0.767
0.767
0.767
0.767
0.767
0.767
0.767
0.767
0.767
0.767
0.767
0.767
0.767
0.767
0.767
0.767
0.767
0.767
0.767
0.767
0.767
0.767
0.767
0.767
0.767
0.767
0.767
0.767
0.767
0.767
0.767
0.767
0.767
0.767
0.767
0.767
0.767
0.767
0.767
0.767
0.767
0.767
0.767
0.767
0.767
)
;
    }
    procBoundary0to3
    {
        type            processor;
        value           nonuniform List<scalar> 
41
(
0.00540717
0.0155799
0.0235939
0.0293041
0.0332393
0.241264
0.241264
0.402758
0.543836
0.635801
0.692361
0.725191
0.743767
0.754167
0.759979
0.763217
0.765007
0.765983
0.766503
0.76677
0.7669
0.766957
0.766982
0.766993
0.766997
0.766999
0.767
0.767
0.767
0.767
0.767
0.767
0.767
0.767
0.767
0.767
0.767
0.767
0.767
0.767
0.767
)
;
    }
}


// ************************************************************************* //
