/*--------------------------------*- C++ -*----------------------------------*\
  =========                 |
  \\      /  F ield         | OpenFOAM: The Open Source CFD Toolbox
   \\    /   O peration     | Website:  https://openfoam.org
    \\  /    A nd           | Version:  8
     \\/     M anipulation  |
\*---------------------------------------------------------------------------*/
FoamFile
{
    version     2.0;
    format      ascii;
    class       volScalarField;
    location    "0.05";
    object      p;
}
// * * * * * * * * * * * * * * * * * * * * * * * * * * * * * * * * * * * * * //

dimensions      [1 -1 -2 0 0 0 0];

internalField   nonuniform List<scalar> 
3919
(
101357
101356
101357
101356
101356
101357
101356
101356
101356
101357
101356
101356
101356
101356
101357
101356
101356
101356
101356
101356
101357
101356
101356
101356
101356
101356
101356
101357
101356
101356
101356
101356
101356
101356
101356
101357
101356
101356
101356
101356
101356
101356
101356
101356
101357
101356
101356
101356
101356
101356
101356
101356
101356
101356
101357
101356
101356
101356
101356
101356
101356
101356
101356
101356
101356
101357
101356
101356
101356
101356
101356
101356
101356
101356
101356
101356
101356
101357
101356
101356
101356
101356
101356
101356
101356
101356
101356
101356
101356
101356
101357
101356
101356
101356
101356
101356
101356
101356
101356
101356
101356
101356
101356
101356
101357
101357
101356
101356
101356
101356
101356
101356
101356
101356
101356
101356
101356
101356
101356
101357
101357
101357
101356
101356
101356
101356
101356
101356
101356
101356
101356
101356
101356
101356
101356
101357
101357
101357
101357
101356
101356
101356
101356
101356
101356
101356
101356
101356
101356
101356
101356
101356
101357
101357
101357
101357
101357
101356
101356
101356
101356
101356
101356
101356
101356
101356
101356
101356
101356
101356
101357
101357
101357
101357
101357
101357
101356
101356
101356
101356
101356
101356
101356
101356
101356
101356
101356
101356
101356
101357
101357
101357
101357
101357
101357
101357
101356
101356
101356
101356
101356
101356
101356
101356
101356
101356
101356
101356
101356
101357
101358
101357
101357
101357
101357
101357
101357
101356
101356
101356
101356
101356
101356
101356
101356
101356
101356
101356
101356
101356
101357
101358
101358
101357
101357
101357
101357
101357
101357
101356
101356
101356
101356
101356
101356
101356
101356
101356
101356
101356
101356
101356
101357
101358
101358
101358
101357
101357
101357
101357
101357
101357
101356
101356
101356
101356
101356
101356
101356
101356
101356
101356
101356
101356
101356
101357
101359
101358
101358
101358
101357
101357
101357
101357
101357
101357
101356
101356
101356
101356
101356
101356
101356
101356
101356
101356
101356
101356
101356
101357
101359
101359
101358
101358
101358
101357
101357
101357
101357
101357
101357
101356
101356
101356
101356
101356
101356
101356
101356
101356
101356
101356
101356
101356
101357
101359
101359
101359
101358
101358
101358
101357
101357
101357
101357
101357
101357
101356
101356
101356
101356
101356
101356
101356
101356
101356
101356
101356
101356
101356
101357
101360
101359
101359
101358
101358
101358
101358
101357
101357
101357
101357
101357
101357
101356
101356
101356
101356
101356
101356
101356
101356
101356
101356
101356
101356
101357
101357
101360
101360
101359
101359
101358
101358
101358
101358
101357
101357
101357
101357
101357
101357
101356
101356
101356
101356
101356
101356
101356
101356
101356
101356
101356
101356
101357
101357
101361
101360
101360
101359
101359
101358
101358
101358
101358
101357
101357
101357
101357
101357
101357
101356
101356
101356
101356
101356
101356
101356
101356
101356
101356
101356
101356
101357
101357
101361
101361
101360
101360
101359
101359
101358
101358
101358
101358
101357
101357
101357
101357
101357
101357
101356
101356
101356
101356
101356
101356
101356
101356
101356
101356
101356
101356
101357
101357
101361
101362
101360
101360
101359
101359
101359
101358
101358
101358
101358
101357
101357
101357
101357
101357
101357
101356
101356
101356
101356
101356
101356
101356
101356
101356
101356
101356
101356
101357
101357
101361
101361
101362
101360
101360
101359
101359
101359
101358
101358
101358
101358
101357
101357
101357
101357
101357
101357
101356
101356
101356
101356
101356
101356
101356
101356
101356
101356
101356
101356
101357
101357
101361
101361
101362
101363
101360
101360
101359
101359
101359
101358
101358
101358
101358
101357
101357
101357
101357
101357
101357
101356
101356
101356
101356
101356
101356
101356
101356
101356
101356
101356
101356
101357
101357
101361
101361
101362
101363
101363
101360
101360
101359
101359
101359
101358
101358
101358
101358
101357
101357
101357
101357
101357
101357
101356
101356
101356
101356
101356
101356
101356
101356
101356
101356
101356
101356
101357
101357
101361
101361
101362
101363
101363
101364
101360
101360
101359
101359
101359
101358
101358
101358
101358
101357
101357
101357
101357
101357
101357
101356
101356
101356
101356
101356
101356
101356
101356
101356
101356
101356
101356
101357
101357
101361
101361
101362
101363
101363
101364
101364
101360
101360
101359
101359
101359
101358
101358
101358
101358
101357
101357
101357
101357
101357
101357
101356
101356
101356
101356
101356
101356
101356
101356
101356
101356
101356
101356
101357
101357
101360
101361
101362
101363
101363
101364
101365
101365
101360
101360
101359
101359
101359
101358
101358
101358
101358
101357
101357
101357
101357
101357
101357
101356
101356
101356
101356
101356
101356
101356
101356
101356
101356
101356
101356
101357
101357
101361
101361
101362
101362
101363
101364
101365
101365
101365
101360
101360
101359
101359
101359
101358
101358
101358
101358
101357
101357
101357
101357
101357
101357
101356
101356
101356
101356
101356
101356
101356
101356
101356
101356
101356
101356
101357
101357
101361
101361
101362
101362
101363
101364
101365
101365
101366
101366
101360
101360
101359
101359
101359
101358
101358
101358
101358
101357
101357
101357
101357
101357
101357
101356
101356
101356
101356
101356
101356
101356
101356
101356
101356
101356
101356
101357
101357
101361
101361
101362
101362
101363
101364
101365
101365
101366
101366
101366
101360
101360
101359
101359
101359
101358
101358
101358
101358
101357
101357
101357
101357
101357
101357
101356
101356
101356
101356
101356
101356
101356
101356
101356
101356
101356
101356
101357
101357
101361
101361
101362
101362
101363
101364
101364
101365
101366
101366
101367
101367
101360
101360
101359
101359
101359
101359
101358
101358
101358
101357
101357
101357
101357
101357
101357
101356
101356
101356
101356
101356
101356
101356
101356
101356
101356
101356
101356
101357
101357
101360
101361
101362
101362
101363
101364
101364
101365
101366
101367
101367
101367
101367
101360
101360
101359
101359
101359
101359
101358
101358
101358
101357
101357
101357
101357
101357
101357
101356
101356
101356
101356
101356
101356
101356
101356
101356
101356
101356
101356
101357
101357
101361
101361
101362
101362
101363
101364
101364
101365
101366
101366
101367
101368
101368
101368
101360
101360
101360
101359
101359
101359
101358
101358
101358
101357
101357
101357
101357
101357
101357
101356
101356
101356
101356
101356
101356
101356
101356
101356
101356
101356
101356
101357
101357
101361
101361
101362
101362
101363
101364
101364
101365
101366
101366
101367
101368
101368
101368
101368
101360
101360
101360
101359
101359
101359
101358
101358
101358
101357
101357
101357
101357
101357
101357
101356
101356
101356
101356
101356
101356
101356
101356
101356
101356
101356
101356
101357
101357
101361
101361
101362
101362
101363
101364
101364
101365
101366
101366
101367
101368
101369
101369
101369
101368
101360
101360
101360
101359
101359
101359
101358
101358
101358
101357
101357
101357
101357
101357
101356
101356
101356
101356
101356
101356
101356
101356
101356
101356
101356
101356
101356
101357
101357
101361
101361
101362
101362
101363
101364
101364
101365
101365
101366
101367
101368
101369
101369
101369
101369
101368
101360
101360
101360
101359
101359
101359
101358
101358
101358
101357
101357
101357
101357
101357
101356
101356
101356
101356
101356
101356
101356
101356
101356
101356
101356
101356
101356
101357
101357
101361
101361
101362
101362
101363
101364
101364
101365
101365
101366
101367
101368
101369
101370
101370
101370
101369
101368
101361
101360
101360
101359
101359
101359
101358
101358
101358
101357
101357
101357
101357
101357
101356
101356
101356
101356
101356
101356
101356
101356
101356
101356
101356
101356
101356
101357
101357
101361
101361
101362
101363
101363
101364
101364
101365
101365
101366
101367
101368
101369
101370
101370
101370
101370
101369
101368
101361
101360
101360
101359
101359
101359
101358
101358
101358
101357
101357
101357
101357
101357
101356
101356
101356
101356
101356
101356
101356
101356
101356
101356
101356
101356
101356
101357
101357
101361
101361
101362
101363
101363
101364
101364
101365
101365
101366
101367
101368
101369
101370
101370
101371
101371
101370
101369
101368
101361
101360
101360
101359
101359
101359
101358
101358
101358
101357
101357
101357
101357
101357
101356
101356
101356
101356
101356
101356
101356
101356
101356
101356
101356
101356
101356
101357
101357
101361
101362
101362
101363
101363
101364
101364
101365
101366
101366
101367
101368
101368
101369
101370
101371
101371
101371
101370
101369
101368
101361
101360
101360
101359
101359
101358
101358
101358
101358
101357
101357
101357
101357
101357
101356
101356
101356
101356
101356
101356
101356
101356
101356
101356
101356
101356
101356
101357
101357
101361
101362
101362
101363
101363
101364
101365
101365
101366
101366
101367
101368
101368
101369
101370
101371
101372
101372
101371
101370
101369
101367
101361
101360
101360
101359
101359
101358
101358
101358
101357
101357
101357
101357
101357
101356
101356
101356
101356
101356
101356
101356
101356
101356
101356
101356
101356
101356
101356
101357
101357
101361
101362
101362
101363
101363
101364
101365
101365
101366
101366
101367
101368
101368
101369
101370
101371
101372
101372
101372
101371
101370
101369
101367
101360
101360
101360
101359
101359
101358
101358
101358
101357
101357
101357
101357
101357
101356
101356
101356
101356
101356
101356
101356
101356
101356
101356
101356
101356
101356
101356
101357
101357
101361
101361
101362
101363
101363
101364
101365
101365
101366
101366
101367
101368
101368
101369
101370
101371
101372
101373
101373
101372
101371
101370
101369
101367
101360
101360
101359
101359
101359
101358
101358
101358
101357
101357
101357
101357
101357
101356
101356
101356
101356
101356
101356
101356
101356
101356
101356
101356
101356
101356
101356
101357
101357
101361
101361
101362
101363
101363
101364
101365
101365
101366
101366
101367
101368
101369
101369
101370
101371
101372
101373
101374
101373
101372
101371
101370
101368
101360
101360
101359
101359
101359
101358
101358
101358
101357
101357
101357
101357
101357
101356
101356
101356
101356
101356
101356
101356
101356
101356
101356
101356
101356
101356
101356
101357
101357
101361
101361
101362
101362
101363
101364
101364
101365
101366
101367
101367
101368
101369
101369
101370
101371
101372
101373
101374
101374
101373
101372
101371
101369
101360
101360
101359
101359
101358
101358
101358
101357
101357
101357
101357
101357
101356
101356
101356
101356
101356
101356
101356
101356
101356
101356
101356
101356
101356
101356
101356
101357
101357
101360
101361
101362
101362
101363
101363
101364
101365
101366
101366
101367
101368
101369
101370
101370
101371
101372
101373
101374
101375
101374
101373
101372
101371
101360
101359
101359
101359
101358
101358
101358
101357
101357
101357
101357
101357
101356
101356
101356
101356
101356
101356
101356
101356
101356
101356
101356
101356
101356
101356
101356
101357
101357
101360
101361
101361
101362
101363
101363
101364
101365
101365
101366
101367
101368
101369
101370
101370
101371
101372
101373
101374
101375
101376
101375
101373
101372
101360
101359
101359
101358
101358
101358
101358
101357
101357
101357
101357
101356
101356
101356
101356
101356
101356
101356
101356
101356
101356
101356
101356
101356
101356
101356
101356
101357
101357
101360
101360
101361
101362
101362
101363
101364
101364
101365
101366
101367
101368
101369
101369
101370
101371
101372
101373
101374
101375
101376
101376
101375
101373
101359
101359
101359
101358
101358
101358
101357
101357
101357
101357
101357
101356
101356
101356
101356
101356
101356
101356
101356
101356
101356
101356
101356
101356
101356
101356
101356
101357
101357
101360
101360
101361
101361
101362
101362
101363
101364
101365
101366
101366
101367
101368
101369
101370
101371
101372
101373
101374
101375
101377
101377
101376
101374
101359
101359
101358
101358
101358
101357
101357
101357
101357
101357
101356
101356
101356
101356
101356
101356
101356
101356
101356
101356
101356
101356
101356
101356
101356
101356
101356
101357
101357
101359
101360
101360
101361
101361
101362
101362
101363
101364
101365
101366
101367
101368
101369
101370
101371
101372
101373
101374
101375
101377
101378
101379
101376
101359
101358
101358
101358
101358
101357
101357
101357
101357
101357
101356
101356
101356
101356
101356
101356
101356
101356
101356
101356
101356
101356
101356
101356
101356
101356
101356
101357
101357
101359
101359
101360
101360
101361
101361
101362
101363
101363
101364
101365
101366
101367
101368
101369
101370
101371
101372
101374
101375
101376
101378
101380
101379
101359
101358
101358
101358
101357
101357
101357
101357
101357
101356
101356
101356
101356
101356
101356
101356
101356
101356
101356
101356
101356
101356
101356
101356
101356
101356
101356
101357
101358
101359
101359
101359
101360
101360
101360
101361
101362
101363
101364
101365
101366
101367
101368
101369
101370
101371
101372
101373
101374
101376
101377
101380
101382
101358
101358
101358
101358
101357
101357
101357
101357
101357
101356
101356
101356
101356
101356
101356
101356
101356
101356
101356
101356
101356
101356
101356
101356
101356
101356
101356
101357
101358
101358
101358
101359
101359
101359
101360
101360
101361
101362
101363
101364
101365
101366
101367
101368
101369
101370
101371
101372
101373
101374
101376
101379
101382
101358
101358
101358
101357
101357
101357
101357
101357
101356
101356
101356
101356
101356
101356
101356
101356
101356
101356
101356
101356
101356
101356
101356
101356
101356
101356
101356
101357
101358
101358
101358
101358
101358
101359
101359
101359
101360
101361
101362
101363
101364
101365
101366
101367
101368
101369
101370
101371
101372
101373
101375
101376
101379
101357
101357
101357
101357
101357
101357
101357
101356
101356
101356
101356
101356
101356
101356
101356
101356
101356
101356
101356
101356
101356
101356
101356
101356
101356
101356
101356
101357
101358
101357
101357
101357
101358
101358
101358
101359
101359
101360
101361
101361
101362
101364
101365
101366
101367
101368
101369
101370
101371
101372
101373
101375
101376
101357
101357
101357
101357
101357
101357
101356
101356
101356
101356
101356
101356
101356
101356
101356
101356
101356
101356
101356
101356
101356
101356
101356
101356
101356
101356
101356
101357
101358
101357
101357
101357
101357
101357
101357
101358
101358
101359
101359
101360
101361
101362
101363
101365
101366
101367
101368
101369
101370
101371
101372
101373
101374
101357
101357
101357
101357
101357
101356
101356
101356
101356
101356
101356
101356
101355
101355
101355
101356
101356
101356
101356
101356
101356
101356
101356
101356
101356
101356
101356
101357
101358
101357
101357
101356
101356
101356
101356
101357
101357
101358
101358
101359
101360
101361
101362
101363
101364
101366
101367
101368
101369
101370
101371
101372
101373
101357
101357
101357
101356
101356
101356
101356
101356
101356
101356
101355
101355
101355
101355
101355
101355
101356
101356
101356
101356
101356
101356
101356
101356
101356
101356
101356
101357
101358
101357
101356
101356
101356
101356
101355
101356
101356
101356
101357
101358
101358
101359
101361
101362
101363
101364
101365
101366
101368
101369
101370
101371
101372
101356
101356
101356
101356
101356
101356
101356
101356
101355
101355
101355
101355
101355
101355
101355
101355
101355
101356
101356
101356
101356
101356
101356
101356
101356
101356
101356
101357
101358
101356
101356
101356
101355
101355
101355
101355
101355
101355
101356
101356
101357
101358
101359
101360
101361
101363
101364
101365
101366
101368
101369
101370
101371
101356
101356
101356
101356
101356
101356
101355
101355
101355
101355
101355
101355
101355
101355
101355
101355
101355
101356
101356
101356
101356
101356
101356
101356
101356
101356
101356
101357
101358
101356
101356
101355
101355
101354
101354
101354
101354
101354
101354
101355
101355
101356
101357
101358
101360
101361
101362
101364
101365
101366
101367
101369
101369
101356
101356
101356
101355
101355
101355
101355
101355
101355
101355
101355
101355
101355
101355
101355
101355
101355
101355
101356
101356
101356
101356
101356
101356
101356
101356
101356
101356
101359
101355
101355
101355
101355
101354
101353
101353
101353
101353
101353
101353
101354
101355
101356
101357
101358
101359
101361
101362
101363
101365
101366
101367
101368
101355
101355
101355
101355
101355
101355
101355
101355
101355
101355
101355
101355
101355
101355
101355
101355
101355
101355
101356
101356
101356
101356
101356
101356
101356
101356
101356
101356
101355
101355
101355
101354
101354
101353
101352
101351
101351
101351
101352
101352
101353
101354
101355
101356
101357
101359
101360
101362
101363
101364
101366
101367
101355
101355
101355
101355
101355
101354
101354
101354
101354
101354
101355
101355
101355
101355
101355
101355
101355
101355
101356
101356
101356
101356
101356
101356
101356
101356
101356
101355
101354
101354
101354
101353
101353
101352
101351
101350
101350
101350
101350
101351
101352
101353
101354
101355
101357
101358
101360
101361
101363
101364
101365
101355
101354
101354
101354
101354
101354
101354
101354
101354
101354
101354
101354
101355
101355
101355
101355
101355
101355
101356
101356
101356
101356
101356
101356
101356
101356
101354
101354
101354
101353
101353
101352
101351
101351
101350
101348
101348
101348
101349
101350
101351
101352
101353
101355
101356
101358
101360
101361
101363
101364
101354
101354
101354
101354
101354
101354
101354
101354
101354
101354
101354
101354
101355
101355
101355
101355
101355
101355
101356
101356
101356
101356
101356
101356
101356
101354
101353
101353
101353
101352
101352
101351
101350
101349
101348
101347
101347
101347
101347
101348
101350
101351
101353
101354
101356
101358
101359
101361
101362
101354
101353
101353
101353
101353
101353
101353
101354
101354
101354
101354
101354
101354
101355
101355
101355
101355
101355
101356
101356
101356
101356
101356
101356
101353
101353
101353
101352
101352
101351
101350
101349
101349
101348
101346
101345
101345
101345
101346
101347
101348
101350
101352
101354
101355
101357
101359
101360
101353
101353
101353
101353
101353
101353
101353
101353
101354
101354
101354
101354
101354
101355
101355
101355
101355
101355
101356
101356
101356
101356
101356
101352
101352
101352
101352
101351
101350
101350
101349
101348
101347
101346
101344
101343
101343
101343
101344
101346
101347
101349
101351
101353
101355
101357
101358
101352
101352
101352
101352
101353
101353
101353
101353
101353
101354
101354
101354
101354
101355
101355
101355
101355
101355
101356
101356
101356
101356
101352
101352
101351
101351
101350
101350
101349
101348
101347
101346
101345
101344
101342
101340
101341
101341
101343
101344
101346
101348
101350
101353
101355
101356
101352
101352
101352
101352
101352
101352
101353
101353
101353
101354
101354
101354
101354
101355
101355
101355
101355
101355
101356
101356
101356
101351
101351
101351
101350
101350
101349
101348
101348
101347
101346
101344
101343
101342
101340
101338
101338
101339
101341
101343
101345
101348
101350
101352
101354
101351
101351
101352
101352
101352
101352
101353
101353
101353
101353
101354
101354
101354
101355
101355
101355
101355
101355
101356
101356
101351
101350
101350
101350
101349
101349
101348
101347
101346
101345
101344
101342
101341
101339
101338
101335
101336
101337
101339
101342
101344
101347
101349
101351
101351
101351
101351
101351
101352
101352
101352
101353
101353
101353
101354
101354
101354
101355
101355
101355
101355
101355
101356
101350
101350
101350
101349
101349
101348
101347
101346
101345
101344
101343
101342
101340
101339
101337
101335
101332
101333
101335
101338
101340
101343
101346
101348
101350
101351
101351
101351
101352
101352
101352
101353
101353
101353
101354
101354
101354
101355
101355
101355
101355
101355
101350
101349
101349
101348
101348
101347
101347
101346
101345
101344
101343
101341
101340
101338
101336
101334
101332
101329
101330
101332
101336
101339
101343
101345
101350
101350
101351
101351
101351
101352
101352
101353
101353
101353
101354
101354
101354
101355
101355
101355
101355
101349
101349
101348
101348
101347
101347
101346
101345
101344
101343
101342
101341
101339
101337
101335
101333
101331
101328
101325
101327
101330
101334
101338
101341
101350
101350
101350
101351
101351
101352
101352
101353
101353
101353
101354
101354
101354
101355
101355
101355
101349
101349
101348
101347
101347
101346
101346
101345
101344
101343
101341
101340
101339
101337
101335
101333
101330
101327
101324
101320
101323
101327
101333
101336
101349
101350
101350
101351
101351
101352
101352
101353
101353
101353
101354
101354
101354
101355
101355
101349
101348
101348
101347
101346
101346
101345
101344
101343
101342
101341
101340
101338
101336
101334
101332
101330
101327
101323
101319
101313
101319
101325
101330
101349
101350
101350
101351
101351
101352
101352
101352
101353
101353
101354
101354
101354
101355
101348
101348
101347
101347
101346
101345
101345
101344
101343
101342
101341
101339
101338
101336
101334
101332
101329
101326
101323
101319
101313
101305
101315
101320
101349
101349
101350
101351
101351
101352
101352
101352
101353
101353
101354
101354
101354
101348
101348
101347
101346
101346
101345
101344
101343
101343
101342
101340
101339
101338
101336
101334
101332
101329
101326
101323
101319
101313
101305
101293
101302
101349
101349
101350
101350
101351
101351
101352
101352
101353
101353
101354
101354
101348
101348
101347
101346
101345
101345
101344
101343
101342
101341
101340
101339
101337
101336
101334
101332
101329
101327
101323
101319
101314
101307
101295
101267
101349
101349
101350
101350
101351
101351
101352
101352
101353
101353
101354
101348
101347
101347
101346
101345
101344
101344
101343
101342
101341
101340
101339
101337
101336
101334
101332
101330
101327
101324
101320
101315
101309
101301
101283
101238
101349
101349
101350
101350
101351
101351
101352
101352
101353
101353
101348
101347
101347
101346
101345
101344
101344
101343
101342
101341
101340
101339
101337
101336
101334
101332
101330
101328
101325
101321
101317
101311
101304
101295
101272
101250
101349
101349
101350
101350
101351
101351
101352
101352
101353
101348
101347
101347
101346
101345
101344
101343
101343
101342
101341
101340
101339
101338
101336
101335
101333
101331
101328
101326
101322
101318
101314
101307
101299
101290
101270
101264
101349
101349
101350
101350
101351
101351
101352
101352
101348
101347
101346
101346
101345
101344
101343
101343
101342
101341
101340
101339
101338
101336
101335
101333
101331
101329
101327
101324
101320
101316
101311
101304
101295
101286
101274
101271
101349
101349
101350
101350
101351
101351
101352
101348
101347
101346
101346
101345
101344
101343
101342
101342
101341
101340
101339
101338
101337
101335
101334
101332
101330
101328
101325
101322
101318
101314
101308
101301
101293
101285
101277
101275
101349
101349
101350
101350
101351
101351
101348
101347
101346
101346
101345
101344
101343
101342
101342
101341
101340
101339
101338
101337
101336
101334
101333
101331
101329
101326
101323
101320
101316
101311
101306
101299
101292
101285
101279
101349
101349
101350
101350
101351
101348
101347
101346
101346
101345
101344
101343
101342
101342
101341
101340
101339
101338
101337
101336
101335
101333
101332
101330
101327
101325
101322
101319
101314
101310
101305
101298
101291
101286
101282
101349
101349
101350
101350
101348
101347
101346
101346
101345
101344
101343
101342
101342
101341
101340
101339
101338
101338
101336
101335
101334
101332
101331
101329
101326
101324
101321
101317
101313
101309
101303
101297
101291
101287
101349
101349
101350
101348
101347
101346
101346
101345
101344
101343
101342
101342
101341
101340
101339
101339
101338
101337
101336
101335
101333
101332
101330
101328
101325
101323
101319
101316
101312
101308
101302
101296
101291
101349
101349
101348
101347
101346
101346
101345
101344
101343
101342
101342
101341
101340
101339
101339
101338
101337
101336
101335
101334
101332
101331
101329
101327
101324
101322
101319
101315
101311
101307
101301
101296
101349
101348
101347
101346
101346
101345
101344
101343
101343
101342
101341
101340
101340
101339
101338
101337
101336
101335
101334
101333
101332
101330
101328
101326
101324
101321
101318
101314
101310
101306
101301
101347
101346
101346
101345
101344
101343
101342
101342
101341
101340
101340
101339
101338
101337
101337
101336
101335
101334
101332
101331
101329
101327
101325
101323
101320
101317
101313
101309
101305
101346
101346
101345
101344
101343
101342
101342
101341
101340
101340
101339
101338
101338
101337
101336
101335
101334
101333
101332
101330
101329
101327
101325
101322
101320
101316
101313
101308
101346
101345
101344
101343
101343
101342
101341
101340
101340
101339
101338
101338
101337
101336
101336
101335
101334
101333
101331
101330
101328
101326
101324
101322
101319
101316
101312
101345
101344
101343
101343
101342
101341
101340
101340
101339
101339
101338
101337
101337
101336
101335
101334
101333
101332
101331
101329
101328
101326
101324
101321
101318
101315
101344
101343
101343
101342
101341
101340
101340
101339
101339
101338
101337
101337
101336
101335
101335
101334
101333
101332
101330
101329
101327
101325
101323
101320
101317
101343
101343
101342
101341
101340
101340
101339
101339
101338
101338
101337
101336
101336
101335
101334
101333
101332
101331
101330
101329
101327
101325
101323
101320
101343
101342
101341
101340
101340
101339
101339
101338
101338
101337
101337
101336
101335
101335
101334
101333
101332
101331
101330
101328
101327
101324
101322
101342
101341
101341
101340
101339
101339
101338
101338
101337
101337
101336
101335
101335
101334
101333
101333
101332
101331
101329
101328
101326
101324
101341
101341
101340
101339
101339
101338
101338
101337
101337
101336
101336
101335
101334
101334
101333
101332
101331
101330
101329
101327
101326
101341
101340
101339
101339
101338
101338
101337
101337
101336
101336
101335
101335
101334
101333
101333
101332
101331
101330
101329
101327
101340
101339
101339
101338
101338
101337
101337
101336
101336
101336
101335
101334
101334
101333
101333
101332
101331
101330
101328
101339
101339
101338
101338
101337
101337
101336
101336
101336
101335
101335
101334
101334
101333
101332
101331
101330
101329
101339
101338
101338
101337
101337
101336
101336
101336
101335
101335
101334
101334
101333
101333
101332
101331
101330
101338
101338
101337
101337
101337
101336
101336
101335
101335
101335
101334
101334
101333
101333
101332
101331
101338
101337
101337
101337
101336
101336
101335
101335
101335
101334
101334
101333
101333
101332
101331
101337
101337
101337
101336
101336
101335
101335
101335
101334
101334
101334
101333
101333
101332
101337
101337
101336
101336
101335
101335
101335
101335
101334
101334
101334
101333
101332
101337
101336
101336
101336
101335
101335
101335
101334
101334
101334
101333
101333
101336
101336
101336
101335
101335
101335
101334
101334
101334
101333
101333
101336
101336
101335
101335
101335
101334
101334
101334
101334
101333
101336
101335
101335
101335
101335
101334
101334
101334
101333
101335
101335
101335
101335
101334
101334
101334
101333
101335
101335
101335
101334
101334
101334
101334
101335
101335
101334
101334
101334
101334
101335
101334
101334
101334
101334
101334
101334
101334
101334
101334
101334
101334
101334
101334
101334
)
;

boundaryField
{
    inlet
    {
        type            zeroGradient;
    }
    outlet
    {
        type            waveTransmissive;
        gamma           1.4;
        fieldInf        101325;
        lInf            10;
        value           nonuniform List<scalar> 0();
    }
    splitter
    {
        type            zeroGradient;
    }
    fuel_inlet
    {
        type            zeroGradient;
    }
    back
    {
        type            zeroGradient;
    }
    sides
    {
        type            zeroGradient;
    }
    frontAndBack
    {
        type            empty;
    }
    procBoundary0to1
    {
        type            processor;
        value           nonuniform List<scalar> 
53
(
101357
101356
101356
101356
101356
101356
101356
101356
101356
101356
101356
101356
101356
101356
101357
101357
101357
101357
101357
101357
101358
101358
101358
101359
101359
101359
101360
101360
101361
101361
101362
101362
101363
101363
101364
101364
101365
101365
101366
101366
101366
101367
101367
101367
101367
101367
101367
101367
101366
101366
101366
101366
101365
)
;
    }
    procBoundary0to3
    {
        type            processor;
        value           nonuniform List<scalar> 
41
(
101225
101252
101266
101270
101274
101279
101279
101285
101288
101292
101296
101300
101304
101308
101311
101314
101317
101319
101321
101323
101325
101327
101328
101329
101330
101330
101331
101332
101332
101332
101333
101333
101333
101333
101333
101333
101333
101333
101333
101333
101333
)
;
    }
}


// ************************************************************************* //
