/*--------------------------------*- C++ -*----------------------------------*\
  =========                 |
  \\      /  F ield         | OpenFOAM: The Open Source CFD Toolbox
   \\    /   O peration     | Website:  https://openfoam.org
    \\  /    A nd           | Version:  8
     \\/     M anipulation  |
\*---------------------------------------------------------------------------*/
FoamFile
{
    version     2.0;
    format      ascii;
    class       surfaceScalarField;
    location    "0.05";
    object      phi;
}
// * * * * * * * * * * * * * * * * * * * * * * * * * * * * * * * * * * * * * //

dimensions      [1 0 -1 0 0 0 0];

internalField   nonuniform List<scalar> 
7709
(
1.27514e-05
2.68778e-08
1.27649e-05
7.37815e-08
1.239e-05
2.33905e-08
1.2781e-05
9.70705e-08
1.24027e-05
6.44373e-08
1.20379e-05
2.01196e-08
1.27971e-05
1.00048e-07
1.2418e-05
8.49965e-08
1.205e-05
5.56335e-08
1.16965e-05
1.70445e-08
1.28118e-05
9.18191e-08
1.24334e-05
8.78002e-08
1.20646e-05
7.35452e-08
1.17079e-05
4.73299e-08
1.13647e-05
1.41487e-08
1.28239e-05
7.53438e-08
1.24475e-05
8.07599e-08
1.20793e-05
7.61338e-08
1.17219e-05
6.26518e-08
1.13756e-05
3.94731e-08
1.10424e-05
1.14133e-08
1.28326e-05
5.1825e-08
1.24591e-05
6.65188e-08
1.20928e-05
7.01843e-08
1.1736e-05
6.50045e-08
1.1389e-05
5.22763e-08
1.10528e-05
3.20284e-08
1.07291e-05
8.82836e-09
1.28371e-05
2.31031e-08
1.24676e-05
4.6088e-08
1.2104e-05
5.80247e-08
1.17489e-05
6.0056e-08
1.14024e-05
5.43729e-08
1.10655e-05
4.23815e-08
1.07391e-05
2.49498e-08
1.30325e-05
5.86927e-09
1.28367e-05
-1.13388e-08
1.24721e-05
2.12168e-08
1.21122e-05
4.0487e-08
1.17597e-05
4.98317e-08
1.14149e-05
5.03427e-08
1.10785e-05
4.42026e-08
1.07513e-05
3.29336e-08
1.30443e-05
1.66167e-08
1.30324e-05
2.93074e-09
1.28308e-05
-5.00152e-08
1.24719e-05
-8.74152e-09
1.21167e-05
1.92362e-08
1.17677e-05
3.50177e-08
1.14253e-05
4.19209e-08
1.10904e-05
4.1011e-08
1.07637e-05
3.4459e-08
1.30587e-05
2.1914e-08
1.30442e-05
8.30086e-09
1.30325e-05
-7.41502e-13
1.28184e-05
-9.28187e-08
1.24666e-05
-4.23478e-08
1.21169e-05
-6.48868e-09
1.17722e-05
1.7154e-08
1.14331e-05
2.9664e-08
1.11005e-05
3.42704e-08
1.07752e-05
3.2036e-08
1.30734e-05
2.29398e-08
1.30585e-05
1.09437e-08
1.30442e-05
2.52775e-12
1.30325e-05
-2.9323e-09
1.27991e-05
-1.41204e-07
1.24554e-05
-7.93486e-08
1.21122e-05
-3.53696e-08
1.17726e-05
-4.58108e-09
1.14377e-05
1.49691e-08
1.11081e-05
2.44162e-08
1.0785e-05
2.68608e-08
1.30872e-05
2.13224e-08
1.30732e-05
1.14549e-08
1.30585e-05
-7.80554e-12
1.30442e-05
-8.29581e-09
1.30324e-05
-5.87075e-09
1.2772e-05
-1.94106e-07
1.24376e-05
-1.21189e-07
1.2102e-05
-6.69597e-08
1.17685e-05
-2.90419e-08
1.14383e-05
-3.01508e-09
1.11127e-05
1.26778e-08
1.07924e-05
1.92635e-08
1.30991e-05
1.78673e-08
1.30869e-05
1.06425e-08
1.30732e-05
-1.25067e-11
1.30585e-05
-1.09593e-08
1.30442e-05
-1.66114e-08
1.30325e-05
-8.82961e-09
1.27362e-05
-2.51635e-07
1.24124e-05
-1.66895e-07
1.20855e-05
-1.02675e-07
1.17592e-05
-5.55897e-08
1.14347e-05
-2.3326e-08
1.11136e-05
-1.77637e-09
1.0797e-05
1.02749e-08
1.31083e-05
1.27902e-08
1.30988e-05
8.91044e-09
1.30869e-05
-1.97675e-11
1.30732e-05
-1.14799e-08
1.30585e-05
-2.19296e-08
1.30443e-05
-2.49455e-08
1.08734e-05
-1.14478e-08
1.2691e-05
-3.13944e-07
1.23793e-05
-2.16529e-07
1.20623e-05
-1.4166e-07
1.17442e-05
-8.55927e-08
1.14264e-05
-4.51839e-08
1.11105e-05
-1.81819e-08
1.07981e-05
-8.41691e-10
1.31144e-05
6.81789e-09
1.3108e-05
6.36448e-09
1.30988e-05
-2.83389e-11
1.30869e-05
-1.0682e-08
1.30732e-05
-2.29646e-08
1.30587e-05
-3.29487e-08
1.08835e-05
-3.21257e-08
1.11625e-05
-1.4213e-08
1.26357e-05
-3.80892e-07
1.23374e-05
-2.70147e-07
1.20316e-05
-1.83955e-07
1.17227e-05
-1.18308e-07
1.14126e-05
-6.98435e-08
1.1103e-05
-3.5659e-08
1.07955e-05
-1.35462e-08
1.31167e-05
-6.03192e-10
1.31141e-05
3.38423e-09
1.3108e-05
-3.5929e-11
1.30988e-05
-8.96708e-09
1.30869e-05
-2.13617e-08
1.30734e-05
-3.44837e-08
1.08958e-05
-4.25213e-08
1.1173e-05
-3.96578e-08
1.14594e-05
-1.71346e-08
1.25692e-05
-4.52383e-07
1.22861e-05
-3.27737e-07
1.19929e-05
-2.29559e-07
1.16944e-05
-1.53783e-07
1.13929e-05
-9.67482e-08
1.10903e-05
-5.53456e-08
1.07887e-05
-2.69574e-08
1.31147e-05
-9.13916e-09
1.31163e-05
-3.36817e-10
1.3114e-05
-4.5024e-11
1.3108e-05
-6.43631e-09
1.30988e-05
-1.79238e-08
1.30872e-05
-3.20753e-08
1.09084e-05
-4.43601e-08
1.11859e-05
-5.25242e-08
1.14704e-05
-4.75911e-08
1.17643e-05
-2.02291e-08
1.2491e-05
-5.28298e-07
1.22246e-05
-3.89164e-07
1.19454e-05
-2.78508e-07
1.16586e-05
-1.91992e-07
1.13667e-05
-1.2588e-07
1.10722e-05
-7.68426e-08
1.07772e-05
-4.2013e-08
1.31081e-05
-1.80859e-08
1.31142e-05
-4.62935e-09
1.31163e-05
-5.22977e-11
1.3114e-05
-3.47422e-09
1.3108e-05
-1.28619e-08
1.30991e-05
-2.6917e-08
1.09201e-05
-4.11728e-08
1.1199e-05
-5.46453e-08
1.14839e-05
-6.29869e-08
1.17759e-05
-5.59549e-08
1.2077e-05
-2.35136e-08
1.24002e-05
-6.08267e-07
1.21521e-05
-4.54137e-07
1.18885e-05
-3.30502e-07
1.16147e-05
-2.32855e-07
1.13337e-05
-1.57212e-07
1.10482e-05
-1.00085e-07
1.07606e-05
-5.84761e-08
1.30965e-05
-2.81142e-08
1.31076e-05
-9.10289e-09
1.31141e-05
-5.87072e-11
1.31163e-05
2.32357e-10
1.31141e-05
-6.90754e-09
1.31083e-05
-1.93351e-08
1.093e-05
-3.44269e-08
1.1211e-05
-5.06064e-08
1.14975e-05
-6.53683e-08
1.17899e-05
-7.39521e-08
1.20892e-05
-6.47965e-08
1.23978e-05
-2.70108e-08
1.22959e-05
-6.92143e-07
1.20681e-05
-5.22607e-07
1.18215e-05
-3.85587e-07
1.15621e-05
-2.76279e-07
1.12931e-05
-1.90673e-07
1.10177e-05
-1.25049e-07
1.07384e-05
-7.62379e-08
1.30792e-05
-3.91057e-08
1.30958e-05
-1.41179e-08
1.31074e-05
-6.60276e-11
1.31141e-05
4.51202e-09
1.31163e-05
4.992e-10
1.31144e-05
-1.03637e-08
1.09375e-05
-2.45561e-08
1.12213e-05
-4.2163e-08
1.151e-05
-6.04062e-08
1.18041e-05
-7.65669e-08
1.21038e-05
-8.54531e-08
1.24105e-05
-7.41539e-08
1.27279e-05
-3.0737e-08
1.21775e-05
-7.79672e-07
1.19718e-05
-5.94282e-07
1.17439e-05
-4.43417e-07
1.15003e-05
-3.22197e-07
1.12446e-05
-2.26173e-07
1.09803e-05
-1.51695e-07
1.07102e-05
-9.52954e-08
1.30559e-05
-5.09672e-08
1.30784e-05
-1.96216e-08
1.30955e-05
-7.2352e-11
1.31074e-05
8.97075e-09
1.31142e-05
9.02184e-09
1.31167e-05
7.38345e-10
1.09422e-05
-1.27969e-08
1.1229e-05
-2.98619e-08
1.15206e-05
-5.01397e-08
1.18171e-05
-7.06013e-08
1.21186e-05
-8.82837e-08
1.24259e-05
-9.75395e-08
1.27414e-05
-8.40894e-08
1.30667e-05
-3.4724e-08
1.20444e-05
-8.70445e-07
1.18625e-05
-6.68938e-07
1.1655e-05
-5.0391e-07
1.14287e-05
-3.70329e-07
1.11876e-05
-2.63666e-07
1.09355e-05
-1.79878e-07
1.06757e-05
-1.1561e-07
1.30263e-05
-6.36955e-08
1.3055e-05
-2.55615e-08
1.30781e-05
-7.96839e-11
1.30955e-05
1.39732e-08
1.31076e-05
1.79535e-08
1.31147e-05
1.34281e-08
1.09434e-05
1.68495e-09
1.12336e-05
-1.51101e-08
1.15284e-05
-3.52613e-08
1.1828e-05
-5.83762e-08
1.21321e-05
-8.12105e-08
1.24413e-05
-1.00548e-07
1.27575e-05
-1.10264e-07
1.30809e-05
-9.46478e-08
1.34134e-05
-3.9001e-08
1.18957e-05
-9.64227e-07
1.17397e-05
-7.46243e-07
1.15543e-05
-5.668e-07
1.13468e-05
-4.20558e-07
1.11216e-05
-3.0287e-07
1.08829e-05
-2.09591e-07
1.06343e-05
-1.37062e-07
1.29898e-05
-7.72661e-08
1.30252e-05
-3.19352e-08
1.30547e-05
-8.66754e-11
1.30781e-05
1.94623e-08
1.30958e-05
2.79694e-08
1.31081e-05
2.68247e-08
1.09407e-05
1.81263e-08
1.12345e-05
2.94198e-09
1.1533e-05
-1.73091e-08
1.18361e-05
-4.07641e-08
1.21434e-05
-6.69036e-08
1.24554e-05
-9.22896e-08
1.27736e-05
-1.1341e-07
1.30978e-05
-1.2369e-07
1.34284e-05
-1.05905e-07
1.3771e-05
-4.35977e-08
1.1731e-05
-1.06062e-06
1.16028e-05
-8.25954e-07
1.14412e-05
-6.31823e-07
1.1254e-05
-4.72692e-07
1.10461e-05
-3.43742e-07
1.08221e-05
-2.40672e-07
1.05858e-05
-1.59624e-07
1.29461e-05
-9.15966e-08
1.29885e-05
-3.8731e-08
1.30247e-05
-9.26573e-11
1.30547e-05
2.53882e-08
1.30784e-05
3.89463e-08
1.30964e-05
4.18682e-08
1.09338e-05
3.56434e-08
1.12314e-05
2.3332e-08
1.15336e-05
4.52668e-09
1.18406e-05
-1.93981e-08
1.21516e-05
-4.63787e-08
1.24671e-05
-7.57374e-08
1.27883e-05
-1.03859e-07
1.31147e-05
-1.2692e-07
1.34462e-05
-1.37865e-07
1.37869e-05
-1.17925e-07
1.41372e-05
-4.85569e-08
1.15496e-05
-1.15929e-06
1.14513e-05
-9.07749e-07
1.13153e-05
-6.9872e-07
1.115e-05
-5.26517e-07
1.09609e-05
-3.86096e-07
1.07526e-05
-2.7297e-07
1.05297e-05
-1.83222e-07
1.28948e-05
-1.0667e-07
1.29446e-05
-4.59071e-08
1.2988e-05
-9.79439e-11
1.30247e-05
3.175e-08
1.3055e-05
5.07938e-08
1.30792e-05
5.83168e-08
1.09221e-05
5.53849e-08
1.12237e-05
4.52849e-08
1.153e-05
2.91061e-08
1.1841e-05
6.45473e-09
1.21561e-05
-2.13819e-08
1.24755e-05
-5.21224e-08
1.28004e-05
-8.49122e-08
1.313e-05
-1.15959e-07
1.34638e-05
-1.4113e-07
1.38056e-05
-1.52876e-07
1.41541e-05
-1.3079e-07
1.43072e-05
-5.38472e-08
1.1351e-05
-1.25999e-06
1.12846e-05
-9.91338e-07
1.11761e-05
-7.67261e-07
1.10344e-05
-5.81801e-07
1.08654e-05
-4.29728e-07
1.06742e-05
-3.06385e-07
1.04657e-05
-2.07678e-07
1.28357e-05
-1.22439e-07
1.28931e-05
-5.34558e-08
1.29439e-05
-1.02921e-10
1.2988e-05
3.85351e-08
1.30252e-05
6.35102e-08
1.30559e-05
7.60645e-08
1.09052e-05
7.69398e-08
1.1211e-05
7.00517e-08
1.15216e-05
5.5797e-08
1.18368e-05
3.54845e-08
1.21562e-05
8.72443e-09
1.248e-05
-2.32625e-08
1.28091e-05
-5.80104e-08
1.31426e-05
-9.44674e-08
1.34798e-05
-1.28648e-07
1.38241e-05
-1.56102e-07
1.41739e-05
-1.68791e-07
1.43249e-05
-1.44376e-07
1.39025e-05
-5.92834e-08
1.11346e-05
-1.36229e-06
1.11022e-05
-1.07643e-06
1.10231e-05
-8.37167e-07
1.09067e-05
-6.38323e-07
1.07592e-05
-4.7447e-07
1.05865e-05
-3.4077e-07
1.03935e-05
-2.32943e-07
1.27684e-05
-1.38782e-07
1.28336e-05
-6.13526e-08
1.28923e-05
-1.07535e-10
1.29439e-05
4.57013e-08
1.29885e-05
7.70702e-08
1.30263e-05
9.511e-08
1.08828e-05
1.00233e-07
1.11926e-05
9.70755e-08
1.15076e-05
8.59504e-08
1.18275e-05
6.72437e-08
1.21515e-05
4.25008e-08
1.24798e-05
1.1332e-08
1.28135e-05
-2.50515e-08
1.31515e-05
-6.40651e-08
1.34929e-05
-1.04417e-07
1.38409e-05
-1.41974e-07
1.41933e-05
-1.71912e-07
1.43455e-05
-1.85482e-07
1.39202e-05
-1.58136e-07
1.35086e-05
-6.48689e-08
1.09002e-05
-1.46599e-06
1.09038e-05
-1.16279e-06
1.0856e-05
-9.08181e-07
1.07665e-05
-6.95846e-07
1.06422e-05
-5.201e-07
1.04891e-05
-3.75937e-07
1.03128e-05
-2.58895e-07
1.26926e-05
-1.55669e-07
1.27659e-05
-6.95377e-08
1.28327e-05
-1.11644e-10
1.28923e-05
5.32408e-08
1.29446e-05
9.13906e-08
1.29898e-05
1.15414e-07
1.08542e-05
1.25281e-07
1.11683e-05
1.26321e-07
1.14877e-05
1.18854e-07
1.18123e-05
1.03165e-07
1.21413e-05
7.96938e-08
1.24745e-05
5.01887e-08
1.28131e-05
1.42816e-08
1.3156e-05
-2.67565e-08
1.35021e-05
-7.0314e-08
1.38545e-05
-1.14824e-07
1.42109e-05
-1.55989e-07
1.43657e-05
-1.88369e-07
1.39408e-05
-2.02311e-07
1.35264e-05
-1.72055e-07
1.31249e-05
-7.0613e-08
1.06472e-05
-1.57083e-06
1.0689e-05
-1.25009e-06
1.06744e-05
-9.80089e-07
1.06136e-05
-7.54167e-07
1.05139e-05
-5.66483e-07
1.03819e-05
-4.11767e-07
1.02234e-05
-2.8539e-07
1.26081e-05
-1.73018e-07
1.26898e-05
-7.7996e-08
1.27648e-05
-1.15388e-10
1.28327e-05
6.11294e-08
1.28931e-05
1.06455e-07
1.29461e-05
1.36856e-07
1.08192e-05
1.51986e-07
1.11374e-05
1.57813e-07
1.14614e-05
1.54486e-07
1.17907e-05
1.42374e-07
1.21247e-05
1.21783e-07
1.24633e-05
9.32186e-08
1.28072e-05
5.85744e-08
1.31553e-05
1.75896e-08
1.35066e-05
-2.83975e-08
1.38641e-05
-7.67839e-08
1.42251e-05
-1.25718e-07
1.43838e-05
-1.70546e-07
1.3961e-05
-2.04843e-07
1.35471e-05
-2.19272e-07
1.31428e-05
-1.86131e-07
1.27538e-05
-7.65124e-08
-1.67586e-06
1.03754e-05
1.04575e-05
-1.33823e-06
1.04781e-05
-1.05268e-06
1.04476e-05
-8.13082e-07
1.03742e-05
-6.13362e-07
1.02646e-05
-4.48065e-07
1.0125e-05
-3.12324e-07
1.25149e-05
-1.90734e-07
1.26049e-05
-8.66868e-08
1.26884e-05
-1.18881e-10
1.27648e-05
6.93069e-08
1.28336e-05
1.22215e-07
1.28948e-05
1.59409e-07
1.07773e-05
1.80247e-07
1.10996e-05
1.91433e-07
1.1428e-05
1.92921e-07
1.17622e-05
1.84892e-07
1.21014e-05
1.67711e-07
1.24454e-05
1.41818e-07
1.27949e-05
1.07853e-07
1.31487e-05
6.76901e-08
1.35056e-05
2.12623e-08
1.38686e-05
-2.99891e-08
1.4235e-05
-8.35086e-08
1.43985e-05
-1.37004e-07
1.3979e-05
-1.85061e-07
1.35672e-05
-2.21334e-07
1.31635e-05
-2.36366e-07
1.27717e-05
-2.00381e-07
1.23927e-05
-8.25682e-08
-1.42626e-06
1.02089e-05
-2.49154e-06
9.98995e-06
1.02666e-05
-1.12577e-06
1.02684e-05
-8.72443e-07
1.02228e-05
-6.60658e-07
1.0137e-05
-4.84725e-07
1.00175e-05
-3.39573e-07
1.24126e-05
-2.08749e-07
1.25111e-05
-9.5562e-08
1.26033e-05
-1.22049e-10
1.26884e-05
7.77583e-08
1.27659e-05
1.38551e-07
1.28357e-05
1.82999e-07
1.0728e-05
2.10082e-07
1.10543e-05
2.27107e-07
1.1387e-05
2.34048e-07
1.17261e-05
2.3079e-07
1.20706e-05
2.17616e-07
1.24202e-05
1.95005e-07
1.27755e-05
1.63391e-07
1.31353e-05
1.23616e-07
1.34984e-05
7.75318e-08
1.38674e-05
2.5301e-08
1.42396e-05
-3.15656e-08
1.44087e-05
-9.04292e-08
1.39935e-05
-1.48236e-07
1.35851e-05
-1.99562e-07
1.31835e-05
-2.37844e-07
1.27925e-05
-2.53569e-07
1.24108e-05
-2.14775e-07
1.20411e-05
-8.87901e-08
-1.19852e-06
1.00398e-05
-2.13363e-06
9.85229e-06
-2.70066e-06
9.57074e-06
1.00757e-05
-9.32101e-07
1.00595e-05
-7.08119e-07
9.99885e-06
-5.21554e-07
9.90082e-06
-3.67008e-07
1.23013e-05
-2.26978e-07
1.24082e-05
-1.04588e-07
1.25092e-05
-1.24997e-10
1.26033e-05
8.64428e-08
1.26898e-05
1.55431e-07
1.27684e-05
2.07446e-07
1.06712e-05
2.41236e-07
1.1001e-05
2.64787e-07
1.1338e-05
2.77692e-07
1.16819e-05
2.79957e-07
1.20316e-05
2.7161e-07
1.23869e-05
2.52837e-07
1.27484e-05
2.24262e-07
1.31145e-05
1.86533e-07
1.3484e-05
1.40553e-07
1.38594e-05
8.81337e-08
1.42381e-05
2.97038e-08
1.44133e-05
-3.31258e-08
1.40036e-05
-9.73062e-08
1.35995e-05
-1.5943e-07
1.32013e-05
-2.1401e-07
1.28124e-05
-2.54339e-07
1.24315e-05
-2.70874e-07
1.20592e-05
-2.29309e-07
1.16997e-05
-9.51789e-08
-9.91182e-07
9.86932e-06
-1.80354e-06
9.71104e-06
-2.31184e-06
9.46472e-06
-2.91999e-06
9.11292e-06
9.88409e-06
-7.55786e-07
9.85012e-06
-5.58448e-07
9.77475e-06
-3.94535e-07
1.21808e-05
-2.45338e-07
1.22962e-05
-1.13723e-07
1.24061e-05
-1.27729e-10
1.25092e-05
9.5312e-08
1.26049e-05
1.72774e-07
1.26926e-05
2.32705e-07
1.06063e-05
2.73636e-07
1.09395e-05
3.04163e-07
1.12805e-05
3.23876e-07
1.16289e-05
3.32348e-07
1.19839e-05
3.29467e-07
1.2345e-05
3.15439e-07
1.27127e-05
2.90642e-07
1.30853e-05
2.55672e-07
1.34615e-05
2.11331e-07
1.38439e-05
1.5865e-07
1.42296e-05
9.94607e-08
1.44116e-05
3.43737e-08
1.40081e-05
-3.46461e-08
1.36095e-05
-1.04145e-07
1.32157e-05
-1.70611e-07
1.28301e-05
-2.28464e-07
1.24514e-05
-2.70876e-07
1.208e-05
-2.88289e-07
1.17178e-05
-2.43977e-07
1.13691e-05
-1.01726e-07
-8.02836e-07
9.69664e-06
-1.49996e-06
9.56698e-06
-1.95341e-06
9.35382e-06
-2.49604e-06
9.04195e-06
-3.15829e-06
8.61696e-06
9.69065e-06
-5.95406e-07
9.63921e-06
-4.21995e-07
1.20512e-05
-2.63763e-07
1.2175e-05
-1.22926e-07
1.22938e-05
-1.30352e-10
1.24061e-05
1.04333e-07
1.25111e-05
1.90484e-07
1.26081e-05
2.5865e-07
1.05331e-05
3.07163e-07
1.08693e-05
3.45251e-07
1.12138e-05
3.72268e-07
1.15666e-05
3.87723e-07
1.19267e-05
3.9125e-07
1.22935e-05
3.82793e-07
1.26675e-05
3.62586e-07
1.3047e-05
3.31126e-07
1.34303e-05
2.89243e-07
1.38199e-05
2.37809e-07
1.42129e-05
1.77964e-07
1.44025e-05
1.11381e-07
1.40063e-05
3.90781e-08
1.36139e-05
-3.61635e-08
1.32255e-05
-1.10972e-07
1.28443e-05
-1.81761e-07
1.2469e-05
-2.42862e-07
1.20998e-05
-2.87381e-07
1.17386e-05
-3.05764e-07
1.13873e-05
-2.58816e-07
1.10464e-05
-1.08438e-07
-6.31821e-07
9.52049e-06
-1.22128e-06
9.41917e-06
-1.62381e-06
9.23855e-06
-2.10608e-06
8.96501e-06
-2.69646e-06
8.58122e-06
-3.39804e-06
8.09395e-06
9.49412e-06
-4.49442e-07
1.19124e-05
-2.82141e-07
1.20446e-05
-1.32161e-07
1.21722e-05
-1.32933e-10
1.22938e-05
1.13463e-07
1.24082e-05
2.08493e-07
1.25149e-05
2.85139e-07
1.04513e-05
3.41648e-07
1.07899e-05
3.87807e-07
1.11377e-05
4.22806e-07
1.14944e-05
4.45941e-07
1.18594e-05
4.56636e-07
1.22319e-05
4.5462e-07
1.26121e-05
4.40052e-07
1.29984e-05
4.13143e-07
1.33891e-05
3.74475e-07
1.37864e-05
3.2511e-07
1.41873e-05
2.66009e-07
1.4385e-05
1.98165e-07
1.39972e-05
1.23309e-07
1.36121e-05
4.37668e-08
1.323e-05
-3.77058e-08
1.28541e-05
-1.17811e-07
1.24832e-05
-1.92901e-07
1.21173e-05
-2.57265e-07
1.17583e-05
-3.03893e-07
1.14081e-05
-3.23292e-07
1.10647e-05
-2.73757e-07
1.07339e-05
-1.15312e-07
-4.76429e-07
9.33956e-06
-9.65893e-07
9.26627e-06
-1.32148e-06
9.11798e-06
-1.74864e-06
8.88221e-06
-2.27074e-06
8.54036e-06
-2.90658e-06
8.09079e-06
-3.61341e-06
7.55063e-06
1.17645e-05
-3.00454e-07
1.19049e-05
-1.41371e-07
1.20413e-05
-1.3563e-10
1.21722e-05
1.2266e-07
1.22962e-05
2.26717e-07
1.24126e-05
3.12067e-07
1.03606e-05
3.76945e-07
1.07011e-05
4.3168e-07
1.10515e-05
4.75265e-07
1.14119e-05
5.06788e-07
1.17814e-05
5.2552e-07
1.21592e-05
5.30964e-07
1.25457e-05
5.2284e-07
1.2939e-05
5.01416e-07
1.33372e-05
4.67202e-07
1.37424e-05
4.20763e-07
1.41515e-05
3.63306e-07
1.43581e-05
2.9555e-07
1.39796e-05
2.18413e-07
1.36029e-05
1.35204e-07
1.32281e-05
4.83881e-08
1.28585e-05
-3.92977e-08
1.24929e-05
-1.24673e-07
1.21313e-05
-2.04026e-07
1.17756e-05
-2.71622e-07
1.14277e-05
-3.20388e-07
1.10854e-05
-3.40887e-07
1.07521e-05
-2.888e-07
6.80408e-06
-1.19325e-07
-3.18384e-07
1.16074e-05
-7.32436e-07
9.10723e-06
-1.0447e-06
8.99059e-06
-1.42156e-06
8.79197e-06
-1.88055e-06
8.49306e-06
-2.44924e-06
8.08404e-06
-3.10006e-06
7.57843e-06
-3.8057e-06
6.98833e-06
1.1756e-05
-1.50531e-07
1.19012e-05
-1.3827e-10
1.20413e-05
1.3189e-07
1.2175e-05
2.45072e-07
1.23013e-05
3.39311e-07
1.02609e-05
4.12888e-07
1.06026e-05
4.7664e-07
1.09551e-05
5.29412e-07
1.13185e-05
5.7008e-07
1.1692e-05
5.97621e-07
1.2075e-05
6.11371e-07
1.24675e-05
6.10915e-07
1.28676e-05
5.96182e-07
1.32733e-05
5.67293e-07
1.36867e-05
5.2503e-07
1.41045e-05
4.70138e-07
1.43206e-05
4.03339e-07
1.39525e-05
3.25124e-07
1.35853e-05
2.38587e-07
1.3219e-05
1.46978e-07
1.28567e-05
5.29038e-08
1.24973e-05
-4.097e-08
1.2141e-05
-1.31553e-07
1.17897e-05
-2.15161e-07
1.1445e-05
-2.85942e-07
1.11049e-05
-3.36849e-07
1.07729e-05
-3.58555e-07
6.81457e-06
-2.9726e-07
7.56926e-06
-1.23923e-07
-1.59507e-07
1.15982e-05
-3.67371e-07
1.12437e-05
-7.91861e-07
8.85546e-06
-1.12291e-06
8.69298e-06
-1.52474e-06
8.43717e-06
-2.02732e-06
8.07211e-06
-2.61995e-06
7.60487e-06
-3.27204e-06
7.04569e-06
-3.98511e-06
6.40932e-06
1.17518e-05
-1.41375e-10
1.19012e-05
1.41095e-07
1.20446e-05
2.63492e-07
1.21808e-05
3.66742e-07
1.0152e-05
4.49309e-07
1.04941e-05
5.22522e-07
1.08479e-05
5.85041e-07
1.12137e-05
6.35513e-07
1.15908e-05
6.72733e-07
1.19784e-05
6.95735e-07
1.23766e-05
7.03893e-07
1.27834e-05
6.96861e-07
1.31968e-05
6.74647e-07
1.36185e-05
6.37674e-07
1.40451e-05
5.86702e-07
1.42712e-05
5.21866e-07
1.39148e-05
4.43487e-07
1.35583e-05
3.54604e-07
1.32015e-05
2.58577e-07
1.28477e-05
1.58594e-07
1.24956e-05
5.72808e-08
1.21455e-05
-4.27406e-08
1.17993e-05
-1.3848e-07
1.14589e-05
-2.26276e-07
1.11221e-05
-3.00239e-07
1.07923e-05
-3.53265e-07
6.82686e-06
-3.68879e-07
7.58114e-06
-3.06878e-07
8.4221e-06
-1.29204e-07
-1.4372e-10
1.15935e-05
-1.46393e-07
1.13785e-05
-4.17421e-07
1.08706e-05
-8.50687e-07
8.58425e-06
-1.20129e-06
8.37051e-06
-1.64064e-06
8.05144e-06
-2.17376e-06
7.62685e-06
-2.77083e-06
7.10456e-06
-3.43215e-06
6.4936e-06
-4.15568e-06
5.81919e-06
1.17518e-05
1.50248e-07
1.19049e-05
2.81865e-07
1.20512e-05
3.94264e-07
1.00336e-05
4.86083e-07
1.03754e-05
5.69129e-07
1.07297e-05
6.41892e-07
1.10971e-05
7.0285e-07
1.14772e-05
7.50544e-07
1.18689e-05
7.8376e-07
1.22724e-05
8.0159e-07
1.26856e-05
8.03453e-07
1.31063e-05
7.89176e-07
1.35364e-05
7.58729e-07
1.39721e-05
7.12792e-07
1.42089e-05
6.51351e-07
1.38652e-05
5.73783e-07
1.35207e-05
4.83532e-07
1.31746e-05
3.83937e-07
1.28304e-05
2.78355e-07
1.24867e-05
1.69984e-07
1.21439e-05
6.14724e-08
1.18039e-05
-4.46224e-08
1.14686e-05
-1.45464e-07
1.1136e-05
-2.37394e-07
1.08093e-05
-3.14464e-07
6.83849e-06
-3.63021e-07
7.59498e-06
-3.8054e-07
8.43562e-06
-3.17877e-07
9.36967e-06
-1.35298e-07
1.5922e-07
1.15935e-05
-2.0186e-10
1.14486e-05
-1.74641e-07
1.1137e-05
-4.66236e-07
1.04873e-05
-9.08159e-07
8.29206e-06
-1.28892e-06
8.01971e-06
-1.76221e-06
7.64077e-06
-2.30379e-06
7.16067e-06
-2.91016e-06
6.5834e-06
-3.58665e-06
5.92538e-06
-4.3175e-06
5.22429e-06
1.1756e-05
3.00171e-07
1.19124e-05
4.21719e-07
9.90582e-06
5.23039e-07
1.02462e-05
6.16274e-07
1.06002e-05
6.99795e-07
1.09684e-05
7.71831e-07
1.13506e-05
8.30757e-07
1.17458e-05
8.75069e-07
1.2154e-05
9.03638e-07
1.25732e-05
9.15578e-07
1.30012e-05
9.10394e-07
1.34394e-05
8.88032e-07
1.38842e-05
8.48685e-07
1.41322e-05
7.91701e-07
1.38027e-05
7.1619e-07
1.34711e-05
6.25595e-07
1.31372e-05
5.23323e-07
1.28038e-05
4.12917e-07
1.24697e-05
2.97771e-07
1.21352e-05
1.81106e-07
1.18024e-05
6.54658e-08
1.14732e-05
-4.66333e-08
1.11456e-05
-1.52491e-07
1.08231e-05
-2.48519e-07
6.84916e-06
-3.23348e-07
7.60809e-06
-3.74036e-07
8.45122e-06
-3.93712e-07
9.3851e-06
-3.305e-07
1.04237e-05
-1.42366e-07
3.18097e-07
1.15982e-05
1.45989e-07
1.14486e-05
-2.09627e-10
1.12754e-05
-2.01957e-07
1.08739e-05
-5.13125e-07
1.00934e-05
-9.71161e-07
7.9752e-06
-1.38542e-06
7.64379e-06
-1.8718e-06
7.20963e-06
-2.42198e-06
6.67331e-06
-3.04513e-06
6.04267e-06
-3.7373e-06
5.34594e-06
-4.46819e-06
4.63272e-06
1.17645e-05
4.49159e-07
9.76841e-06
5.60061e-07
1.01065e-05
6.63815e-07
1.04591e-05
7.58476e-07
1.08272e-05
8.42207e-07
1.12106e-05
9.13069e-07
1.16085e-05
9.69394e-07
1.20209e-05
1.00971e-06
1.24456e-05
1.03292e-06
1.28803e-05
1.03818e-06
1.33266e-05
1.0251e-06
1.37806e-05
9.93645e-07
1.40399e-05
9.4306e-07
1.37255e-05
8.71014e-07
1.34083e-05
7.81233e-07
1.30877e-05
6.77281e-07
1.27666e-05
5.62847e-07
1.24434e-05
4.41606e-07
1.21185e-05
3.16858e-07
1.1794e-05
1.91911e-07
1.14719e-05
6.92329e-08
1.11503e-05
-4.87747e-08
1.08328e-05
-1.59565e-07
6.85854e-06
-2.56196e-07
7.62011e-06
-3.33386e-07
8.466e-06
-3.86501e-07
9.4027e-06
-4.08612e-07
1.04414e-05
-3.45055e-07
1.15976e-05
-1.50613e-07
4.76144e-07
1.16074e-05
3.66965e-07
1.13785e-05
1.74221e-07
1.12755e-05
-2.16585e-10
1.10749e-05
-2.28053e-07
1.059e-05
-5.62281e-07
9.6855e-06
-1.04333e-06
7.63395e-06
-1.47483e-06
7.24763e-06
-1.96944e-06
6.75787e-06
-2.53602e-06
6.16496e-06
-3.17937e-06
5.48548e-06
-3.88357e-06
4.76204e-06
-4.6038e-06
4.05331e-06
9.62128e-06
5.97167e-07
9.95594e-06
7.11539e-07
1.03061e-05
8.17798e-07
1.06731e-05
9.13685e-07
1.10568e-05
9.97189e-07
1.14565e-05
1.06635e-06
1.18722e-05
1.11946e-06
1.23017e-05
1.15506e-06
1.27428e-05
1.17207e-06
1.31968e-05
1.16978e-06
1.36598e-05
1.14787e-06
1.39307e-05
1.10489e-06
1.36326e-05
1.038e-06
1.33311e-05
9.50324e-07
1.30252e-05
8.45885e-07
1.27176e-05
7.28437e-07
1.24067e-05
6.01796e-07
1.20927e-05
4.6975e-07
1.17776e-05
3.35534e-07
1.14638e-05
2.02358e-07
1.11491e-05
7.27507e-08
1.08375e-05
-5.10561e-08
6.86627e-06
-1.65664e-07
7.63072e-06
-2.64903e-07
8.47959e-06
-3.44756e-07
9.41941e-06
-4.00635e-07
1.04613e-05
-4.25496e-07
1.16179e-05
-3.61929e-07
1.29039e-05
-1.60301e-07
6.33698e-07
9.46457e-06
7.32022e-07
1.12437e-05
4.16995e-07
1.1137e-05
2.01522e-07
1.10749e-05
-2.19003e-10
1.08482e-05
-2.54793e-07
1.02835e-05
-6.17561e-07
9.26069e-06
-1.11281e-06
7.27272e-06
-1.55314e-06
6.83209e-06
-2.06235e-06
6.28494e-06
-2.65039e-06
5.63669e-06
-3.31423e-06
4.91683e-06
-4.02319e-06
4.18209e-06
-4.71907e-06
3.49479e-06
9.79454e-06
7.59474e-07
1.01411e-05
8.77509e-07
1.05058e-05
9.86115e-07
1.08888e-05
1.08288e-06
1.12894e-05
1.16562e-06
1.17075e-05
1.23244e-06
1.21411e-05
1.28159e-06
1.25877e-05
1.31166e-06
1.30489e-05
1.32159e-06
1.35206e-05
1.31078e-06
1.38034e-05
1.27713e-06
1.35227e-05
1.2168e-06
1.32381e-05
1.13307e-06
1.29482e-05
1.02941e-06
1.26555e-05
9.10096e-07
1.23582e-05
7.79037e-07
1.20565e-05
6.4016e-07
1.17523e-05
4.97308e-07
1.14479e-05
3.53699e-07
1.11413e-05
2.12467e-07
1.08365e-05
7.60455e-08
6.87212e-06
-5.53462e-08
7.6395e-06
-1.72638e-07
8.4916e-06
-2.748e-07
9.43478e-06
-3.57657e-07
1.04802e-05
-4.16693e-07
1.16405e-05
-4.44677e-07
1.29274e-05
-3.81607e-07
1.43559e-05
-1.71773e-07
8.06792e-07
9.62232e-06
9.68705e-07
9.22903e-06
7.91425e-07
1.08706e-05
4.65796e-07
1.08739e-05
2.27614e-07
1.08482e-05
-2.12755e-10
1.05947e-05
-2.84493e-07
9.95147e-06
-6.71949e-07
8.82072e-06
-1.17297e-06
6.89329e-06
-1.62599e-06
6.39645e-06
-2.15537e-06
5.79062e-06
-2.76775e-06
5.09088e-06
-3.44895e-06
4.34323e-06
-4.15156e-06
3.6152e-06
-4.80855e-06
2.9649e-06
9.96398e-06
9.37564e-07
1.03252e-05
1.05917e-06
1.07062e-05
1.16977e-06
1.11065e-05
1.26692e-06
1.1526e-05
1.34837e-06
1.19628e-05
1.41212e-06
1.24144e-05
1.45646e-06
1.28822e-05
1.48007e-06
1.3362e-05
1.48191e-06
1.36567e-05
1.45933e-06
1.33945e-05
1.4073e-06
1.31278e-05
1.32897e-06
1.28553e-05
1.228e-06
1.25788e-05
1.10818e-06
1.22966e-05
9.73808e-07
1.20086e-05
8.29054e-07
1.17167e-05
6.77934e-07
1.1423e-05
5.24302e-07
1.11259e-05
3.71385e-07
1.08291e-05
2.22184e-07
6.87591e-06
7.3745e-08
7.64623e-06
-6.03448e-08
8.50161e-06
-1.80636e-07
9.4484e-06
-2.86074e-07
1.04976e-05
-3.72329e-07
1.16619e-05
-4.34979e-07
1.2953e-05
-4.66532e-07
1.43833e-05
-4.04697e-07
1.59725e-05
-1.85491e-07
9.97077e-07
9.7746e-06
1.22715e-06
9.36506e-06
1.04777e-06
8.97377e-06
8.50238e-07
1.04873e-05
5.12685e-07
1.059e-05
2.5437e-07
1.05947e-05
-1.99763e-10
1.03114e-05
-3.13993e-07
9.59445e-06
-7.19396e-07
8.36798e-06
-1.22736e-06
6.49536e-06
-1.69803e-06
5.93977e-06
-2.25202e-06
5.27553e-06
-2.88974e-06
4.5323e-06
-3.58109e-06
3.77337e-06
-4.26338e-06
3.07061e-06
-4.86739e-06
2.46985e-06
1.01309e-05
1.1328e-06
1.05088e-05
1.2577e-06
1.09075e-05
1.3699e-06
1.13274e-05
1.4668e-06
1.17663e-05
1.54621e-06
1.22219e-05
1.60606e-06
1.26955e-05
1.64469e-06
1.3183e-05
1.66074e-06
1.34895e-05
1.6509e-06
1.32466e-05
1.609e-06
1.29991e-05
1.53786e-06
1.27452e-05
1.441e-06
1.24864e-05
1.32235e-06
1.22206e-05
1.18611e-06
1.19478e-05
1.03662e-06
1.16696e-05
8.78186e-07
1.13882e-05
7.14874e-07
1.11017e-05
5.50612e-07
1.08141e-05
3.88528e-07
6.87745e-06
2.22068e-07
7.65073e-06
7.0907e-08
8.50938e-06
-6.61908e-08
9.45984e-06
-1.89833e-07
1.05131e-05
-2.9895e-07
1.16817e-05
-3.89054e-07
1.29774e-05
-4.55848e-07
1.44124e-05
-4.91526e-07
1.60046e-05
-4.31982e-07
1.77712e-05
-2.02083e-07
1.20605e-06
9.92291e-06
1.50858e-06
9.49439e-06
1.3279e-06
9.08604e-06
1.12624e-06
8.69879e-06
9.07717e-07
1.00934e-05
5.61863e-07
1.02835e-05
2.84096e-07
1.03114e-05
-1.86513e-10
9.99857e-06
-3.40084e-07
9.21602e-06
-7.61575e-07
7.90298e-06
-1.28002e-06
6.07801e-06
-1.77282e-06
5.46121e-06
-2.35492e-06
4.74132e-06
-3.01557e-06
3.96737e-06
-3.70624e-06
3.21679e-06
-4.35274e-06
2.5565e-06
-4.89154e-06
2.01404e-06
1.02961e-05
1.34643e-06
1.06921e-05
1.47419e-06
1.11111e-05
1.58739e-06
1.15509e-05
1.68342e-06
1.20096e-05
1.75991e-06
1.24881e-05
1.81495e-06
1.29826e-05
1.84677e-06
1.33006e-05
1.85139e-06
1.3078e-05
1.82133e-06
1.28508e-05
1.75918e-06
1.26165e-05
1.6683e-06
1.23768e-05
1.55244e-06
1.2129e-05
1.41591e-06
1.18727e-05
1.26312e-06
1.16097e-05
1.09847e-06
1.1342e-05
9.26377e-07
1.10676e-05
7.51011e-07
1.07905e-05
5.76257e-07
6.87655e-06
3.90796e-07
7.65279e-06
2.21592e-07
8.51473e-06
6.73991e-08
9.46884e-06
-7.30519e-08
1.05262e-05
-2.00441e-07
1.16994e-05
-3.13697e-07
1.29999e-05
-4.08167e-07
1.44402e-05
-4.79724e-07
1.60379e-05
-5.20245e-07
1.7809e-05
-4.64451e-07
1.97732e-05
-2.22445e-07
1.43505e-06
1.00681e-05
1.81451e-06
9.61823e-06
1.63323e-06
9.1902e-06
1.42848e-06
8.78485e-06
1.20496e-06
8.40251e-06
9.70752e-07
9.68552e-06
6.1717e-07
9.95147e-06
3.13621e-07
9.99857e-06
-1.733e-10
9.65956e-06
-3.62982e-07
8.81825e-06
-8.01531e-07
7.42521e-06
-1.33417e-06
5.63996e-06
-1.85356e-06
4.96044e-06
-2.46543e-06
4.19176e-06
-3.14317e-06
3.40484e-06
-3.81885e-06
2.68343e-06
-4.41403e-06
2.07949e-06
-4.87805e-06
1.59982e-06
1.04599e-05
1.57966e-06
1.08766e-05
1.70982e-06
1.13162e-05
1.82335e-06
1.17767e-05
1.91764e-06
1.22592e-05
1.99029e-06
1.27597e-05
2.03937e-06
1.3089e-05
2.05999e-06
1.28874e-05
2.04362e-06
1.26814e-05
1.99238e-06
1.24682e-05
1.90931e-06
1.22487e-05
1.79818e-06
1.20202e-05
1.66303e-06
1.17821e-05
1.5084e-06
1.15358e-05
1.33887e-06
1.12832e-05
1.1592e-06
1.10223e-05
9.73585e-07
1.07571e-05
7.86417e-07
6.87303e-06
5.811e-07
7.65223e-06
3.9289e-07
8.51747e-06
2.20628e-07
9.47524e-06
6.30566e-08
1.05367e-05
-8.11341e-08
1.17144e-05
-2.12717e-07
1.30201e-05
-3.30634e-07
1.44659e-05
-4.30069e-07
1.60697e-05
-5.07099e-07
1.78473e-05
-5.5342e-07
1.98181e-05
-5.03363e-07
2.2001e-05
-2.47881e-07
1.68548e-06
1.02105e-05
2.14634e-06
9.73756e-06
1.96535e-06
9.28729e-06
1.75887e-06
8.86089e-06
1.53234e-06
8.45846e-06
1.29293e-06
8.08123e-06
1.04295e-06
9.2607e-06
6.71576e-07
9.59445e-06
3.39736e-07
9.65956e-06
-1.58792e-10
9.29759e-06
-3.84493e-07
8.40199e-06
-8.41523e-07
6.93324e-06
-1.39249e-06
5.17947e-06
-1.94243e-06
4.43799e-06
-2.58381e-06
3.63293e-06
-3.26853e-06
2.85504e-06
-3.91256e-06
2.18246e-06
-4.44238e-06
1.6443e-06
-4.82449e-06
1.22825e-06
1.06235e-05
1.83384e-06
1.10616e-05
1.9656e-06
1.15227e-05
2.07863e-06
1.2008e-05
2.17015e-06
1.25137e-05
2.23783e-06
1.28538e-05
2.27622e-06
1.26739e-05
2.27517e-06
1.24901e-05
2.23663e-06
1.22989e-05
2.16335e-06
1.21009e-05
2.05881e-06
1.18931e-05
1.927e-06
1.16745e-05
1.77235e-06
1.14464e-05
1.59962e-06
1.12105e-05
1.41343e-06
1.09648e-05
1.21858e-06
1.07129e-05
1.01968e-06
6.86669e-06
7.94022e-07
7.64883e-06
5.85958e-07
8.51738e-06
3.94678e-07
9.47882e-06
2.19008e-07
1.05444e-05
5.7673e-08
1.17266e-05
-9.06917e-08
1.30374e-05
-2.26974e-07
1.4489e-05
-3.50143e-07
1.60991e-05
-4.55247e-07
1.78837e-05
-5.38581e-07
1.98623e-05
-5.91922e-07
2.20546e-05
-5.50382e-07
2.44808e-05
-2.80351e-07
1.95838e-06
1.03516e-05
2.50513e-06
9.85305e-06
2.32568e-06
9.37845e-06
2.11919e-06
8.92808e-06
1.8918e-06
8.50244e-06
1.64896e-06
8.10336e-06
1.38977e-06
7.73526e-06
1.11244e-06
8.82074e-06
7.19042e-07
9.21602e-06
3.62661e-07
9.2976e-06
-1.4396e-10
8.91405e-06
-4.05665e-07
7.96686e-06
-8.8337e-07
6.42475e-06
-1.45742e-06
4.69499e-06
-2.04151e-06
3.89621e-06
-2.7087e-06
3.0736e-06
-3.38596e-06
2.32891e-06
-3.98068e-06
1.72122e-06
-4.43358e-06
1.25382e-06
-4.72749e-06
8.98621e-07
1.07866e-05
2.10991e-06
1.12471e-05
2.24243e-06
1.17341e-05
2.35394e-06
1.22437e-05
2.44159e-06
1.25939e-05
2.4992e-06
1.24364e-05
2.51522e-06
1.22757e-05
2.49116e-06
1.21076e-05
2.42957e-06
1.19324e-05
2.33358e-06
1.17465e-05
2.20709e-06
1.15488e-05
2.05441e-06
1.13404e-05
1.88014e-06
1.11227e-05
1.68922e-06
1.08935e-05
1.48657e-06
1.06564e-05
1.2769e-06
6.85737e-06
1.03021e-06
7.64243e-06
8.01833e-07
8.51427e-06
5.90697e-07
9.4794e-06
3.95991e-07
1.0549e-05
2.16521e-07
1.17359e-05
5.09886e-08
1.30517e-05
-1.02037e-07
1.4509e-05
-2.43585e-07
1.61256e-05
-3.72687e-07
1.79174e-05
-4.84295e-07
1.99041e-05
-5.7494e-07
2.21058e-05
-6.36796e-07
2.45455e-05
-6.07735e-07
2.72421e-05
-3.22911e-07
2.25511e-06
1.0491e-05
2.89192e-06
9.96619e-06
2.71551e-06
9.46447e-06
2.5112e-06
8.98758e-06
2.28497e-06
8.53595e-06
2.03945e-06
8.11292e-06
1.77113e-06
7.72288e-06
1.47945e-06
7.36904e-06
1.1726e-06
8.36801e-06
7.61246e-07
8.81827e-06
3.84202e-07
8.91405e-06
-1.29673e-10
8.50926e-06
-4.27567e-07
7.51174e-06
-9.28817e-07
5.89674e-06
-1.5314e-06
4.18538e-06
-2.15212e-06
3.34011e-06
-2.83692e-06
2.52503e-06
-3.48848e-06
1.83716e-06
-4.01714e-06
1.30521e-06
-4.38246e-06
9.09197e-07
-4.58172e-06
6.09136e-07
1.09493e-05
2.40883e-06
1.14366e-05
2.54117e-06
1.1949e-05
2.64994e-06
1.23089e-05
2.72813e-06
1.21743e-05
2.76277e-06
1.20373e-05
2.75509e-06
1.18933e-05
2.707e-06
1.17419e-05
2.6216e-06
1.15792e-05
2.5025e-06
1.14038e-05
2.35375e-06
1.12165e-05
2.18003e-06
1.10184e-05
1.98613e-06
1.08073e-05
1.77714e-06
1.05865e-05
1.55826e-06
6.84496e-06
1.29049e-06
7.63286e-06
1.04114e-06
8.50796e-06
8.09709e-07
9.47677e-06
5.95135e-07
1.05505e-05
3.96602e-07
1.17419e-05
2.12893e-07
1.30628e-05
4.26782e-08
1.45258e-05
-1.15554e-07
1.61489e-05
-2.63011e-07
1.7948e-05
-3.98827e-07
1.99429e-05
-5.17957e-07
2.2154e-05
-6.17117e-07
2.4605e-05
-6.89283e-07
2.73209e-05
-6.78384e-07
2.98391e-05
-3.79392e-07
2.57635e-06
1.06292e-05
3.30724e-06
1.00771e-05
3.13603e-06
9.54696e-06
2.9363e-06
9.04055e-06
2.71296e-06
8.56067e-06
2.46476e-06
8.11162e-06
2.18678e-06
7.69817e-06
1.88115e-06
7.322e-06
1.55808e-06
6.98432e-06
1.22701e-06
7.90302e-06
8.01231e-07
8.40201e-06
4.05402e-07
8.50928e-06
-1.16416e-10
8.08252e-06
-4.51061e-07
7.03462e-06
-9.79726e-07
5.34562e-06
-1.61712e-06
3.65084e-06
-2.27437e-06
2.778e-06
-2.9631e-06
2.00008e-06
-3.56829e-06
1.38873e-06
-4.01501e-06
9.38158e-07
-4.28172e-06
6.09576e-07
-4.37033e-06
3.58525e-07
1.11154e-05
2.7312e-06
1.16294e-05
2.86213e-06
1.19979e-05
2.96225e-06
1.18868e-05
3.01705e-06
1.17743e-05
3.02726e-06
1.16552e-05
2.99464e-06
1.15287e-05
2.9218e-06
1.13903e-05
2.81206e-06
1.12385e-05
2.66944e-06
1.10735e-05
2.49832e-06
1.08966e-05
2.30351e-06
1.07051e-05
2.09008e-06
1.05019e-05
1.8634e-06
6.82937e-06
1.57497e-06
7.62e-06
1.30465e-06
8.49829e-06
1.05231e-06
9.47077e-06
8.17452e-07
1.05486e-05
5.99029e-07
1.17446e-05
3.96217e-07
1.30707e-05
2.07775e-07
1.45393e-05
3.23351e-08
1.61687e-05
-1.31719e-07
1.7975e-05
-2.85809e-07
1.99783e-05
-4.29249e-07
2.2199e-05
-5.57156e-07
2.46609e-05
-6.66283e-07
2.73903e-05
-7.50842e-07
2.9934e-05
-7.64394e-07
2.98522e-05
-4.48969e-07
2.92284e-06
1.07701e-05
3.75141e-06
1.01865e-05
3.5877e-06
9.62671e-06
3.3953e-06
9.08917e-06
3.17596e-06
8.57866e-06
2.92433e-06
8.10212e-06
2.63615e-06
7.66317e-06
2.31738e-06
7.26278e-06
1.97941e-06
6.90144e-06
1.63115e-06
6.58089e-06
1.27971e-06
7.42527e-06
8.41252e-07
7.96689e-06
4.27331e-07
8.08254e-06
-1.04373e-10
7.63223e-06
-4.77073e-07
6.53257e-06
-1.03833e-06
4.76733e-06
-1.71706e-06
3.09398e-06
-2.40675e-06
2.22207e-06
-3.0797e-06
1.51189e-06
-3.61693e-06
9.91041e-07
-3.96448e-06
6.21288e-07
-4.11446e-06
3.54062e-07
-4.02976e-06
1.48425e-07
1.12841e-05
3.07771e-06
1.16607e-05
3.20072e-06
1.15735e-05
3.27698e-06
1.14861e-05
3.30669e-06
1.13927e-05
3.29118e-06
1.1292e-05
3.23277e-06
1.11791e-05
3.13456e-06
1.10519e-05
3.00015e-06
1.09107e-05
2.83386e-06
1.07561e-05
2.64035e-06
1.05856e-05
2.42461e-06
1.04016e-05
2.19209e-06
6.8106e-06
1.88325e-06
7.6038e-06
1.59243e-06
8.48518e-06
1.31921e-06
9.46126e-06
1.0635e-06
1.05432e-05
8.24792e-07
1.17439e-05
6.02053e-07
1.3075e-05
3.94452e-07
1.45494e-05
2.00724e-07
1.61851e-05
1.94483e-08
1.79985e-05
-1.51119e-07
2.00099e-05
-3.12663e-07
2.22401e-05
-4.64797e-07
2.47133e-05
-6.03035e-07
2.74554e-05
-7.23921e-07
3.00142e-05
-8.22491e-07
2.99559e-05
-8.59165e-07
2.98692e-05
-5.35529e-07
3.29467e-06
1.09135e-05
4.22429e-06
1.02987e-05
4.07102e-06
9.70451e-06
3.88812e-06
9.13513e-06
3.67286e-06
8.59341e-06
3.41697e-06
8.08706e-06
3.11877e-06
7.62046e-06
2.78787e-06
7.19355e-06
2.43642e-06
6.80657e-06
2.07277e-06
6.46055e-06
1.70355e-06
6.1577e-06
1.33389e-06
6.93332e-06
8.83126e-07
7.51178e-06
4.5085e-07
7.63225e-06
-9.40644e-11
7.15588e-06
-5.06903e-07
6.0017e-06
-1.10724e-06
4.15798e-06
-1.83353e-06
2.52117e-06
-2.5452e-06
1.68796e-06
-3.17738e-06
1.07272e-06
-3.62217e-06
6.4909e-07
-3.84741e-06
3.54588e-07
-3.81956e-06
1.442e-07
-3.30366e-06
1.1297e-05
3.44268e-06
1.1234e-05
3.54149e-06
1.11723e-05
3.59212e-06
1.11054e-05
3.59541e-06
1.10312e-05
3.55336e-06
1.09447e-05
3.46857e-06
1.08433e-05
3.34462e-06
1.07269e-05
3.18538e-06
1.05961e-05
2.99541e-06
1.04479e-05
2.77955e-06
1.02844e-05
2.54338e-06
6.78872e-06
2.21501e-06
7.58426e-06
1.90399e-06
8.46856e-06
1.61044e-06
9.44815e-06
1.33393e-06
1.05342e-05
1.0744e-06
1.17394e-05
8.31364e-07
1.30758e-05
6.03779e-07
1.45559e-05
3.90815e-07
1.6198e-05
1.91177e-07
1.80184e-05
3.37879e-09
2.00378e-05
-1.74481e-07
2.22771e-05
-3.4441e-07
2.47611e-05
-5.0651e-07
2.75165e-05
-6.57017e-07
3.00894e-05
-7.90884e-07
3.00421e-05
-9.00126e-07
2.99821e-05
-9.63168e-07
2.98923e-05
-6.44379e-07
3.68605e-06
1.09068e-05
4.72518e-06
1.04141e-05
4.58519e-06
9.78589e-06
4.41333e-06
9.18058e-06
4.2017e-06
8.60746e-06
3.94057e-06
8.07088e-06
3.6329e-06
7.57391e-06
3.29132e-06
7.1179e-06
2.92808e-06
6.70271e-06
2.55096e-06
6.32912e-06
2.16632e-06
5.99847e-06
1.77868e-06
5.71353e-06
1.39223e-06
6.42484e-06
9.286e-07
7.03467e-06
4.76883e-07
7.15589e-06
-8.67398e-11
6.64964e-06
-5.41907e-07
5.43689e-06
-1.18985e-06
3.51474e-06
-1.968e-06
1.94435e-06
-2.68271e-06
1.19366e-06
-3.24285e-06
6.93754e-07
-3.56299e-06
3.65004e-07
-3.6056e-06
1.4095e-07
-3.15916e-06
1.08683e-05
3.80964e-06
1.08328e-05
3.88228e-06
1.07929e-05
3.9059e-06
1.07461e-05
3.88183e-06
1.06869e-05
3.81255e-06
1.06123e-05
3.70101e-06
1.05218e-05
3.55113e-06
1.04158e-05
3.36708e-06
1.02913e-05
3.15353e-06
1.01493e-05
2.91613e-06
6.76389e-06
2.56921e-06
7.5615e-06
2.23893e-06
8.4485e-06
1.92539e-06
9.43143e-06
1.6287e-06
1.05215e-05
1.34846e-06
1.17313e-05
1.08461e-06
1.30729e-05
8.3668e-07
1.45588e-05
6.03647e-07
1.62073e-05
3.84672e-07
1.80349e-05
1.78421e-07
2.00622e-05
-1.66714e-08
2.23103e-05
-2.02703e-07
2.48046e-05
-3.82078e-07
2.75725e-05
-5.55663e-07
3.016e-05
-7.19806e-07
3.01217e-05
-8.62283e-07
3.00749e-05
-9.84337e-07
3.00157e-05
-1.07767e-06
2.99206e-05
-7.82353e-07
4.07888e-06
1.04767e-05
5.24497e-06
1.03886e-05
5.12862e-06
9.87214e-06
4.96857e-06
9.23198e-06
4.7594e-06
8.62408e-06
4.49281e-06
8.05633e-06
4.17685e-06
7.52793e-06
3.82605e-06
7.04011e-06
3.45245e-06
6.59437e-06
3.06381e-06
6.19062e-06
2.66599e-06
5.83015e-06
2.26351e-06
5.51427e-06
1.85966e-06
5.24668e-06
1.45718e-06
5.89684e-06
9.79533e-07
6.53262e-06
5.0673e-07
6.64966e-06
-8.39073e-11
6.10837e-06
-5.84116e-07
4.83165e-06
-1.29051e-06
2.83767e-06
-2.1202e-06
1.3822e-06
-2.80758e-06
7.5873e-07
-3.25184e-06
3.82931e-07
-3.38202e-06
1.41735e-07
-3.01791e-06
1.04678e-05
4.17583e-06
1.04555e-05
4.22096e-06
1.04368e-05
4.21652e-06
1.04056e-05
4.16448e-06
1.03586e-05
4.06761e-06
1.02949e-05
3.9293e-06
1.02149e-05
3.75346e-06
1.0115e-05
3.54479e-06
9.99578e-06
3.30849e-06
6.73641e-06
2.94458e-06
7.53573e-06
2.59609e-06
8.42515e-06
2.26358e-06
9.4112e-06
1.94711e-06
1.05051e-05
1.64682e-06
1.17195e-05
1.36231e-06
1.30662e-05
1.09356e-06
1.45581e-05
8.40103e-07
1.62131e-05
6.00937e-07
1.8048e-05
3.75214e-07
2.00832e-05
1.61561e-07
2.23402e-05
-4.16959e-08
2.48444e-05
-2.36893e-07
2.76239e-05
-4.26927e-07
3.02247e-05
-6.12859e-07
3.01962e-05
-7.86448e-07
3.01592e-05
-9.38411e-07
3.01147e-05
-1.0748e-06
3.00552e-05
-1.20339e-06
2.99567e-05
-9.56356e-07
4.4704e-06
1.00775e-05
5.75946e-06
9.96371e-06
5.69069e-06
9.82799e-06
5.55035e-06
9.29172e-06
5.34252e-06
8.6501e-06
5.07057e-06
8.04745e-06
4.74741e-06
7.48681e-06
4.38883e-06
6.9661e-06
4.00613e-06
6.4873e-06
3.60751e-06
6.05147e-06
3.1986e-06
5.65873e-06
2.78423e-06
5.31008e-06
2.36696e-06
5.00756e-06
1.94895e-06
4.75545e-06
1.53119e-06
5.34573e-06
1.03815e-06
6.00175e-06
5.41741e-07
6.10839e-06
-8.73564e-11
5.52485e-06
-6.36278e-07
4.17787e-06
-1.41468e-06
2.13253e-06
-2.28636e-06
8.61308e-07
-2.89619e-06
4.03403e-07
-3.14457e-06
1.45793e-07
-2.87588e-06
1.00934e-05
4.5391e-06
1.01034e-05
4.55559e-06
1.01008e-05
4.52258e-06
1.00822e-05
4.44216e-06
1.00462e-05
4.31766e-06
9.99297e-06
4.15258e-06
9.91865e-06
3.95117e-06
9.82323e-06
3.71874e-06
6.70668e-06
3.33914e-06
7.50729e-06
2.97408e-06
8.39877e-06
2.6237e-06
9.38767e-06
2.28854e-06
1.04852e-05
1.96867e-06
1.1704e-05
1.66423e-06
1.30559e-05
1.37485e-06
1.45537e-05
1.10052e-06
1.62154e-05
8.40799e-07
1.80576e-05
5.94719e-07
2.01009e-05
3.61417e-07
2.23669e-05
1.39473e-07
2.4881e-05
-7.29252e-08
2.76716e-05
-2.78408e-07
3.02845e-05
-4.79607e-07
3.02644e-05
-6.73588e-07
3.02375e-05
-8.56922e-07
3.02037e-05
-1.01922e-06
3.01602e-05
-1.17113e-06
3.01029e-05
-1.34076e-06
2.99985e-05
-1.1722e-06
4.85823e-06
9.70676e-06
6.26504e-06
9.57337e-06
6.24374e-06
9.41208e-06
6.14556e-06
9.23415e-06
5.94656e-06
8.68896e-06
5.66994e-06
8.05191e-06
5.34116e-06
7.45478e-06
4.97582e-06
6.90079e-06
4.58505e-06
6.38808e-06
4.17739e-06
5.91823e-06
3.75869e-06
5.49212e-06
3.33411e-06
5.10952e-06
2.90655e-06
4.77112e-06
2.47798e-06
4.4791e-06
2.04837e-06
4.23879e-06
1.61694e-06
4.76745e-06
1.10708e-06
5.43694e-06
5.83946e-07
5.52486e-06
-9.78246e-11
4.88915e-06
-7.02555e-07
3.46617e-06
-1.56915e-06
1.41568e-06
-2.45323e-06
4.18649e-07
-2.88637e-06
1.45492e-07
-2.72981e-06
9.74648e-06
4.89722e-06
9.77315e-06
4.88441e-06
9.78344e-06
4.82255e-06
9.77588e-06
4.71374e-06
9.75025e-06
4.56167e-06
9.70247e-06
4.37008e-06
9.63144e-06
4.1443e-06
6.67527e-06
3.75104e-06
7.47669e-06
3.37077e-06
8.3698e-06
3.00425e-06
9.36118e-06
2.65157e-06
1.0462e-05
2.31328e-06
1.1685e-05
1.98944e-06
1.30421e-05
1.68019e-06
1.45458e-05
1.38522e-06
1.62143e-05
1.10452e-06
1.8064e-05
8.37699e-07
2.01157e-05
5.83814e-07
2.23907e-05
3.41996e-07
2.49148e-05
1.10764e-07
2.77165e-05
-1.11867e-07
3.03409e-05
-3.28047e-07
3.03279e-05
-5.35989e-07
3.03091e-05
-7.37714e-07
3.02856e-05
-9.30944e-07
3.02536e-05
-1.10444e-06
3.02137e-05
-1.27334e-06
3.01573e-05
-1.49066e-06
3.16859e-05
-1.45158e-06
5.24029e-06
9.36555e-06
6.75828e-06
9.21495e-06
6.78312e-06
9.03537e-06
6.72409e-06
8.8349e-06
6.55795e-06
8.62406e-06
6.28715e-06
8.07295e-06
5.95372e-06
7.44045e-06
5.58214e-06
6.84946e-06
5.1839e-06
6.30285e-06
4.76734e-06
5.79896e-06
4.33939e-06
5.33829e-06
3.90547e-06
4.92146e-06
3.46916e-06
4.54753e-06
3.03281e-06
4.21686e-06
2.59672e-06
3.93127e-06
2.15927e-06
3.69694e-06
1.71691e-06
4.15809e-06
1.18969e-06
4.83168e-06
6.3609e-07
4.88916e-06
-1.14659e-10
4.18716e-06
-7.89838e-07
2.68726e-06
-1.76411e-06
7.2689e-07
-2.5722e-06
1.04771e-07
-2.58404e-06
9.42311e-06
5.24841e-06
9.46309e-06
5.20595e-06
9.4846e-06
5.11504e-06
9.48704e-06
4.9782e-06
9.46636e-06
4.79904e-06
9.42037e-06
4.58243e-06
6.64287e-06
4.17755e-06
7.44456e-06
3.78416e-06
8.3388e-06
3.40291e-06
9.33224e-06
3.03451e-06
1.04361e-05
2.67904e-06
1.16631e-05
2.33703e-06
1.30251e-05
2.00853e-06
1.45346e-05
1.69372e-06
1.62099e-05
1.3923e-06
1.80674e-05
1.10432e-06
2.01276e-05
8.29436e-07
2.2412e-05
5.66734e-07
2.49464e-05
3.15347e-07
2.77593e-05
7.37242e-08
3.03951e-05
-1.59522e-07
3.03886e-05
-3.81938e-07
3.03761e-05
-5.9589e-07
3.03603e-05
-8.04901e-07
3.03384e-05
-1.00798e-06
3.03113e-05
-1.1938e-06
3.02743e-05
-1.38174e-06
3.18672e-05
-1.66259e-06
2.76454e-05
-1.73785e-06
5.61411e-06
9.0504e-06
7.23615e-06
8.88907e-06
7.30437e-06
8.69505e-06
7.28195e-06
8.47881e-06
7.14762e-06
8.24649e-06
6.90808e-06
8.00434e-06
6.57968e-06
7.44811e-06
6.20275e-06
6.82087e-06
5.79681e-06
6.23749e-06
5.37136e-06
5.69969e-06
4.93379e-06
5.20534e-06
4.49014e-06
4.75433e-06
4.04498e-06
4.34629e-06
3.60132e-06
3.97961e-06
3.16052e-06
3.65359e-06
2.72177e-06
3.36926e-06
2.28171e-06
3.13258e-06
1.83339e-06
3.51483e-06
1.29034e-06
4.17789e-06
7.02333e-07
4.18716e-06
-1.35813e-10
3.39788e-06
-9.12213e-07
1.83573e-06
-2.01731e-06
1.72305e-07
-2.479e-06
9.12176e-06
5.59088e-06
9.17287e-06
5.51884e-06
9.204e-06
5.39926e-06
9.21101e-06
5.23475e-06
9.19057e-06
5.03008e-06
6.61035e-06
4.61576e-06
7.4117e-06
4.21135e-06
8.30652e-06
3.81754e-06
9.30152e-06
3.4349e-06
1.04079e-05
3.06412e-06
1.16386e-05
2.70524e-06
1.30053e-05
2.35879e-06
1.45206e-05
2.02481e-06
1.62028e-05
1.70352e-06
1.80681e-05
1.39466e-06
2.01371e-05
1.09835e-06
2.24313e-05
8.14287e-07
2.49763e-05
5.41626e-07
2.78006e-05
2.79507e-07
3.0448e-05
2.71044e-08
3.04478e-05
-2.12243e-07
3.04409e-05
-4.39831e-07
3.04304e-05
-6.58947e-07
3.04156e-05
-8.74565e-07
3.03984e-05
-1.08727e-06
3.03757e-05
-1.28701e-06
3.19974e-05
-1.50283e-06
2.78218e-05
-1.83077e-06
2.41219e-05
-2.02255e-06
5.97828e-06
8.75867e-06
7.69615e-06
8.59176e-06
7.80453e-06
8.39022e-06
7.81581e-06
8.16246e-06
7.71161e-06
7.91605e-06
7.50273e-06
7.65302e-06
7.20511e-06
7.38006e-06
6.83196e-06
6.81996e-06
6.41842e-06
6.20023e-06
5.98359e-06
5.62615e-06
5.53543e-06
5.09885e-06
5.08089e-06
4.61532e-06
4.62542e-06
4.17456e-06
4.17303e-06
3.77518e-06
3.72618e-06
3.41451e-06
3.28561e-06
3.09025e-06
2.84988e-06
2.80154e-06
2.41413e-06
2.55226e-06
1.96787e-06
2.83771e-06
1.41448e-06
3.46617e-06
7.89571e-07
3.39787e-06
-1.59846e-10
2.48622e-06
-1.10301e-06
9.21783e-07
-2.30641e-06
8.84154e-06
5.92333e-06
8.90221e-06
5.82176e-06
8.9374e-06
5.67403e-06
8.94273e-06
5.48377e-06
6.57872e-06
5.0625e-06
7.37911e-06
4.64927e-06
8.27389e-06
4.24504e-06
9.26988e-06
3.85039e-06
1.03784e-05
3.46585e-06
1.16123e-05
3.09205e-06
1.29834e-05
2.72901e-06
1.45044e-05
2.37723e-06
1.61933e-05
2.03679e-06
1.80666e-05
1.70794e-06
2.01447e-05
1.39048e-06
2.2449e-05
1.0846e-06
2.5005e-05
7.90105e-07
2.78413e-05
5.06216e-07
3.05006e-05
2.32926e-07
3.05068e-05
-2.56247e-08
3.05048e-05
-2.69714e-07
3.04987e-05
-5.01289e-07
3.04883e-05
-7.24546e-07
3.04772e-05
-9.45828e-07
3.0464e-05
-1.16772e-06
3.21079e-05
-1.38886e-06
2.79415e-05
-1.61468e-06
2.42915e-05
-1.99327e-06
2.10497e-05
-2.29973e-06
6.3312e-06
8.48969e-06
8.13565e-06
8.32049e-06
8.28084e-06
8.11673e-06
8.32285e-06
7.88441e-06
8.24758e-06
7.62769e-06
8.06825e-06
7.35168e-06
7.80022e-06
7.05903e-06
7.45559e-06
6.7575e-06
7.0434e-06
6.19597e-06
6.59848e-06
5.58624e-06
6.13862e-06
5.02378e-06
5.6716e-06
4.50889e-06
5.20372e-06
4.0377e-06
4.74002e-06
3.60819e-06
4.28411e-06
3.21782e-06
3.83808e-06
2.86255e-06
3.40245e-06
2.53815e-06
2.97563e-06
2.24046e-06
2.55239e-06
1.96813e-06
2.12005e-06
2.13253e-06
1.5689e-06
2.68724e-06
9.11889e-07
2.48621e-06
-1.85004e-10
1.38376e-06
-1.3843e-06
8.58196e-06
6.24466e-06
8.6464e-06
6.11388e-06
8.67793e-06
5.93996e-06
6.54912e-06
5.51412e-06
7.3479e-06
5.09458e-06
8.242e-06
4.68217e-06
9.23839e-06
4.2777e-06
1.03485e-05
3.88169e-06
1.15851e-05
3.49458e-06
1.29603e-05
3.11696e-06
1.44867e-05
2.74882e-06
1.61823e-05
2.39066e-06
1.80636e-05
2.04258e-06
2.0151e-05
1.70487e-06
2.24658e-05
1.37745e-06
2.50333e-05
1.06061e-06
2.78822e-05
7.54263e-07
3.05539e-05
4.5862e-07
3.05668e-05
1.78969e-07
3.05696e-05
-8.40778e-08
3.05669e-05
-3.31424e-07
3.05594e-05
-5.65625e-07
3.05515e-05
-7.91768e-07
3.05431e-05
-1.01741e-06
3.22004e-05
-1.25196e-06
2.8037e-05
-1.47683e-06
2.43986e-05
-1.71493e-06
2.12097e-05
-2.14705e-06
1.83548e-05
-2.56361e-06
6.67112e-06
8.24308e-06
8.55327e-06
8.07335e-06
8.73163e-06
7.87093e-06
8.80158e-06
7.6392e-06
8.75375e-06
7.3794e-06
8.60258e-06
7.09447e-06
8.3625e-06
6.79048e-06
8.04453e-06
6.47112e-06
7.65791e-06
6.144e-06
7.21147e-06
5.58392e-06
6.73896e-06
4.98675e-06
6.25776e-06
4.43839e-06
5.77517e-06
3.93815e-06
5.29721e-06
3.48115e-06
4.82854e-06
3.06433e-06
4.37241e-06
2.68403e-06
3.93069e-06
2.3348e-06
3.50395e-06
2.01027e-06
3.0914e-06
1.70184e-06
2.68938e-06
1.39915e-06
2.28615e-06
1.41564e-06
1.76377e-06
1.83573e-06
1.10262e-06
1.38377e-06
-2.00105e-10
8.33835e-06
6.55378e-06
8.39685e-06
6.39604e-06
6.52287e-06
5.96693e-06
7.31937e-06
5.54349e-06
8.21213e-06
5.12542e-06
9.20828e-06
4.71341e-06
1.03193e-05
4.30815e-06
1.15582e-05
3.91008e-06
1.29371e-05
3.51956e-06
1.44686e-05
3.13713e-06
1.61708e-05
2.76273e-06
1.80601e-05
2.39689e-06
2.0157e-05
2.03975e-06
2.24826e-05
1.69168e-06
2.50623e-05
1.35272e-06
2.79243e-05
1.02333e-06
3.06092e-05
7.04502e-07
3.0629e-05
4.0218e-07
3.06364e-05
1.18099e-07
3.06368e-05
-1.47679e-07
3.06312e-05
-3.96631e-07
3.06246e-05
-6.31886e-07
3.06178e-05
-8.59376e-07
3.22822e-05
-1.09139e-06
2.81145e-05
-1.32228e-06
2.44783e-05
-1.54991e-06
2.13027e-05
-1.80195e-06
1.85033e-05
-2.29016e-06
1.60156e-05
-2.81021e-06
6.99717e-06
8.01332e-06
8.94746e-06
7.85013e-06
9.15532e-06
7.65087e-06
9.25094e-06
7.42274e-06
9.22917e-06
7.16491e-06
9.10433e-06
6.87874e-06
8.89041e-06
6.56762e-06
8.59765e-06
6.23838e-06
8.23467e-06
5.89534e-06
7.81016e-06
5.54625e-06
7.33303e-06
4.99072e-06
6.83637e-06
4.40894e-06
6.33698e-06
3.8773e-06
5.84198e-06
3.39404e-06
5.35696e-06
2.95333e-06
4.8861e-06
2.55118e-06
4.43233e-06
2.18288e-06
3.99743e-06
1.84177e-06
3.58243e-06
1.51964e-06
3.18792e-06
1.20368e-06
2.81344e-06
8.72196e-07
2.4529e-06
7.26837e-07
2.01689e-06
9.21806e-07
1.38392e-06
8.10006e-06
6.85161e-06
6.50144e-06
6.41817e-06
7.29494e-06
5.99216e-06
8.1857e-06
5.57085e-06
9.18096e-06
5.15382e-06
1.02924e-05
4.74162e-06
1.1533e-05
4.33485e-06
1.2915e-05
3.93382e-06
1.44512e-05
3.53882e-06
1.61598e-05
3.15032e-06
1.80572e-05
2.76827e-06
2.01637e-05
2.3932e-06
2.25005e-05
2.02532e-06
2.50929e-05
1.66512e-06
2.79689e-05
1.31284e-06
3.06678e-05
9.70123e-07
3.06948e-05
6.44233e-07
3.07069e-05
3.37454e-07
3.07099e-05
5.09737e-08
3.07054e-05
-2.15636e-07
3.06988e-05
-4.64374e-07
3.06916e-05
-6.98893e-07
3.23599e-05
-9.29528e-07
2.81831e-05
-1.1531e-06
2.45418e-05
-1.37957e-06
2.13674e-05
-1.60888e-06
1.85821e-05
-1.8755e-06
1.61518e-05
-2.42165e-06
1.3955e-05
-3.03669e-06
7.30999e-06
7.78823e-06
9.31738e-06
7.64462e-06
9.55122e-06
7.4554e-06
9.6703e-06
7.23264e-06
9.67243e-06
6.98057e-06
9.57226e-06
6.69804e-06
9.38326e-06
6.38692e-06
9.11429e-06
6.05197e-06
8.77356e-06
5.70045e-06
8.36931e-06
5.33711e-06
7.91022e-06
4.96994e-06
7.40568e-06
4.42223e-06
6.88808e-06
3.85859e-06
6.37371e-06
3.34626e-06
5.8692e-06
2.88241e-06
5.37966e-06
2.46033e-06
4.90879e-06
2.07523e-06
4.45913e-06
1.72163e-06
4.03225e-06
1.39237e-06
3.6295e-06
1.07844e-06
3.25195e-06
7.65519e-07
2.90089e-06
4.2452e-07
2.57184e-06
1.72193e-07
2.30604e-06
6.48672e-06
6.86698e-06
7.27625e-06
6.43763e-06
8.16427e-06
6.01448e-06
9.15801e-06
5.59484e-06
1.02692e-05
5.17823e-06
1.15109e-05
4.76507e-06
1.28957e-05
4.35582e-06
1.44362e-05
3.95069e-06
1.61509e-05
3.54986e-06
1.80562e-05
3.15378e-06
2.01725e-05
2.76236e-06
2.25209e-05
2.37619e-06
2.51265e-05
1.9956e-06
2.80172e-05
1.62125e-06
3.0731e-05
1.25473e-06
3.07656e-05
9.04574e-07
3.07825e-05
5.74127e-07
3.07879e-05
2.65187e-07
3.07839e-05
-2.15501e-08
3.07764e-05
-2.86981e-07
3.07673e-05
-5.33546e-07
3.24372e-05
-7.69013e-07
2.82485e-05
-9.88378e-07
2.45985e-05
-1.20377e-06
2.14186e-05
-1.4253e-06
1.8633e-05
-1.65481e-06
1.62162e-05
-1.93539e-06
1.4077e-05
-2.53956e-06
1.21752e-05
-3.24241e-06
7.31678e-06
6.48057e-06
9.66324e-06
7.44354e-06
9.91859e-06
7.27839e-06
1.00591e-05
7.06772e-06
1.00832e-05
6.82297e-06
1.00064e-05
6.5475e-06
9.84057e-06
6.24173e-06
9.59434e-06
5.90782e-06
9.27506e-06
5.5514e-06
8.89007e-06
5.18058e-06
8.44766e-06
4.80053e-06
7.95715e-06
4.41928e-06
7.42843e-06
3.88263e-06
6.89309e-06
3.3399e-06
6.36663e-06
2.84945e-06
5.85522e-06
2.40743e-06
5.36321e-06
2.00643e-06
4.89382e-06
1.64101e-06
4.44861e-06
1.3057e-06
4.02843e-06
9.93835e-07
3.63298e-06
6.97766e-07
3.25927e-06
4.07469e-07
2.88966e-06
1.06998e-07
2.47852e-06
7.26533e-06
6.87864e-06
8.14961e-06
6.45314e-06
9.14113e-06
6.03235e-06
1.02514e-05
5.61371e-06
1.14938e-05
5.19669e-06
1.28807e-05
4.78155e-06
1.44253e-05
4.36859e-06
1.61458e-05
3.95791e-06
1.80589e-05
3.54959e-06
2.0185e-05
3.14404e-06
2.25452e-05
2.7412e-06
2.51647e-05
2.34174e-06
2.8071e-05
1.94616e-06
3.08006e-05
1.5566e-06
3.08432e-05
1.1823e-06
3.08649e-05
8.27488e-07
3.08725e-05
4.9504e-07
3.08685e-05
1.86309e-07
3.08593e-05
-9.84667e-08
3.08472e-05
-3.60646e-07
3.25173e-05
-6.0684e-07
2.83142e-05
-8.28465e-07
2.46528e-05
-1.03705e-06
2.14646e-05
-1.2446e-06
1.8673e-05
-1.4605e-06
1.62536e-05
-1.68779e-06
1.41253e-05
-1.97978e-06
1.22769e-05
-2.63774e-06
1.06043e-05
-3.42527e-06
7.31842e-06
7.2644e-06
9.66e-06
6.48455e-06
1.02574e-05
7.1058e-06
1.04166e-05
6.92193e-06
1.0461e-05
6.69088e-06
1.04058e-05
6.42458e-06
1.0262e-05
6.12701e-06
1.00378e-05
5.79915e-06
9.73956e-06
5.44422e-06
9.37365e-06
5.06868e-06
8.94761e-06
4.68147e-06
8.4702e-06
4.28829e-06
7.95135e-06
3.89714e-06
7.40178e-06
3.37466e-06
6.85181e-06
2.85537e-06
6.31608e-06
2.38917e-06
5.79979e-06
1.97138e-06
5.30667e-06
1.59407e-06
4.8386e-06
1.25146e-06
4.3958e-06
9.38727e-07
3.97604e-06
6.51138e-07
3.57201e-06
3.85356e-07
3.15027e-06
1.47156e-07
2.58579e-06
8.1439e-06
6.88517e-06
9.13222e-06
6.463e-06
1.0241e-05
6.04384e-06
1.14835e-05
5.62531e-06
1.28721e-05
5.20677e-06
1.44202e-05
4.78832e-06
1.61463e-05
4.37009e-06
1.80671e-05
3.95204e-06
2.02031e-05
3.5342e-06
2.25755e-05
3.11692e-06
2.52092e-05
2.70021e-06
2.8132e-05
2.2849e-06
3.08783e-05
1.87311e-06
3.09291e-05
1.47553e-06
3.09558e-05
1.09651e-06
3.09655e-05
7.3985e-07
3.09611e-05
4.07994e-07
3.09495e-05
1.01865e-07
3.09335e-05
-1.78717e-07
3.2603e-05
-4.39706e-07
2.83833e-05
-6.69957e-07
2.4708e-05
-8.78166e-07
2.1509e-05
-1.07645e-06
1.87089e-05
-1.27602e-06
1.62823e-05
-1.48512e-06
1.41475e-05
-1.7062e-06
1.23044e-05
-2.00382e-06
1.06702e-05
-2.70046e-06
9.22835e-06
-3.56902e-06
7.31337e-06
8.14973e-06
9.64825e-06
7.27698e-06
1.02431e-05
6.49962e-06
1.07431e-05
6.78038e-06
1.08053e-05
6.57864e-06
1.07701e-05
6.3275e-06
1.06474e-05
6.04016e-06
1.04447e-05
5.72111e-06
1.01675e-05
5.37212e-06
9.82118e-06
4.99753e-06
9.41196e-06
4.60514e-06
8.94791e-06
4.20453e-06
8.4386e-06
3.80178e-06
7.89478e-06
3.40486e-06
7.3275e-06
2.89964e-06
6.76583e-06
2.40622e-06
6.22302e-06
1.96649e-06
5.70339e-06
1.57516e-06
5.20906e-06
1.22406e-06
4.74003e-06
9.07653e-07
4.2933e-06
6.21839e-07
3.85719e-06
3.66295e-07
3.38915e-06
1.46785e-07
2.73323e-06
9.13359e-06
6.8847e-06
1.024e-05
6.46508e-06
1.1482e-05
6.04657e-06
1.28719e-05
5.62696e-06
1.44232e-05
5.20547e-06
1.61545e-05
4.78201e-06
1.80828e-05
4.35655e-06
2.02288e-05
3.92892e-06
2.26136e-05
3.49907e-06
2.52622e-05
3.06737e-06
2.82022e-05
2.63395e-06
3.09663e-05
2.20144e-06
3.10255e-05
1.78152e-06
3.1057e-05
1.37922e-06
3.10686e-05
9.98515e-07
3.10634e-05
6.42807e-07
3.10489e-05
3.14123e-07
3.10281e-05
1.29619e-08
3.26964e-05
-2.65824e-07
2.8458e-05
-5.08723e-07
2.47667e-05
-7.23511e-07
2.15543e-05
-9.18705e-07
1.87433e-05
-1.10648e-06
1.63066e-05
-1.29631e-06
1.41611e-05
-1.49512e-06
1.23035e-05
-1.70194e-06
1.06553e-05
-1.98589e-06
9.22708e-06
-2.69647e-06
7.96854e-06
-3.62566e-06
7.29965e-06
9.14818e-06
9.62565e-06
8.17325e-06
1.02182e-05
7.30263e-06
1.07188e-05
6.52452e-06
1.11168e-05
6.46986e-06
1.10988e-05
6.25088e-06
1.09963e-05
5.9795e-06
1.08147e-05
5.67101e-06
1.05589e-05
5.33053e-06
1.0233e-05
4.96107e-06
9.84205e-06
4.56823e-06
9.39273e-06
4.16108e-06
8.89382e-06
3.75005e-06
8.35587e-06
3.34139e-06
7.79033e-06
2.9427e-06
7.20844e-06
2.45764e-06
6.63759e-06
1.99221e-06
6.08937e-06
1.58102e-06
5.56641e-06
1.21827e-06
5.06871e-06
8.95798e-07
4.59273e-06
6.08603e-07
4.12434e-06
3.55038e-07
3.61337e-06
1.42388e-07
2.8803e-06
1.02508e-05
6.87495e-06
1.14914e-05
6.4568e-06
1.28822e-05
6.03763e-06
1.44363e-05
5.61539e-06
1.61727e-05
5.18913e-06
1.81084e-05
4.75855e-06
2.02643e-05
4.32346e-06
2.26618e-05
3.88355e-06
2.53259e-05
3.43874e-06
2.82839e-05
2.98948e-06
3.10667e-05
2.53789e-06
3.11341e-05
2.09729e-06
3.11705e-05
1.67278e-06
3.11837e-05
1.26901e-06
3.11774e-05
8.89612e-07
3.11594e-05
5.37613e-07
3.11331e-05
2.1461e-07
3.27998e-05
-8.43832e-08
2.85404e-05
-3.42688e-07
2.4831e-05
-5.67964e-07
2.1603e-05
-7.67663e-07
1.8778e-05
-9.49335e-07
1.63283e-05
-1.12446e-06
1.41651e-05
-1.29682e-06
1.22807e-05
-1.4692e-06
1.05912e-05
-1.63496e-06
9.09579e-06
-1.85198e-06
7.76775e-06
-2.49331e-06
6.69211e-06
-3.42221e-06
7.27484e-06
1.02766e-05
9.58933e-06
9.18551e-06
1.018e-05
8.21231e-06
1.06826e-05
7.33956e-06
1.10821e-05
6.5599e-06
1.13931e-05
6.17648e-06
1.13081e-05
5.93995e-06
1.11474e-05
5.6476e-06
1.09135e-05
5.31725e-06
1.06093e-05
4.95506e-06
1.02384e-05
4.56546e-06
9.80597e-06
4.15572e-06
9.31951e-06
3.73609e-06
8.78893e-06
3.31767e-06
8.22573e-06
2.90665e-06
7.64162e-06
2.51015e-06
7.04779e-06
2.04802e-06
6.46957e-06
1.61254e-06
5.91628e-06
1.23163e-06
5.38823e-06
8.99189e-07
4.8815e-06
6.07418e-07
4.37974e-06
3.53558e-07
3.82753e-06
1.41198e-07
3.02298e-06
1.15144e-05
6.85314e-06
1.29053e-05
6.43503e-06
1.44619e-05
6.01353e-06
1.62031e-05
5.5867e-06
1.81462e-05
5.15339e-06
2.03122e-05
4.7131e-06
2.27225e-05
4.26546e-06
2.54025e-05
3.81006e-06
2.83795e-05
3.34685e-06
3.11819e-05
2.87847e-06
3.12573e-05
2.41906e-06
3.12982e-05
1.97414e-06
3.13127e-05
1.54846e-06
3.1305e-05
1.14639e-06
3.12829e-05
7.71206e-07
3.12505e-05
4.25563e-07
3.29154e-05
1.04848e-07
2.86323e-05
-1.71029e-07
2.49023e-05
-4.09247e-07
2.16565e-05
-6.1716e-07
1.88151e-05
-8.0077e-07
1.63482e-05
-9.6562e-07
1.41592e-05
-1.11527e-06
1.22295e-05
-1.24263e-06
1.0456e-05
-1.33134e-06
8.8364e-06
-1.37307e-06
7.35676e-06
-1.4387e-06
6.09437e-06
-1.8935e-06
5.12694e-06
-2.54489e-06
7.23607e-06
1.15542e-05
9.53595e-06
1.03311e-05
1.01252e-05
9.24132e-06
1.06313e-05
8.26441e-06
1.10341e-05
7.3882e-06
1.13461e-05
6.60747e-06
1.15841e-05
5.90134e-06
1.14421e-05
5.64616e-06
1.12306e-05
5.33129e-06
1.09494e-05
4.97788e-06
1.06009e-05
4.59334e-06
1.01882e-05
4.18395e-06
9.71714e-06
3.75878e-06
9.19663e-06
3.32905e-06
8.63764e-06
2.9064e-06
8.05198e-06
2.4969e-06
7.45257e-06
2.10596e-06
6.84873e-06
1.6694e-06
6.26373e-06
1.26557e-06
5.70392e-06
9.16376e-07
5.16535e-06
6.15743e-07
4.62986e-06
3.57667e-07
4.0374e-06
1.44027e-07
3.16448e-06
1.29437e-05
6.81598e-06
1.45024e-05
6.39605e-06
1.62482e-05
5.97012e-06
1.81986e-05
5.53626e-06
2.03747e-05
5.09313e-06
2.27983e-05
4.64e-06
2.54947e-05
4.17634e-06
2.84913e-05
3.70172e-06
3.13143e-05
3.21851e-06
3.13972e-05
2.74279e-06
3.14421e-05
2.27948e-06
3.14576e-05
1.8338e-06
3.14479e-05
1.41028e-06
3.14213e-05
1.01294e-06
3.13821e-05
6.44733e-07
3.30451e-05
3.01411e-07
2.87357e-05
6.52302e-09
2.49825e-05
-2.46617e-07
2.17163e-05
-4.64878e-07
1.88556e-05
-6.53841e-07
1.63663e-05
-8.15405e-07
1.41424e-05
-9.45649e-07
1.21446e-05
-1.0275e-06
1.02555e-05
-1.03949e-06
8.48597e-06
-9.78507e-07
6.86646e-06
-8.80576e-07
5.44039e-06
-7.82732e-07
4.18249e-06
-9.47254e-07
2.68548e-06
7.17997e-06
1.3001e-05
9.46163e-06
1.16298e-05
1.00497e-05
1.04076e-05
1.05612e-05
9.31232e-06
1.09697e-05
8.32961e-06
1.12846e-05
7.45038e-06
1.15238e-05
6.6683e-06
1.16996e-05
5.64466e-06
1.15087e-05
5.36886e-06
1.12522e-05
5.0293e-06
1.09283e-05
4.65121e-06
1.05387e-05
4.24355e-06
1.0087e-05
3.81479e-06
9.58036e-06
3.37569e-06
9.02855e-06
2.93875e-06
8.44389e-06
2.51507e-06
7.83943e-06
2.1106e-06
7.22621e-06
1.72902e-06
6.6136e-06
1.32003e-06
6.02058e-06
9.49377e-07
5.44904e-06
6.33106e-07
4.87908e-06
3.66889e-07
4.24723e-06
1.48179e-07
3.30882e-06
1.45602e-05
6.75958e-06
1.63104e-05
6.33552e-06
1.8268e-05
5.90257e-06
2.04544e-05
5.4587e-06
2.28915e-05
5.00242e-06
2.56049e-05
4.53274e-06
2.8622e-05
4.04906e-06
3.14663e-05
3.55361e-06
3.15559e-05
3.06381e-06
3.16043e-05
2.58479e-06
3.16202e-05
2.12126e-06
3.16079e-05
1.67824e-06
3.15763e-05
1.25999e-06
3.15296e-05
8.70233e-07
3.3191e-05
5.04223e-07
2.88523e-05
1.89692e-07
2.50732e-05
-7.97536e-08
2.17839e-05
-3.10232e-07
1.89008e-05
-5.06453e-07
1.63839e-05
-6.68202e-07
1.41138e-05
-7.8385e-07
1.20281e-05
-8.2634e-07
1.00141e-05
-7.83617e-07
8.13503e-06
-6.86241e-07
6.44179e-06
-5.51733e-07
4.95659e-06
-3.94855e-07
3.59258e-06
-1.91068e-07
1.7398e-06
7.10263e-06
1.46388e-05
9.36197e-06
1.3102e-05
9.94921e-06
1.17315e-05
1.0468e-05
1.05019e-05
1.08848e-05
9.39809e-06
1.12051e-05
8.40983e-06
1.14473e-05
7.52746e-06
1.16257e-05
6.74269e-06
1.17483e-05
5.40578e-06
1.15151e-05
5.10665e-06
1.12188e-05
4.7395e-06
1.08558e-05
4.33472e-06
1.04282e-05
3.90298e-06
9.94013e-06
3.45564e-06
9.40006e-06
3.00478e-06
8.82027e-06
2.56293e-06
8.21299e-06
2.14206e-06
7.59109e-06
1.74625e-06
6.9649e-06
1.37823e-06
6.34287e-06
9.98206e-07
5.73655e-06
6.62287e-07
5.13169e-06
3.80882e-07
4.45995e-06
1.5451e-07
3.45731e-06
1.63921e-05
6.67942e-06
1.83569e-05
6.24842e-06
2.05537e-05
5.80532e-06
2.30047e-05
5.34794e-06
2.57355e-05
4.87459e-06
2.87739e-05
4.3841e-06
3.16402e-05
3.87885e-06
3.17356e-05
3.3778e-06
3.17866e-05
2.8855e-06
3.18022e-05
2.4069e-06
3.17869e-05
1.94661e-06
3.17496e-05
1.50943e-06
3.16949e-05
1.09939e-06
3.33548e-05
7.11517e-07
2.89837e-05
3.77427e-07
2.51759e-05
9.12259e-08
2.18609e-05
-1.52857e-07
1.89522e-05
-3.58167e-07
1.64028e-05
-5.22126e-07
1.40754e-05
-6.26876e-07
1.18903e-05
-6.43501e-07
9.77108e-06
-5.80844e-07
7.83556e-06
-4.81929e-07
6.12914e-06
-3.71563e-07
4.64269e-06
-2.35988e-07
3.28293e-06
-8.35257e-08
1.55026e-06
6.99956e-06
1.64966e-05
9.23215e-06
1.47702e-05
9.81851e-06
1.32341e-05
1.03464e-05
1.18542e-05
1.07747e-05
1.06128e-05
1.11036e-05
9.50045e-06
1.13512e-05
8.50664e-06
1.15337e-05
7.61998e-06
1.1661e-05
6.83044e-06
1.17381e-05
5.18351e-06
1.14686e-05
4.85754e-06
1.11366e-05
4.45934e-06
1.07379e-05
4.02563e-06
1.02743e-05
3.56947e-06
9.75208e-06
3.10419e-06
9.18143e-06
2.64419e-06
8.57432e-06
2.20214e-06
7.94665e-06
1.78701e-06
7.30935e-06
1.40229e-06
6.67065e-06
1.05091e-06
6.03284e-06
7.02345e-07
5.39113e-06
4.03245e-07
4.67797e-06
1.63222e-07
3.61215e-06
1.84677e-05
6.57038e-06
2.0675e-05
6.12913e-06
2.31401e-05
5.67218e-06
2.58889e-05
5.1972e-06
2.89493e-05
4.70228e-06
3.18382e-05
4.18958e-06
3.19381e-05
3.67998e-06
3.19909e-05
3.17742e-06
3.20054e-05
2.68635e-06
3.19864e-05
2.21164e-06
3.19427e-05
1.75777e-06
3.18795e-05
1.32938e-06
3.35384e-05
9.20816e-07
2.91317e-05
5.681e-07
2.52921e-05
2.6527e-07
2.19485e-05
7.26972e-09
1.90113e-05
-2.08588e-07
1.64243e-05
-3.76623e-07
1.40313e-05
-4.75252e-07
1.17484e-05
-4.82417e-07
9.5549e-06
-4.24985e-07
7.599e-06
-3.42148e-07
5.90374e-06
-2.54574e-07
4.43666e-06
-1.63751e-07
3.10438e-06
-5.58181e-08
1.46821e-06
6.86566e-06
1.86032e-05
9.06689e-06
1.66636e-05
9.65223e-06
1.49379e-05
1.0191e-05
1.33908e-05
1.06342e-05
1.19957e-05
1.09752e-05
1.07421e-05
1.12312e-05
9.62122e-06
1.142e-05
8.62093e-06
1.15535e-05
7.72802e-06
1.16379e-05
6.93111e-06
1.16765e-05
4.97625e-06
1.13767e-05
4.61816e-06
1.10124e-05
4.18545e-06
1.05796e-05
3.7209e-06
1.00827e-05
3.23936e-06
9.52718e-06
2.75898e-06
8.92673e-06
2.2923e-06
8.29675e-06
1.85253e-06
7.64868e-06
1.44815e-06
6.99428e-06
1.07912e-06
6.33714e-06
7.47049e-07
5.66129e-06
4.32578e-07
4.90591e-06
1.75669e-07
3.7757e-06
2.08205e-05
6.42675e-06
2.33e-05
5.97144e-06
2.60673e-05
5.4964e-06
2.91503e-05
4.99915e-06
3.20624e-05
4.48148e-06
3.21653e-05
3.96596e-06
3.22185e-05
3.45604e-06
3.2231e-05
2.95562e-06
3.22076e-05
2.46915e-06
3.21571e-05
2.00146e-06
3.20847e-05
1.55695e-06
3.3743e-05
1.12951e-06
2.92974e-05
7.59404e-07
2.54232e-05
4.40932e-07
2.20483e-05
1.69019e-07
1.90796e-05
-5.77971e-08
1.64506e-05
-2.31931e-07
1.39871e-05
-3.29778e-07
1.16172e-05
-3.41584e-07
9.37684e-06
-3.02097e-07
7.41965e-06
-2.43555e-07
5.74002e-06
-1.76532e-07
4.29469e-06
-1.10868e-07
2.986e-06
-4.38052e-08
1.41381e-06
6.69531e-06
2.09927e-05
8.86057e-06
1.88115e-05
9.44482e-06
1.68726e-05
9.99532e-06
1.5135e-05
1.04572e-05
1.3569e-05
1.08145e-05
1.21574e-05
1.10824e-05
1.08917e-05
1.12803e-05
9.76162e-06
1.1422e-05
8.75307e-06
1.1515e-05
7.8514e-06
1.15638e-05
7.04421e-06
1.15713e-05
4.78218e-06
1.12444e-05
4.38674e-06
1.0851e-05
3.91461e-06
1.03871e-05
3.41709e-06
9.85616e-06
2.91089e-06
9.27018e-06
2.41603e-06
8.64205e-06
1.94748e-06
7.98635e-06
1.51532e-06
7.31839e-06
1.12448e-06
6.64203e-06
7.7466e-07
5.94355e-06
4.65198e-07
5.14585e-06
1.93013e-07
3.95171e-06
2.34864e-05
6.24245e-06
2.62724e-05
5.76873e-06
2.93788e-05
5.27081e-06
3.23144e-05
4.75041e-06
3.24185e-05
4.23169e-06
3.24707e-05
3.71724e-06
3.24803e-05
3.21049e-06
3.24516e-05
2.71545e-06
3.23936e-05
2.23662e-06
3.23115e-05
1.7788e-06
3.39699e-05
1.33457e-06
2.9482e-05
9.48988e-07
2.55703e-05
6.16059e-07
2.21615e-05
3.31135e-07
1.91585e-05
9.32e-08
1.64843e-05
-8.86687e-08
1.39495e-05
-1.91782e-07
1.15066e-05
-2.16752e-07
9.23835e-06
-2.00909e-07
7.28604e-06
-1.66474e-07
5.62118e-06
-1.22872e-07
4.19445e-06
-7.46075e-08
2.90555e-06
-2.88916e-08
1.37139e-06
6.48251e-06
2.37012e-05
8.60713e-06
2.12483e-05
9.191e-06
1.90671e-05
9.75309e-06
1.71164e-05
1.02371e-05
1.53564e-05
1.06156e-05
1.3769e-05
1.08996e-05
1.23411e-05
1.11098e-05
1.1063e-05
1.12619e-05
9.92236e-06
1.13654e-05
8.90324e-06
1.14257e-05
7.98999e-06
1.14465e-05
7.16942e-06
1.14287e-05
4.59846e-06
1.10805e-05
4.15777e-06
1.06595e-05
3.64269e-06
1.01638e-05
3.10996e-06
9.60092e-06
2.58064e-06
8.98268e-06
2.07586e-06
8.32576e-06
1.60852e-06
7.64698e-06
1.18716e-06
6.95153e-06
8.15392e-07
6.22952e-06
4.89086e-07
5.40028e-06
2.11143e-07
4.14507e-06
2.65061e-05
6.01112e-06
2.96361e-05
5.51415e-06
3.25955e-05
4.99284e-06
3.26987e-05
4.47342e-06
3.27485e-05
3.95732e-06
3.27538e-05
3.4472e-06
3.27191e-05
2.94666e-06
3.2653e-05
2.45986e-06
3.25607e-05
1.99138e-06
3.42201e-05
1.53302e-06
2.96865e-05
1.13407e-06
2.57343e-05
7.88574e-07
2.22892e-05
4.91651e-07
1.92497e-05
2.42921e-07
1.65279e-05
5.22936e-08
1.39247e-05
-6.1317e-08
1.14222e-05
-1.05136e-07
9.13712e-06
-1.13399e-07
7.18967e-06
-1.02582e-07
5.53643e-06
-7.99196e-08
4.12357e-06
-5.03519e-08
2.85063e-06
-1.81951e-08
1.34385e-06
6.2212e-06
2.67697e-05
8.30014e-06
2.40106e-05
8.886e-06
2.15553e-05
9.45822e-06
1.93637e-05
9.967e-06
1.73879e-05
1.03718e-05
1.56013e-05
1.06769e-05
1.39928e-05
1.0903e-05
1.25487e-05
1.10684e-05
1.12573e-05
1.11844e-05
1.0104e-05
1.12577e-05
9.0717e-06
1.12931e-05
8.1439e-06
1.12918e-05
7.30664e-06
1.12559e-05
4.42362e-06
1.08884e-05
3.92942e-06
1.04426e-05
3.36441e-06
9.915e-06
2.79635e-06
9.31858e-06
2.24519e-06
8.66706e-06
1.73499e-06
7.98077e-06
1.27515e-06
7.26877e-06
8.70317e-07
6.52419e-06
5.21106e-07
5.66449e-06
2.25246e-07
4.35656e-06
2.99234e-05
5.72638e-06
3.29066e-05
5.20606e-06
3.30066e-05
4.68802e-06
3.30522e-05
4.17293e-06
3.30521e-05
3.66244e-06
3.30104e-05
3.15941e-06
3.29357e-05
2.6677e-06
3.28327e-05
2.19166e-06
3.44939e-05
1.72173e-06
2.99114e-05
1.31194e-06
2.59159e-05
9.55925e-07
2.24321e-05
6.4878e-07
1.93543e-05
3.89859e-07
1.65839e-05
1.8946e-07
1.39167e-05
6.26602e-08
1.13668e-05
-3.71508e-09
9.06989e-06
-3.5856e-08
7.125e-06
-4.68287e-08
5.4792e-06
-4.36102e-08
4.07555e-06
-3.0307e-08
2.81333e-06
-1.15927e-08
1.32697e-06
5.90552e-06
3.02416e-05
7.93286e-06
2.71396e-05
8.52563e-06
2.43732e-05
9.10582e-06
2.19096e-05
9.6401e-06
1.96921e-05
1.00765e-05
1.76846e-05
1.04082e-05
1.58712e-05
1.06547e-05
1.42421e-05
1.08364e-05
1.27815e-05
1.09671e-05
1.14752e-05
1.10552e-05
1.03071e-05
1.11063e-05
9.25897e-06
1.11225e-05
8.31359e-06
1.11067e-05
7.45614e-06
1.10596e-05
4.25292e-06
1.06776e-05
3.69486e-06
1.02035e-05
3.07636e-06
9.64162e-06
2.47375e-06
9.00925e-06
1.90343e-06
8.32198e-06
1.39418e-06
7.5979e-06
9.464e-07
6.83105e-06
5.63818e-07
5.94081e-06
2.45132e-07
4.58214e-06
3.32481e-05
5.38771e-06
3.33425e-05
4.87321e-06
3.33819e-05
4.36139e-06
3.3375e-05
3.85327e-06
3.33254e-05
3.3508e-06
3.32414e-05
2.85717e-06
3.31275e-05
2.37656e-06
3.47916e-05
1.89802e-06
3.01569e-05
1.47983e-06
2.61155e-05
1.11565e-06
2.25909e-05
8.00156e-07
1.94734e-05
5.32476e-07
1.66546e-05
3.217e-07
1.39286e-05
1.79821e-07
1.13405e-05
9.11071e-08
9.0333e-06
3.48595e-08
7.08806e-06
2.92983e-09
5.44543e-06
-1.13634e-08
4.04636e-06
-1.28537e-08
2.79011e-06
-5.66797e-09
1.31667e-06
5.53623e-06
3.36201e-05
7.49876e-06
3.06786e-05
8.10592e-06
2.75617e-05
8.69303e-06
2.47881e-05
9.25063e-06
2.23008e-05
9.72287e-06
2.00473e-05
1.00873e-05
1.80067e-05
1.03593e-05
1.61676e-05
1.0561e-05
1.45184e-05
1.0709e-05
1.30404e-05
1.08134e-05
1.17176e-05
1.08813e-05
1.05325e-05
1.09159e-05
9.46606e-06
1.09205e-05
8.50018e-06
1.08973e-05
7.6188e-06
1.08452e-05
4.0858e-06
1.04497e-05
3.4491e-06
9.9482e-06
2.7702e-06
9.34757e-06
2.13583e-06
8.67342e-06
1.55238e-06
7.94194e-06
1.05051e-06
7.15589e-06
6.21927e-07
6.23322e-06
2.71758e-07
4.8276e-06
3.37059e-05
5.02709e-06
3.37372e-05
4.52087e-06
3.3722e-05
4.01746e-06
3.36635e-05
3.51833e-06
3.35698e-05
3.0258e-06
3.34447e-05
2.54353e-06
3.51127e-05
2.05929e-06
3.0423e-05
1.63546e-06
2.63332e-05
1.26534e-06
2.27659e-05
9.43601e-07
1.96075e-05
6.68634e-07
1.67417e-05
4.47804e-07
1.39623e-05
2.90226e-07
1.13426e-05
1.79786e-07
9.02474e-06
1.01587e-07
7.07578e-06
4.89205e-08
5.43215e-06
1.78606e-08
4.03355e-06
2.95549e-09
2.77895e-06
-3.15544e-10
1.31226e-06
5.14852e-06
3.40963e-05
7.0003e-06
3.41217e-05
7.62271e-06
3.11646e-05
8.21914e-06
2.8038e-05
8.79512e-06
2.52456e-05
9.3049e-06
2.27205e-05
9.70845e-06
2.04275e-05
1.00117e-05
1.83555e-05
1.02378e-05
1.64919e-05
1.04057e-05
1.48225e-05
1.05283e-05
1.33263e-05
1.0614e-05
1.19855e-05
1.06672e-05
1.07817e-05
1.06923e-05
9.6947e-06
1.0692e-05
8.7058e-06
1.0668e-05
7.79625e-06
1.06188e-05
3.91716e-06
1.02112e-05
3.18649e-06
9.67822e-06
2.43994e-06
9.03033e-06
1.7793e-06
8.30316e-06
1.19152e-06
7.5015e-06
7.05246e-07
6.54736e-06
3.08115e-07
5.09968e-06
3.41173e-05
4.64989e-06
3.40922e-05
4.15359e-06
3.40239e-05
3.66017e-06
3.39198e-05
3.17154e-06
3.37833e-05
2.69054e-06
3.54565e-05
2.20344e-06
3.0709e-05
1.77663e-06
2.65686e-05
1.40306e-06
2.29569e-05
1.07707e-06
1.97571e-05
7.96565e-07
1.6846e-05
5.6667e-07
1.40187e-05
3.93593e-07
1.13718e-05
2.63055e-07
9.04183e-06
1.64537e-07
7.08603e-06
9.3049e-08
5.43741e-06
4.52463e-08
4.0353e-06
1.7582e-08
2.77854e-06
4.71948e-09
1.31318e-06
4.74775e-06
3.45207e-05
6.48509e-06
3.46147e-05
7.08055e-06
3.46669e-05
7.68459e-06
3.17017e-05
8.27385e-06
2.85614e-05
8.81836e-06
2.57339e-05
9.26632e-06
2.31642e-05
9.60758e-06
2.0833e-05
9.86277e-06
1.87315e-05
1.00539e-05
1.68446e-05
1.01964e-05
1.51551e-05
1.03009e-05
1.36401e-05
1.03729e-05
1.22804e-05
1.04178e-05
1.10566e-05
1.04393e-05
9.94777e-06
1.04404e-05
8.93379e-06
1.04239e-05
7.99135e-06
1.03874e-05
3.74139e-06
9.96651e-06
2.89858e-06
9.39442e-06
2.07622e-06
8.68442e-06
1.39838e-06
7.87839e-06
8.14969e-07
6.89225e-06
3.60682e-07
5.4081e-06
3.44843e-05
4.26064e-06
3.44051e-05
3.77533e-06
3.42901e-05
3.29296e-06
3.41421e-05
2.81594e-06
3.58217e-05
2.32886e-06
3.10141e-05
1.90161e-06
2.68212e-05
1.52697e-06
2.31637e-05
1.19893e-06
1.9922e-05
9.14613e-07
1.69675e-05
6.77242e-07
1.40976e-05
4.89786e-07
1.14263e-05
3.41016e-07
9.08266e-06
2.24e-07
7.11699e-06
1.35233e-07
5.45988e-06
7.21116e-08
4.05049e-06
3.14733e-08
2.78785e-06
9.57178e-09
1.31909e-06
4.33828e-06
3.48965e-05
5.95942e-06
3.50496e-05
6.53054e-06
3.51677e-05
7.09863e-06
3.52557e-05
7.69104e-06
3.22869e-05
8.26258e-06
2.91192e-05
8.75695e-06
2.6245e-05
9.14305e-06
2.36301e-05
9.43331e-06
2.12637e-05
9.65142e-06
1.9135e-05
9.81611e-06
1.72258e-05
9.9402e-06
1.55166e-05
1.00309e-05
1.39826e-05
1.00947e-05
1.2604e-05
1.01362e-05
1.13601e-05
1.0159e-05
1.02295e-05
1.01686e-05
9.18939e-06
1.01702e-05
8.20882e-06
1.01596e-05
3.54863e-06
9.71716e-06
2.5762e-06
9.09077e-06
1.67021e-06
8.28947e-06
9.87625e-07
7.27514e-06
4.32391e-07
5.76908e-06
3.48054e-05
3.86315e-06
3.4679e-05
3.38939e-06
3.45194e-05
2.91872e-06
3.62067e-05
2.43434e-06
3.13369e-05
2.00916e-06
2.70899e-05
1.63569e-06
2.33855e-05
1.30772e-06
2.01017e-05
1.02153e-06
1.7106e-05
7.78232e-07
1.41984e-05
5.78422e-07
1.15042e-05
4.13678e-07
9.14539e-06
2.79989e-07
7.16705e-06
1.75512e-07
5.49838e-06
9.81983e-08
4.07839e-06
4.55694e-08
2.80639e-06
1.41838e-08
1.32982e-06
3.92366e-06
3.52227e-05
5.42825e-06
3.54308e-05
5.9776e-06
3.56055e-05
6.51642e-06
3.57527e-05
7.06246e-06
3.58869e-05
7.64227e-06
3.29095e-05
8.17886e-06
2.96992e-05
8.61546e-06
2.67742e-05
8.9476e-06
2.41172e-05
9.19748e-06
2.17188e-05
9.38703e-06
1.95651e-05
9.53195e-06
1.76349e-05
9.64138e-06
1.59068e-05
9.7229e-06
1.4355e-05
9.78215e-06
1.29585e-05
9.82326e-06
1.16963e-05
9.85266e-06
1.05458e-05
9.87888e-06
9.48097e-06
9.91196e-06
8.45673e-06
9.94492e-06
3.32121e-06
9.46169e-06
2.20561e-06
8.75433e-06
1.20567e-06
7.70632e-06
5.56743e-07
6.20176e-06
3.50844e-05
3.46054e-06
3.49132e-05
2.99853e-06
3.66095e-05
2.51923e-06
3.16757e-05
2.09843e-06
2.73735e-05
1.72828e-06
2.36213e-05
1.40231e-06
2.02954e-05
1.11619e-06
1.72608e-05
8.688e-07
1.43196e-05
6.58877e-07
1.16037e-05
4.80672e-07
9.22825e-06
3.32442e-07
7.23484e-06
2.13714e-07
5.55194e-06
1.23358e-07
4.11835e-06
5.95417e-08
2.83397e-06
1.91956e-08
1.34511e-06
3.50671e-06
3.5504e-05
4.89543e-06
3.57587e-05
5.42563e-06
3.59857e-05
5.94055e-06
3.61842e-05
6.4501e-06
3.63677e-05
6.97772e-06
3.65539e-05
7.53529e-06
3.35552e-05
8.02362e-06
3.02929e-05
8.40482e-06
2.73185e-05
8.69242e-06
2.46235e-05
8.91045e-06
2.21964e-05
9.07795e-06
2.002e-05
9.20648e-06
1.80705e-05
9.3049e-06
1.63254e-05
9.37979e-06
1.47579e-05
9.43591e-06
1.33463e-05
9.47941e-06
1.20699e-05
9.51984e-06
1.09052e-05
9.5711e-06
9.8221e-06
9.65171e-06
8.75015e-06
9.76372e-06
3.0195e-06
9.18758e-06
1.77266e-06
8.2239e-06
6.88381e-07
6.75878e-06
3.53212e-05
3.05534e-06
3.70276e-05
2.58349e-06
3.20287e-05
2.16905e-06
2.76703e-05
1.80417e-06
2.38699e-05
1.48207e-06
2.05021e-05
1.19773e-06
1.74307e-05
9.4823e-07
1.44595e-05
7.30754e-07
1.17227e-05
5.41557e-07
9.32934e-06
3.81129e-07
7.31905e-06
2.49683e-07
5.6195e-06
1.47494e-07
4.16991e-06
7.30328e-08
2.87032e-06
2.43448e-08
1.36537e-06
3.08966e-06
3.5741e-05
4.36385e-06
3.60388e-05
4.87758e-06
3.63097e-05
5.37295e-06
3.65561e-05
5.855e-06
3.67819e-05
6.33899e-06
3.70089e-05
6.84697e-06
3.72445e-05
7.36937e-06
3.42114e-05
7.8049e-06
3.08944e-05
8.13743e-06
2.78749e-05
8.38886e-06
2.51463e-05
8.58163e-06
2.26938e-05
8.73028e-06
2.0497e-05
8.84546e-06
1.85307e-05
8.93458e-06
1.67712e-05
9.00294e-06
1.51914e-05
9.05647e-06
1.37697e-05
9.10372e-06
1.24864e-05
9.15758e-06
1.1319e-05
9.23884e-06
1.02352e-05
9.39342e-06
9.12066e-06
9.66408e-06
2.54329e-06
8.70449e-06
1.29236e-06
7.44743e-06
3.74585e-05
2.62734e-06
3.23937e-05
2.22121e-06
2.79786e-05
1.86322e-06
2.41296e-05
1.54664e-06
2.07205e-05
1.26579e-06
1.76142e-05
1.01608e-06
1.46159e-05
7.93551e-07
1.1859e-05
5.96071e-07
9.44688e-06
4.25502e-07
7.41829e-06
2.83254e-07
5.70017e-06
1.70284e-07
4.23245e-06
8.61403e-08
2.91524e-06
2.92045e-08
1.39073e-06
2.6515e-06
3.78995e-05
3.83569e-06
3.62723e-05
4.3355e-06
3.65838e-05
4.81514e-06
3.68703e-05
5.27657e-06
3.71372e-05
5.72824e-06
3.73951e-05
6.18935e-06
3.76688e-05
6.67129e-06
3.79448e-05
7.1492e-06
3.4869e-05
7.53391e-06
3.14995e-05
7.8253e-06
2.84398e-05
8.04734e-06
2.56817e-05
8.21818e-06
2.32068e-05
8.3508e-06
2.09925e-05
8.45383e-06
1.90121e-05
8.53297e-06
1.72417e-05
8.59397e-06
1.56543e-05
8.64389e-06
1.42299e-05
8.69335e-06
1.29509e-05
8.75687e-06
1.18012e-05
8.87011e-06
1.07588e-05
9.13397e-06
9.65096e-06
9.59451e-06
1.65355e-06
8.74004e-06
3.27683e-05
2.25531e-06
2.82964e-05
1.90579e-06
2.43989e-05
1.59607e-06
2.09488e-05
1.32024e-06
1.78096e-05
1.07216e-06
1.47866e-05
8.46953e-07
1.20104e-05
6.43649e-07
9.57916e-06
4.652e-07
7.53117e-06
3.13933e-07
5.79305e-06
1.91584e-07
4.30526e-06
9.85839e-08
2.96841e-06
3.40016e-08
1.42089e-06
2.27219e-06
3.315e-05
3.28407e-06
3.84544e-05
3.80075e-06
3.681e-05
4.26801e-06
3.71337e-05
4.71416e-06
3.74353e-05
5.14322e-06
3.77246e-05
5.56767e-06
3.80191e-05
6.00546e-06
3.83368e-05
6.4536e-06
3.86424e-05
6.88339e-06
3.55212e-05
7.22252e-06
3.21038e-05
7.47962e-06
2.90088e-05
7.67603e-06
2.62249e-05
7.82788e-06
2.37306e-05
7.94557e-06
2.15014e-05
8.03556e-06
1.95101e-05
8.10338e-06
1.77328e-05
8.15482e-06
1.61438e-05
8.19751e-06
1.47261e-05
8.2416e-06
1.34665e-05
8.30686e-06
1.23647e-05
8.43886e-06
1.14541e-05
8.8189e-06
1.04267e-05
1.03938e-05
2.86215e-05
1.93239e-06
2.46759e-05
1.63084e-06
2.11855e-05
1.36124e-06
1.80151e-05
1.11648e-06
1.49696e-05
8.9079e-07
1.21749e-05
6.83906e-07
9.72432e-06
4.99825e-07
7.65617e-06
3.41434e-07
5.89697e-06
2.11149e-07
4.38769e-06
1.10212e-07
3.02932e-06
3.86463e-08
1.45579e-06
1.94393e-06
2.89519e-05
2.80864e-06
3.36283e-05
3.24579e-06
3.90125e-05
3.73201e-06
3.73487e-05
4.16713e-06
3.76833e-05
4.58089e-06
3.80001e-05
4.98007e-06
3.83145e-05
5.37956e-06
3.86471e-05
5.79097e-06
3.90014e-05
6.19952e-06
3.93281e-05
6.58239e-06
3.6163e-05
6.88212e-06
3.27026e-05
7.10923e-06
2.95767e-05
7.28341e-06
2.67703e-05
7.41768e-06
2.42593e-05
7.5198e-06
2.20179e-05
7.59553e-06
2.00185e-05
7.6498e-06
1.82383e-05
7.68772e-06
1.6654e-05
7.71466e-06
1.52534e-05
7.74367e-06
1.403e-05
7.79437e-06
1.30094e-05
7.91405e-06
1.23591e-05
8.45386e-06
1.23669e-05
2.49587e-05
1.65153e-06
2.14288e-05
1.38933e-06
1.82287e-05
1.14928e-06
1.51625e-05
9.25055e-07
1.23503e-05
7.16799e-07
9.88041e-06
5.29087e-07
7.79172e-06
3.65443e-07
6.01073e-06
2.28754e-07
4.47888e-06
1.20953e-07
3.09746e-06
4.29912e-08
1.49529e-06
1.65909e-06
2.52454e-05
2.39854e-06
2.93645e-05
2.76981e-06
3.4107e-05
3.17902e-06
3.95684e-05
3.63483e-06
3.78836e-05
4.03867e-06
3.8228e-05
4.42189e-06
3.85606e-05
4.7938e-06
3.89024e-05
5.16911e-06
3.9271e-05
5.55006e-06
3.96528e-05
5.91691e-06
3.99954e-05
6.25693e-06
3.67897e-05
6.52184e-06
3.32913e-05
6.72302e-06
3.01382e-05
6.87695e-06
2.73119e-05
6.99355e-06
2.47863e-05
7.07942e-06
2.25346e-05
7.13931e-06
2.05295e-05
7.17683e-06
1.87497e-05
7.19389e-06
1.71752e-05
7.1968e-06
1.58005e-05
7.1966e-06
1.4628e-05
7.2116e-06
1.37121e-05
7.38477e-06
1.34284e-05
4.71633e-06
1.13987e-05
2.16769e-05
1.40512e-06
1.84485e-05
1.17109e-06
1.53632e-05
9.49994e-07
1.25343e-05
7.4231e-07
1.00455e-05
5.52897e-07
7.93621e-06
3.85706e-07
6.13305e-06
2.44144e-07
4.57789e-06
1.3069e-07
3.17225e-06
4.70267e-08
1.53908e-06
1.40958e-06
2.1928e-05
2.04363e-06
2.56025e-05
2.36065e-06
2.9776e-05
2.707e-06
3.45815e-05
3.08866e-06
4.01173e-05
3.5145e-06
3.84102e-05
3.8885e-06
3.87636e-05
4.24338e-06
3.91131e-05
4.59035e-06
3.94832e-05
4.94066e-06
3.98823e-05
5.28818e-06
4.02833e-05
5.61465e-06
4.06393e-05
5.91579e-06
3.73971e-05
6.15055e-06
3.38649e-05
6.32856e-06
3.06875e-05
6.46291e-06
2.78434e-05
6.56191e-06
2.53045e-05
6.63084e-06
2.30437e-05
6.67288e-06
2.1034e-05
6.68824e-06
1.92557e-05
6.67924e-06
1.76931e-05
6.64904e-06
1.63484e-05
6.59991e-06
1.52399e-05
6.5604e-06
1.45367e-05
4.63951e-06
1.35053e-05
3.95986e-06
1.04929e-05
1.86726e-05
1.1825e-06
1.55696e-05
9.66035e-07
1.2725e-05
7.6058e-07
1.02178e-05
5.7121e-07
8.08804e-06
4.02119e-07
6.2626e-06
2.57122e-07
4.68368e-06
1.39233e-07
3.25301e-06
5.07461e-08
1.58686e-06
1.18435e-06
1.88992e-05
1.73348e-06
2.22401e-05
2.0075e-06
2.59577e-05
2.30252e-06
3.01827e-05
2.62459e-06
3.5048e-05
2.97946e-06
4.06549e-05
3.37628e-06
3.89247e-05
3.72219e-06
3.92869e-05
4.05113e-06
3.96543e-05
4.37458e-06
4.00511e-05
4.69852e-06
4.04737e-05
5.0119e-06
4.08877e-05
5.30039e-06
4.12562e-05
5.56744e-06
3.79815e-05
5.77559e-06
3.4419e-05
5.93194e-06
3.12194e-05
6.04757e-06
2.83585e-05
6.12919e-06
2.58068e-05
6.18038e-06
2.35367e-05
6.20102e-06
2.15216e-05
6.19181e-06
1.97435e-05
6.15281e-06
1.81896e-05
6.07819e-06
1.68704e-05
5.96338e-06
1.58371e-05
4.22768e-06
1.49486e-05
4.4302e-06
1.30351e-05
3.45788e-06
9.60774e-06
1.57798e-05
9.73663e-07
1.29203e-05
7.71922e-07
1.03953e-05
5.84106e-07
8.24561e-06
4.14635e-07
6.39803e-06
2.67594e-07
4.7952e-06
1.46433e-07
3.33895e-06
5.40517e-08
1.6383e-06
9.73571e-07
1.59918e-05
1.4541e-06
1.91802e-05
1.69962e-06
2.25497e-05
1.9543e-06
2.63078e-05
2.22809e-06
3.05813e-05
2.52675e-06
3.55029e-05
2.85603e-06
4.11775e-05
3.22503e-06
3.9424e-05
3.54489e-06
3.97952e-05
3.85001e-06
4.01808e-05
4.15063e-06
4.06008e-05
4.44743e-06
4.10398e-05
4.7271e-06
4.14625e-05
4.98167e-06
4.18434e-05
5.21869e-06
3.85397e-05
5.4026e-06
3.49494e-05
5.53895e-06
3.17289e-05
5.63689e-06
2.88516e-05
5.70131e-06
2.62865e-05
5.7327e-06
2.40055e-05
5.73152e-06
2.19824e-05
5.69707e-06
2.01996e-05
5.62293e-06
1.86452e-05
5.50136e-06
1.73326e-05
3.88658e-06
1.61784e-05
4.31176e-06
1.50672e-05
4.17553e-06
1.23176e-05
3.0462e-06
8.84795e-06
1.31184e-05
7.76701e-07
1.05765e-05
5.91803e-07
8.40735e-06
4.233e-07
6.538e-06
2.75517e-07
4.91133e-06
1.52238e-07
3.42925e-06
5.68442e-08
1.693e-06
7.75444e-07
1.33176e-05
1.19333e-06
1.6254e-05
1.42303e-06
1.94584e-05
1.65151e-06
2.28542e-05
1.88754e-06
2.66502e-05
2.14105e-06
3.09689e-05
2.41751e-06
3.59435e-05
2.72255e-06
4.16822e-05
3.06523e-06
3.99056e-05
3.36104e-06
4.0286e-05
3.64414e-06
4.0689e-05
3.9224e-06
4.11274e-05
4.19151e-06
4.15769e-05
4.43993e-06
4.20057e-05
4.66453e-06
4.23989e-05
4.8746e-06
3.90688e-05
5.03668e-06
3.54526e-05
5.15475e-06
3.22118e-05
5.23595e-06
2.93176e-05
5.2822e-06
2.67375e-05
5.29461e-06
2.44429e-05
5.27276e-06
2.24071e-05
5.21097e-06
2.06119e-05
5.10391e-06
1.90429e-05
3.60682e-06
1.76126e-05
4.0508e-06
1.64395e-05
4.32906e-06
1.49139e-05
3.87674e-06
1.14872e-05
2.70884e-06
1.07596e-05
5.94567e-07
8.57179e-06
4.28255e-07
6.68118e-06
2.80914e-07
5.03097e-06
1.56613e-07
3.52305e-06
5.91044e-08
1.75046e-06
5.92768e-07
1.09432e-05
9.49038e-07
1.35631e-05
1.16586e-06
1.65125e-05
1.38034e-06
1.9731e-05
1.59215e-06
2.31511e-05
1.81047e-06
2.69824e-05
2.04487e-06
3.13433e-05
2.30042e-06
3.63676e-05
2.58278e-06
4.21668e-05
2.90069e-06
4.03678e-05
3.17442e-06
4.07574e-05
3.43707e-06
4.11759e-05
3.69283e-06
4.16276e-05
3.93533e-06
4.20829e-05
4.15543e-06
4.25161e-05
4.35338e-06
4.29214e-05
4.53957e-06
3.9567e-05
4.68215e-06
3.59261e-05
4.78347e-06
3.26651e-05
4.84769e-06
2.97527e-05
4.87727e-06
2.71554e-05
4.87273e-06
2.48434e-05
4.82956e-06
2.27888e-05
4.74398e-06
2.09722e-05
3.36091e-06
1.9289e-05
3.79004e-06
1.78735e-05
4.17821e-06
1.65906e-05
4.28178e-06
1.4509e-05
3.53471e-06
1.06615e-05
8.7375e-06
4.29686e-07
6.82633e-06
2.83862e-07
5.153e-06
1.59562e-07
3.61946e-06
6.08202e-08
1.81013e-06
4.27815e-07
8.90325e-06
7.2444e-07
1.11689e-05
9.25856e-07
1.38043e-05
1.1291e-06
1.6765e-05
1.32846e-06
1.99961e-05
1.52437e-06
2.34387e-05
1.72608e-06
2.73028e-05
1.94262e-06
3.17028e-05
2.17868e-06
3.67735e-05
2.43984e-06
4.26295e-05
2.73467e-06
4.08093e-05
2.98826e-06
4.12079e-05
3.23122e-06
4.16391e-05
3.46518e-06
4.20992e-05
3.68272e-06
4.25569e-05
3.87729e-06
4.29934e-05
4.05193e-06
4.34102e-05
4.21711e-06
4.0033e-05
4.34222e-06
3.63682e-05
4.4271e-06
3.30864e-05
4.47621e-06
3.01544e-05
4.49147e-06
2.75371e-05
4.46985e-06
2.52035e-05
4.40898e-06
2.31242e-05
3.13628e-06
2.1197e-05
3.5496e-06
1.95296e-05
3.9574e-06
1.80945e-05
4.26896e-06
1.66036e-05
4.14757e-06
1.38963e-05
3.22191e-06
6.97224e-06
2.84491e-07
5.2764e-06
1.61114e-07
3.71762e-06
6.19927e-08
1.87148e-06
2.82898e-07
7.11783e-06
5.22162e-07
9.10644e-06
7.05833e-07
1.13899e-05
8.95411e-07
1.40391e-05
1.08499e-06
1.70096e-05
1.26977e-06
2.02519e-05
1.45077e-06
2.37154e-05
1.63703e-06
2.76098e-05
1.83698e-06
3.20461e-05
2.05496e-06
3.71601e-05
2.29644e-06
4.30696e-05
2.56997e-06
4.12292e-05
2.80473e-06
4.16359e-05
3.02908e-06
4.20766e-05
3.24213e-06
4.25411e-05
3.4365e-06
4.2999e-05
3.60858e-06
4.34379e-05
3.76305e-06
4.38653e-05
3.90969e-06
4.04664e-05
4.0181e-06
3.67779e-05
4.0886e-06
3.34746e-05
4.12502e-06
3.05214e-05
4.126e-06
2.78814e-05
4.0905e-06
2.55224e-05
2.9243e-06
2.33364e-05
3.32549e-06
2.14213e-05
3.73199e-06
1.97553e-05
4.10493e-06
1.82588e-05
4.31495e-06
1.64364e-05
3.94462e-06
5.40014e-06
1.61346e-07
3.81666e-06
6.26153e-08
1.93397e-06
1.60296e-07
5.52331e-06
3.44902e-07
7.29586e-06
5.08151e-07
9.30497e-06
6.81729e-07
1.16045e-05
8.59214e-07
1.42658e-05
1.0355e-06
1.7245e-05
1.20651e-06
2.04974e-05
1.3736e-06
2.39801e-05
1.54559e-06
2.79026e-05
1.73017e-06
3.23724e-05
1.93145e-06
3.75267e-05
2.15484e-06
4.34864e-05
2.40845e-06
4.1627e-05
2.62586e-06
4.20405e-05
2.83252e-06
4.24875e-05
3.02564e-06
4.29532e-05
3.19913e-06
4.34096e-05
3.35168e-06
4.38503e-05
3.48867e-06
4.42874e-05
3.61796e-06
4.08674e-05
3.71187e-06
3.71554e-05
3.7704e-06
3.38298e-05
3.7942e-06
3.08537e-05
3.78365e-06
2.81887e-05
2.72029e-06
2.57266e-05
3.11061e-06
2.35515e-05
3.51337e-06
2.16402e-05
3.90526e-06
1.99552e-05
4.23029e-06
1.83437e-05
4.29702e-06
3.91582e-06
6.27048e-08
1.99705e-06
6.23052e-08
4.01429e-06
1.95311e-07
5.67356e-06
3.3533e-07
7.4694e-06
4.90132e-07
9.49735e-06
6.53266e-07
1.18113e-05
8.18862e-07
1.44834e-05
9.82482e-07
1.74701e-05
1.14055e-06
2.07315e-05
1.29478e-06
2.42321e-05
1.45359e-06
2.81805e-05
1.62401e-06
3.26812e-05
1.81e-06
3.7873e-05
2.01654e-06
4.38799e-05
2.25183e-06
4.20024e-05
2.45312e-06
4.24212e-05
2.64281e-06
4.28716e-05
2.81747e-06
4.3336e-05
2.97249e-06
4.37898e-05
3.10812e-06
4.42319e-05
3.22906e-06
4.46772e-05
3.34335e-06
4.12367e-05
3.42516e-06
3.75013e-05
3.47184e-06
3.41527e-05
3.48541e-06
3.11524e-05
2.52173e-06
2.83875e-05
2.90112e-06
2.59364e-05
3.29888e-06
2.37663e-05
3.69738e-06
2.18483e-05
4.06513e-06
2.01206e-05
4.32479e-06
2.06018e-06
2.12289e-06
7.59802e-08
4.13417e-06
1.89831e-07
5.81966e-06
3.23003e-07
7.63719e-06
4.68955e-07
9.6824e-06
6.21708e-07
1.20093e-05
7.7585e-07
1.46909e-05
9.27472e-07
1.76841e-05
1.0735e-06
2.09538e-05
1.21585e-06
2.44709e-05
1.36253e-06
2.84431e-05
1.52002e-06
3.29724e-05
1.69182e-06
3.81991e-05
1.88295e-06
4.42503e-05
2.1013e-06
4.23556e-05
2.28735e-06
4.27779e-05
2.4611e-06
4.32291e-05
2.61901e-06
4.36905e-05
2.75779e-06
4.41411e-05
2.87799e-06
4.45839e-05
2.98524e-06
4.50362e-05
3.08696e-06
4.15757e-05
3.15691e-06
3.78168e-05
3.19385e-06
3.44448e-05
2.32711e-06
3.13473e-05
2.69504e-06
2.85939e-05
3.08627e-06
2.61493e-05
3.48693e-06
2.3977e-05
3.87477e-06
2.2039e-05
4.20713e-06
2.19933e-06
7.39263e-08
4.25058e-06
1.82641e-07
5.96058e-06
3.08538e-07
7.79823e-06
4.45594e-07
9.85919e-06
5.88214e-07
1.21976e-05
7.31404e-07
1.48878e-05
8.7176e-07
1.78867e-05
1.00661e-06
2.1164e-05
1.13804e-06
2.46965e-05
1.27365e-06
2.86906e-05
1.41914e-06
3.32463e-05
1.57801e-06
3.85053e-05
1.75501e-06
4.45979e-05
1.95749e-06
4.26866e-05
2.12931e-06
4.31108e-05
2.28832e-06
4.35608e-05
2.43117e-06
4.40182e-05
2.55502e-06
4.4465e-05
2.66207e-06
4.49079e-05
2.75798e-06
4.53659e-05
2.84751e-06
4.18858e-05
2.90755e-06
3.81037e-05
2.13553e-06
3.46367e-05
2.4913e-06
3.15514e-05
2.87431e-06
2.88062e-05
3.27399e-06
2.63626e-05
3.67261e-06
2.41795e-05
4.04072e-06
2.27368e-06
7.1073e-08
4.36261e-06
1.74185e-07
6.09544e-06
2.92656e-07
7.95173e-06
4.20908e-07
1.00271e-05
5.5372e-07
1.2376e-05
6.86538e-07
1.50738e-05
8.1636e-07
1.80778e-05
9.40882e-07
2.13621e-05
1.06236e-06
2.49087e-05
1.18771e-06
2.89231e-05
1.32226e-06
3.35032e-05
1.46929e-06
3.87922e-05
1.63317e-06
4.49235e-05
1.82093e-06
4.29962e-05
1.97956e-06
4.34206e-05
2.12504e-06
4.38679e-05
2.2538e-06
4.43203e-05
2.3648e-06
4.47632e-05
2.46092e-06
4.52058e-05
2.54594e-06
4.56683e-05
2.62517e-06
4.21688e-05
1.94637e-06
3.82932e-05
2.28936e-06
3.4839e-05
2.6625e-06
3.17636e-05
3.05823e-06
2.90223e-05
3.46256e-06
2.6573e-05
3.85229e-06
2.34514e-06
6.76892e-08
4.46953e-06
1.64942e-07
6.22363e-06
2.75948e-07
8.09722e-06
3.95575e-07
1.01859e-05
5.18996e-07
1.25442e-05
6.42048e-07
1.52488e-05
7.62082e-07
1.82574e-05
8.77148e-07
2.15481e-05
9.89412e-07
2.51079e-05
1.10541e-06
2.91409e-05
1.22995e-06
3.37436e-05
1.36603e-06
3.90605e-05
1.51783e-06
4.52278e-05
1.69198e-06
4.32848e-05
1.8384e-06
4.37083e-05
1.97099e-06
4.41517e-05
2.08738e-06
4.45986e-05
2.18756e-06
4.50373e-05
2.27329e-06
4.54792e-05
2.34914e-06
4.5945e-05
1.75903e-06
4.23565e-05
2.08891e-06
3.84941e-05
2.45076e-06
3.50512e-05
2.83977e-06
3.19824e-05
3.24546e-06
2.92398e-05
3.64897e-06
2.41319e-06
6.40153e-08
4.57085e-06
1.55264e-07
6.34475e-06
2.58865e-07
8.23441e-06
3.70148e-07
1.03352e-05
4.84648e-07
1.27022e-05
5.98567e-07
1.5413e-05
7.09576e-07
1.84257e-05
8.15879e-07
2.17225e-05
9.19743e-07
2.52944e-05
1.02718e-06
2.93446e-05
1.14244e-06
3.39681e-05
1.26847e-06
3.93109e-05
1.40923e-06
4.55117e-05
1.57079e-06
4.35534e-05
1.70546e-06
4.39747e-05
1.82649e-06
4.44134e-05
1.93227e-06
4.48547e-05
2.02218e-06
4.52892e-05
2.09914e-06
4.57298e-05
1.57535e-06
4.61291e-05
1.88955e-06
4.25563e-05
2.23916e-06
3.87061e-05
2.61911e-06
3.52723e-05
3.02218e-06
3.22061e-05
3.43344e-06
2.47753e-06
6.01909e-08
4.66629e-06
1.45399e-07
6.45862e-06
2.41774e-07
8.36324e-06
3.4506e-07
1.04753e-05
4.51155e-07
1.28502e-05
5.56601e-07
1.55666e-05
6.59215e-07
1.8583e-05
7.5751e-07
2.18854e-05
8.53685e-07
2.54687e-05
9.53184e-07
2.95347e-05
1.05995e-06
3.41775e-05
1.1768e-06
3.95443e-05
1.30742e-06
4.57761e-05
1.45691e-06
4.38029e-05
1.58091e-06
4.42211e-05
1.6918e-06
4.46547e-05
1.78744e-06
4.50902e-05
1.8686e-06
4.55204e-05
1.40865e-06
4.5897e-05
1.6935e-06
4.63257e-05
2.02765e-06
4.27684e-05
2.39679e-06
3.89289e-05
2.7938e-06
3.55012e-05
3.20758e-06
2.53803e-06
5.6301e-08
4.75572e-06
1.35555e-07
6.56521e-06
2.24958e-07
8.48376e-06
3.20656e-07
1.06063e-05
4.189e-07
1.29884e-05
5.16432e-07
1.571e-05
6.11336e-07
1.87298e-05
7.0229e-07
2.20375e-05
7.9135e-07
2.56313e-05
8.8356e-07
2.97118e-05
9.8256e-07
3.43726e-05
1.09101e-06
3.97616e-05
1.21198e-06
4.6022e-05
1.35041e-06
4.40342e-05
1.46488e-06
4.44488e-05
1.56599e-06
4.48768e-05
1.65285e-06
4.53066e-05
1.25474e-06
4.56748e-05
1.51524e-06
4.60758e-05
1.81889e-06
4.6535e-05
2.17317e-06
4.29925e-05
2.56145e-06
3.91618e-05
2.97314e-06
2.59461e-06
5.24212e-08
4.83916e-06
1.25893e-07
6.66462e-06
2.08644e-07
8.59616e-06
2.97207e-07
1.07284e-05
3.8809e-07
1.31172e-05
4.78318e-07
1.58435e-05
5.66127e-07
1.88666e-05
6.50292e-07
2.21792e-05
7.32814e-07
2.57827e-05
8.18362e-07
2.98768e-05
9.10259e-07
3.45542e-05
1.01072e-06
3.99637e-05
1.12289e-06
4.62504e-05
1.25134e-06
4.42485e-05
1.35653e-06
4.4659e-05
1.449e-06
4.50814e-05
1.11053e-06
4.54513e-05
1.35042e-06
4.58401e-05
1.62859e-06
4.62666e-05
1.95146e-06
4.67573e-05
2.32599e-06
4.32286e-05
2.73184e-06
2.64728e-06
4.86164e-08
4.91673e-06
1.16541e-07
6.75704e-06
1.93006e-07
8.70072e-06
2.74861e-07
1.08421e-05
3.58917e-07
1.32371e-05
4.42398e-07
1.59677e-05
5.23633e-07
1.89938e-05
6.01559e-07
2.2311e-05
6.78101e-07
2.59236e-05
7.57544e-07
3.00302e-05
8.42697e-07
3.47229e-05
9.35891e-07
4.01515e-05
1.04016e-06
4.64624e-05
1.15891e-06
4.44469e-05
1.25578e-06
4.48529e-05
9.7411e-07
4.52183e-05
1.19586e-06
4.56063e-05
1.45237e-06
4.60169e-05
1.74874e-06
4.64699e-05
2.09124e-06
4.69927e-05
2.48511e-06
2.69613e-06
4.49389e-08
4.98859e-06
1.076e-07
6.84274e-06
1.78138e-07
8.79777e-06
2.53748e-07
1.09476e-05
3.31477e-07
1.33484e-05
4.08694e-07
1.60831e-05
4.83876e-07
1.9112e-05
5.56092e-07
2.24336e-05
6.27151e-07
2.60546e-05
7.00796e-07
3.01727e-05
7.79817e-07
3.48797e-05
8.66495e-07
4.03258e-05
9.63087e-07
4.6659e-05
1.07302e-06
4.46303e-05
8.44571e-07
4.49829e-05
1.04946e-06
4.53652e-05
1.28689e-06
4.57723e-05
1.56065e-06
4.62055e-05
1.87581e-06
4.6686e-05
2.23751e-06
2.74129e-06
4.14281e-08
5.05501e-06
9.91193e-08
6.92204e-06
1.64125e-07
8.8877e-06
2.33932e-07
1.10455e-05
3.05781e-07
1.34517e-05
3.77216e-07
1.61902e-05
4.46844e-07
1.92217e-05
5.13822e-07
2.25474e-05
5.79688e-07
2.61763e-05
6.48053e-07
3.03051e-05
7.21574e-07
3.50252e-05
8.01929e-07
4.04877e-05
8.9155e-07
4.68412e-05
7.21789e-07
4.47536e-05
9.10247e-07
4.51227e-05
1.12997e-06
4.55226e-05
1.38376e-06
4.59498e-05
1.67543e-06
4.64066e-05
2.00924e-06
2.78292e-06
3.81037e-08
5.11625e-06
9.11446e-08
6.99527e-06
1.51006e-07
8.97091e-06
2.15416e-07
1.11362e-05
2.81828e-07
1.35475e-05
3.47943e-07
1.62895e-05
4.12471e-07
1.93235e-05
4.74506e-07
2.26531e-05
5.35639e-07
2.62892e-05
5.99259e-07
3.04279e-05
6.67447e-07
3.51603e-05
7.42068e-07
4.06378e-05
5.99664e-07
4.69638e-05
7.78065e-07
4.48863e-05
9.80504e-07
4.52727e-05
1.21577e-06
4.56912e-05
1.48665e-06
4.61392e-05
1.79629e-06
2.82121e-06
3.49831e-08
5.17262e-06
8.36962e-08
7.06281e-06
1.38777e-07
9.04782e-06
1.98194e-07
1.12201e-05
2.59594e-07
1.36361e-05
3.20813e-07
1.63816e-05
3.8055e-07
1.94178e-05
4.38072e-07
2.27511e-05
4.94942e-07
2.6394e-05
5.53967e-07
3.05419e-05
6.1732e-07
3.52856e-05
4.98976e-07
4.07389e-05
6.46381e-07
4.7096e-05
8.38316e-07
4.5029e-05
1.05548e-06
4.54335e-05
1.30707e-06
4.58714e-05
1.59525e-06
2.85636e-06
3.20736e-08
5.22443e-06
7.67702e-08
7.12504e-06
1.2743e-07
9.11883e-06
1.82244e-07
1.12977e-05
2.39027e-07
1.37182e-05
2.95659e-07
1.64668e-05
3.51011e-07
1.95053e-05
4.04457e-07
2.2842e-05
4.57215e-07
2.64912e-05
5.12068e-07
3.06476e-05
4.14941e-07
3.537e-05
5.37719e-07
4.0848e-05
6.96412e-07
4.72385e-05
9.02681e-07
4.51824e-05
1.13539e-06
4.56059e-05
1.40363e-06
2.88859e-06
2.93733e-08
5.27201e-06
7.0359e-08
7.18231e-06
1.16947e-07
9.18435e-06
1.67521e-07
1.13695e-05
2.19992e-07
1.37942e-05
2.72418e-07
1.65457e-05
3.23794e-07
1.95863e-05
3.73336e-07
2.29263e-05
4.22353e-07
2.65813e-05
3.44047e-07
3.07189e-05
4.4701e-07
3.54611e-05
5.79197e-07
4.09657e-05
7.49881e-07
4.73919e-05
9.71361e-07
4.53471e-05
1.22006e-06
2.91811e-06
2.68785e-08
5.31565e-06
6.44495e-08
7.23499e-06
1.07293e-07
9.24479e-06
1.53925e-07
1.14358e-05
2.02436e-07
1.38644e-05
2.51035e-07
1.66188e-05
2.98632e-07
1.96613e-05
3.44611e-07
2.30044e-05
2.83623e-07
2.6642e-05
3.70487e-07
3.07957e-05
4.81316e-07
3.55594e-05
6.23511e-07
4.10926e-05
8.06965e-07
4.7557e-05
1.04424e-06
2.94513e-06
2.45833e-08
5.35567e-06
5.90205e-08
7.28344e-06
9.83996e-08
9.30051e-06
1.41413e-07
1.14971e-05
1.86311e-07
1.39294e-05
2.31295e-07
1.66864e-05
2.75434e-07
1.97308e-05
2.31257e-07
2.3057e-05
3.05278e-07
2.67075e-05
3.98744e-07
3.08787e-05
5.1794e-07
3.56654e-05
6.70809e-07
4.12294e-05
8.67581e-07
2.96984e-06
2.24787e-08
5.39235e-06
5.40308e-08
7.32797e-06
9.02351e-08
9.35187e-06
1.29946e-07
1.15536e-05
1.71452e-07
1.39895e-05
2.13123e-07
1.6749e-05
1.84693e-07
1.97776e-05
2.48791e-07
2.31137e-05
3.28397e-07
2.67782e-05
4.28881e-07
3.09681e-05
5.57001e-07
3.57798e-05
7.21023e-07
2.99243e-06
2.05479e-08
5.42597e-06
4.94605e-08
7.36889e-06
8.27699e-08
9.39922e-06
1.194e-07
1.16059e-05
1.57796e-07
1.4045e-05
1.42799e-07
1.6791e-05
1.98589e-07
1.9828e-05
2.67485e-07
2.31749e-05
3.53023e-07
2.68544e-05
4.60986e-07
3.10646e-05
5.98435e-07
3.01309e-06
1.87828e-08
5.45676e-06
4.52894e-08
7.40651e-06
7.5923e-08
9.44285e-06
1.09728e-07
1.16541e-05
1.05631e-07
1.40824e-05
1.53437e-07
1.68364e-05
2.13382e-07
1.98824e-05
2.87368e-07
2.32409e-05
3.79221e-07
2.69366e-05
4.94999e-07
3.03197e-06
1.71715e-08
5.48499e-06
4.14759e-08
7.44108e-06
6.96586e-08
9.48306e-06
7.33768e-08
1.16865e-05
1.13401e-07
1.41226e-05
1.64741e-07
1.68852e-05
2.29088e-07
1.99409e-05
3.08485e-07
2.33119e-05
4.06931e-07
3.04923e-06
1.56957e-08
5.51088e-06
3.8e-08
7.47286e-06
4.65063e-08
9.51003e-06
7.86903e-08
1.17213e-05
1.21639e-07
1.41658e-05
1.76719e-07
1.69378e-05
2.45737e-07
2.00039e-05
3.30778e-07
3.06501e-06
1.43166e-08
5.53466e-06
2.53262e-08
7.49412e-06
4.98249e-08
9.539e-06
8.43089e-08
1.17588e-05
1.30345e-07
1.42124e-05
1.89384e-07
1.69944e-05
2.63273e-07
3.07941e-06
9.60374e-09
5.55045e-06
2.71148e-08
7.51691e-06
5.3321e-08
9.57011e-06
9.02257e-08
1.17991e-05
1.39522e-07
1.42624e-05
2.02685e-07
3.08906e-06
1.02754e-08
5.56736e-06
2.89916e-08
7.54134e-06
5.69847e-08
9.60347e-06
9.64363e-08
1.18423e-05
1.49124e-07
3.0994e-06
1.09867e-08
5.58544e-06
3.09471e-08
7.56747e-06
6.08088e-08
9.63923e-06
1.02903e-07
3.11044e-06
1.17111e-08
5.60475e-06
3.29743e-08
7.59542e-06
6.47657e-08
3.12222e-06
1.24525e-08
5.62536e-06
3.50581e-08
3.13475e-06
1.32118e-08
)
;

boundaryField
{
    inlet
    {
        type            calculated;
        value           nonuniform List<scalar> 
70
(
-1.2744e-05
-1.2383e-05
-1.20313e-05
-1.16901e-05
-1.13587e-05
-1.10366e-05
-1.07236e-05
-1.3026e-05
-1.30259e-05
-1.3026e-05
-1.3026e-05
-1.30259e-05
-1.3026e-05
-1.08678e-05
-1.11566e-05
-1.14533e-05
-1.1758e-05
-1.20703e-05
-1.23908e-05
-1.27206e-05
-1.3059e-05
-1.34052e-05
-1.37624e-05
-1.41282e-05
-1.42978e-05
-1.38929e-05
-1.3499e-05
-1.31153e-05
-1.27441e-05
-1.2383e-05
-1.20313e-05
-1.16897e-05
-1.13591e-05
-1.10364e-05
-1.07237e-05
-6.79798e-06
-7.56234e-06
-8.41423e-06
-9.3607e-06
-1.04135e-05
-1.15858e-05
-1.28902e-05
-1.434e-05
-1.59539e-05
-1.77492e-05
-1.97468e-05
-2.19688e-05
-2.44409e-05
-2.71912e-05
-2.97734e-05
-2.97734e-05
-2.97735e-05
-2.97742e-05
-2.97735e-05
-2.97735e-05
-2.97735e-05
-3.13969e-05
-2.73507e-05
-2.38298e-05
-2.07661e-05
-1.80854e-05
-1.57642e-05
-1.37243e-05
-1.19658e-05
-1.04183e-05
-9.08181e-06
-7.90946e-06
-6.89345e-06
-6.00242e-06
-5.22875e-06
)
;
    }
    outlet
    {
        type            calculated;
        value           nonuniform List<scalar> 0();
    }
    splitter
    {
        type            calculated;
        value           uniform 0;
    }
    fuel_inlet
    {
        type            calculated;
        value           nonuniform List<scalar> 0();
    }
    back
    {
        type            calculated;
        value           nonuniform List<scalar> 0();
    }
    sides
    {
        type            calculated;
        value           uniform 0;
    }
    frontAndBack
    {
        type            empty;
        value           nonuniform List<scalar> 0();
    }
    procBoundary0to1
    {
        type            processor;
        value           nonuniform List<scalar> 
53
(
-3.06075e-08
-8.37212e-08
-1.09804e-07
-1.1293e-07
-1.03394e-07
-8.45378e-08
-5.7723e-08
-2.48996e-08
1.42832e-08
5.83979e-08
1.07465e-07
1.62765e-07
2.23394e-07
2.8945e-07
3.61107e-07
4.38161e-07
5.20619e-07
6.08261e-07
7.00799e-07
7.98e-07
8.99564e-07
1.0051e-06
1.11428e-06
1.22671e-06
1.34201e-06
1.45982e-06
1.5798e-06
1.70156e-06
1.82488e-06
1.94877e-06
2.87833e-06
3.12115e-06
3.37903e-06
3.65539e-06
3.92213e-06
4.15774e-06
4.36895e-06
4.56501e-06
4.74664e-06
4.91319e-06
5.06049e-06
5.1839e-06
5.27823e-06
5.33904e-06
5.363e-06
5.34788e-06
5.29276e-06
5.19652e-06
5.05754e-06
4.8716e-06
4.62131e-06
4.2402e-06
3.45241e-06
)
;
    }
    procBoundary0to3
    {
        type            processor;
        value           nonuniform List<scalar> 
41
(
-3.74803e-06
-3.05404e-06
-2.57254e-06
-2.28628e-06
-2.1441e-06
8.28335e-06
-2.48728e-06
9.92708e-06
1.31738e-05
1.60842e-05
1.83162e-05
2.02385e-05
2.22057e-05
2.43683e-05
2.67767e-05
2.94558e-05
3.24325e-05
3.57361e-05
3.94037e-05
4.3476e-05
4.7241e-05
4.6915e-05
4.66202e-05
4.6341e-05
4.60638e-05
4.57901e-05
4.55236e-05
4.77343e-05
4.13766e-05
3.59029e-05
3.11685e-05
2.7025e-05
2.33885e-05
2.00717e-05
1.70552e-05
1.43162e-05
1.18887e-05
9.67751e-06
7.62524e-06
5.6473e-06
3.14804e-06
)
;
    }
}


// ************************************************************************* //
