/*--------------------------------*- C++ -*----------------------------------*\
  =========                 |
  \\      /  F ield         | OpenFOAM: The Open Source CFD Toolbox
   \\    /   O peration     | Website:  https://openfoam.org
    \\  /    A nd           | Version:  8
     \\/     M anipulation  |
\*---------------------------------------------------------------------------*/
FoamFile
{
    version     2.0;
    format      ascii;
    class       volVectorField;
    location    "0.05";
    object      U;
}
// * * * * * * * * * * * * * * * * * * * * * * * * * * * * * * * * * * * * * //

dimensions      [0 1 -1 0 0 0 0];

internalField   nonuniform List<vector> 
3919
(
(0.00213667 10.0013 -6.3246e-16)
(0.00618097 10.0075 2.00483e-15)
(0.00187837 10.0012 0)
(0.00856649 10.0187 -2.82318e-15)
(0.00545295 10.0073 1.37392e-15)
(0.00163443 10.0012 0)
(0.00932312 10.0304 1.49063e-15)
(0.00757858 10.0183 -2.90214e-15)
(0.00476178 10.0071 0)
(0.00140333 10.0012 -6.86089e-16)
(0.00903366 10.0415 0)
(0.00826629 10.0298 1.53236e-15)
(0.00663243 10.018 1.49106e-15)
(0.00410356 10.007 2.17496e-15)
(0.00118398 10.0012 0)
(0.00781956 10.0514 0)
(0.00802773 10.0407 0)
(0.00724992 10.0293 -1.57461e-15)
(0.00572444 10.0177 -1.53134e-15)
(0.0034773 10.0069 0)
(0.000975646 10.0011 0)
(0.00566408 10.0593 -3.51012e-15)
(0.00697493 10.0505 3.41725e-15)
(0.00705632 10.0401 -3.32548e-15)
(0.00627147 10.0288 1.61722e-15)
(0.00485371 10.0174 0)
(0.00288265 10.0068 7.6362e-16)
(0.000776703 10.0011 0)
(0.00262393 10.0648 3.70561e-15)
(0.00508895 10.0584 -7.21627e-15)
(0.00615379 10.0497 7.02281e-15)
(0.00611708 10.0395 -1.70773e-15)
(0.00533001 10.0284 0)
(0.00402323 10.0172 -2.41949e-15)
(0.00231584 10.0067 0)
(0.000560784 10.0011 0)
(-0.00147861 10.0673 0)
(0.00243583 10.0638 3.80938e-15)
(0.00452245 10.0575 -7.41541e-15)
(0.00535423 10.0491 3.60645e-15)
(0.00520979 10.039 0)
(0.00443117 10.0281 1.70351e-15)
(0.00323616 10.017 1.6675e-15)
(0.00167047 10.0067 0)
(0.000335845 10.0011 0)
(-0.00661618 10.0665 8.25745e-15)
(-0.00116308 10.0663 8.04267e-15)
(0.00223501 10.0629 7.8289e-15)
(0.00396274 10.0568 -3.80821e-15)
(0.00457633 10.0485 0)
(0.00434257 10.0385 0)
(0.00358049 10.0277 -1.76109e-15)
(0.0023186 10.0169 0)
(0.00100474 10.0066 0)
(0.000111785 10.0011 0)
(-0.0129179 10.062 2.83201e-21)
(-0.00566569 10.0654 -8.48827e-15)
(-0.000884572 10.0654 -4.13215e-15)
(0.00201996 10.0621 0)
(0.0034104 10.0561 0)
(0.00382977 10.0479 3.79902e-15)
(0.00352359 10.0381 1.8597e-15)
(0.00256078 10.0275 0)
(0.00139819 10.0168 0)
(0.000335716 10.0066 0)
(-0.000111902 10.0011 0)
(-0.0207241 10.0533 -9.19574e-15)
(-0.0111606 10.0611 0)
(-0.00478813 10.0645 0)
(-0.000645553 10.0647 0)
(0.00179118 10.0614 0)
(0.00287482 10.0556 -4.01111e-15)
(0.00312525 10.0475 1.96367e-15)
(0.00251053 10.0379 0)
(0.00154652 10.0275 0)
(0.000467353 10.0168 0)
(-0.000335309 10.0066 0)
(-0.000335969 10.0011 0)
(-0.0300843 10.04 -9.70116e-15)
(-0.0179787 10.0525 9.45315e-15)
(-0.00953006 10.0603 0)
(-0.0039847 10.0638 0)
(-0.000445432 10.0641 0)
(0.00155479 10.0608 0)
(0.00236871 10.0551 -4.1466e-15)
(0.00221952 10.0472 0)
(0.00151786 10.0378 0)
(0.000517112 10.0274 0)
(-0.000468723 10.0168 0)
(-0.00100427 10.0066 0)
(-0.000560909 10.0011 0)
(-0.0412133 10.0218 1.02342e-14)
(-0.0261443 10.0394 -9.97292e-15)
(-0.0154133 10.0519 0)
(-0.00801761 10.0598 9.45547e-15)
(-0.00325575 10.0632 0)
(-0.000279511 10.0636 0)
(0.00132394 10.0603 -4.37775e-15)
(0.00167857 10.0548 0)
(0.00134276 10.047 0)
(0.00050748 10.0377 0)
(-0.000519414 10.0274 0)
(-0.00139949 10.0168 0)
(-0.00166991 10.0067 0)
(-0.000778104 10.0011 3.69692e-16)
(-0.054343 9.99821 -1.07931e-14)
(-0.0358389 10.0214 0)
(-0.0224548 10.039 0)
(-0.0130185 10.0515 -9.9772e-15)
(-0.00662275 10.0593 0)
(-0.00260063 10.0628 0)
(-0.000138833 10.0632 9.24308e-15)
(0.000949848 10.06 0)
(0.00101419 10.0546 0)
(0.000448531 10.047 0)
(-0.00051131 10.0377 0)
(-0.0015487 10.0275 0)
(-0.00231956 10.0169 0)
(-0.00231969 10.0067 -3.90669e-16)
(-0.000979395 10.0011 -3.58453e-16)
(-0.0696945 9.96885 1.13815e-14)
(-0.0472619 9.99817 1.1097e-14)
(-0.0308053 10.0214 0)
(-0.0190024 10.0389 -1.05273e-14)
(-0.0107958 10.0512 0)
(-0.00535895 10.059 -4.98003e-15)
(-0.00201105 10.0625 -4.8783e-15)
(-7.39745e-05 10.0629 0)
(0.00057124 10.0597 0)
(0.000337735 10.0545 0)
(-0.000454312 10.047 0)
(-0.00152153 10.0378 0)
(-0.00256249 10.0275 0)
(-0.00324289 10.017 1.65034e-15)
(-0.00289377 10.0068 1.13636e-15)
(-0.00118971 10.0012 0)
(-0.0875099 9.93333 0)
(-0.060602 9.96925 -1.17008e-14)
(-0.040632 9.99849 -1.14045e-14)
(-0.0260914 10.0215 -9.22886e-21)
(-0.0157894 10.0389 1.0808e-14)
(-0.00877352 10.0512 5.2555e-15)
(-0.00422257 10.0589 0)
(-0.00138426 10.0621 0)
(-5.66012e-05 10.0627 0)
(0.000188473 10.0596 0)
(-0.000345458 10.0545 0)
(-0.00134838 10.047 0)
(-0.00251363 10.0379 0)
(-0.00358896 10.0277 -3.48592e-15)
(-0.00403908 10.0172 -8.00076e-16)
(-0.00349505 10.0069 0)
(-0.00141059 10.0012 6.82983e-16)
(-0.108035 9.89128 -1.26449e-14)
(-0.0760626 9.93427 0)
(-0.0520929 9.97007 1.20239e-14)
(-0.0344235 9.99912 2.34269e-14)
(-0.0216993 10.022 -2.28009e-14)
(-0.0128612 10.0391 0)
(-0.00695676 10.0512 0)
(-0.00290051 10.0586 0)
(-0.000863188 10.0619 0)
(-2.29676e-05 10.0626 0)
(-0.00019867 10.0596 0)
(-0.00102177 10.0546 0)
(-0.00222451 10.0472 0)
(-0.00353358 10.0381 1.84055e-15)
(-0.00444991 10.0281 -1.68993e-15)
(-0.00487776 10.0174 0)
(-0.00412621 10.007 -7.2172e-16)
(-0.00164283 10.0012 -6.66251e-16)
(-0.131521 9.84238 2.66498e-14)
(-0.0938578 9.89289 -1.30011e-14)
(-0.0653616 9.93571 0)
(-0.0441318 9.97124 1.53722e-20)
(-0.0286387 10 -1.21651e-20)
(-0.0176963 10.0226 -1.16989e-14)
(-0.0102335 10.0395 0)
(-0.00476697 10.051 0)
(-0.00179805 10.0582 0)
(-0.000296851 10.0617 0)
(1.05594e-05 10.0626 0)
(-0.000581355 10.0597 0)
(-0.00168561 10.0548 0)
(-0.00313647 10.0475 0)
(-0.00436234 10.0385 5.35364e-15)
(-0.00535756 10.0284 0)
(-0.00575473 10.0177 0)
(-0.00478775 10.0072 7.04029e-16)
(-0.0018876 10.0012 0)
(-0.158241 9.7863 3.22383e-20)
(-0.114193 9.84478 1.36998e-14)
(-0.0806151 9.89507 0)
(-0.0553538 9.93755 1.91111e-20)
(-0.0367127 9.97273 1.26817e-14)
(-0.0233677 10.0011 1.23403e-14)
(-0.0141118 10.0234 0)
(-0.00700443 10.0394 0)
(-0.00294993 10.0506 0)
(-0.000613385 10.0581 0)
(0.000282092 10.0617 0)
(4.44764e-05 10.0627 0)
(-0.000959565 10.06 0)
(-0.00238053 10.0551 0)
(-0.00384916 10.0479 -3.76867e-15)
(-0.00523807 10.039 0)
(-0.0063061 10.0288 1.60995e-15)
(-0.00666694 10.018 0)
(-0.005481 10.0073 0)
(-0.0021459 10.0013 0)
(-0.188475 9.72277 -1.47794e-14)
(-0.137298 9.78962 0)
(-0.0980202 9.84783 -1.40802e-14)
(-0.0682402 9.89773 -1.37255e-14)
(-0.0460319 9.93976 0)
(-0.0299581 9.97447 0)
(-0.0186605 10.0025 0)
(-0.0096398 10.0234 0)
(-0.00433462 10.0389 0)
(-0.00100326 10.0504 0)
(0.000595886 10.0581 0)
(0.000848424 10.0619 0)
(6.15339e-05 10.0629 0)
(-0.00133602 10.0603 -4.33275e-15)
(-0.00289258 10.0556 3.97934e-15)
(-0.00460303 10.0485 0)
(-0.00615213 10.0395 -1.69997e-15)
(-0.00728939 10.0293 0)
(-0.00761515 10.0184 0)
(-0.00620914 10.0075 -1.33829e-15)
(-0.00241947 10.0013 0)
(-0.222501 9.65153 3.11105e-14)
(-0.163409 9.72714 -1.51964e-14)
(-0.117774 9.7937 1.48326e-14)
(-0.0829253 9.85144 0)
(-0.0567224 9.90078 0)
(-0.0375554 9.94225 1.37213e-14)
(-0.0239454 9.97642 -1.34523e-14)
(-0.0127197 10.0027 0)
(-0.00597012 10.0228 0)
(-0.00147236 10.0387 0)
(0.000983053 10.0504 0)
(0.00178036 10.0582 0)
(0.00136899 10.0621 0)
(0.000126725 10.0632 9.1476e-15)
(-0.00156937 10.0608 -4.20119e-15)
(-0.00343321 10.0562 3.88481e-15)
(-0.00538646 10.0491 0)
(-0.00709571 10.0401 3.31662e-15)
(-0.00830745 10.0298 -3.0626e-15)
(-0.00860346 10.0187 1.41337e-15)
(-0.00697537 10.0076 1.30392e-15)
(-0.00271002 10.0013 0)
(-0.260618 9.57239 -3.27268e-14)
(-0.192758 9.65709 1.59947e-14)
(-0.14007 9.7324 0)
(-0.0995703 9.79842 -1.5237e-14)
(-0.06889 9.8555 0)
(-0.0462619 9.90417 -2.89269e-14)
(-0.0300322 9.94496 1.41842e-14)
(-0.0162885 9.97691 0)
(-0.00788585 10.002 0)
(-0.00202676 10.0225 0)
(0.0014489 10.0387 0)
(0.00292945 10.0506 0)
(0.00288171 10.0586 0)
(0.00199988 10.0625 -4.82786e-15)
(0.000269701 10.0636 -4.43482e-15)
(-0.00180745 10.0614 -4.10118e-15)
(-0.00398923 10.0568 0)
(-0.00618946 10.0498 -3.50228e-15)
(-0.00806884 10.0408 1.14786e-21)
(-0.00936455 10.0304 -2.98509e-15)
(-0.00963493 10.0192 -2.75419e-15)
(-0.00778437 10.0078 0)
(-0.00301918 10.0014 5.85182e-16)
(-0.303136 9.48519 0)
(-0.225595 9.57929 -1.68266e-14)
(-0.1651 9.6637 0)
(-0.118334 9.7384 3.2092e-14)
(-0.0826636 9.80366 0)
(-0.0561563 9.85994 1.52399e-14)
(-0.0370011 9.9078 0)
(-0.0203896 9.94575 0)
(-0.01011 9.97606 0)
(-0.00267631 10.0016 0)
(0.00199987 10.0225 0)
(0.00431071 10.0389 0)
(0.00474454 10.051 0)
(0.00421278 10.0589 5.0951e-15)
(0.00259725 10.0628 -6.68037e-22)
(0.000437702 10.0641 -4.32946e-15)
(-0.00203719 10.0621 -4.00206e-15)
(-0.00455123 10.0576 3.69774e-15)
(-0.00701202 10.0505 3.41507e-15)
(-0.00907479 10.0415 1.13395e-21)
(-0.0104635 10.031 1.45424e-15)
(-0.0107141 10.0196 1.34139e-15)
(-0.00863931 10.0081 -1.85487e-15)
(-0.00334917 10.0014 0)
(-0.350377 9.38982 0)
(-0.262175 9.49355 1.76918e-14)
(-0.193066 9.5874 0)
(-0.139373 9.67116 -1.68897e-14)
(-0.0981676 9.745 1.64766e-14)
(-0.0673404 9.80933 0)
(-0.044912 9.86465 -1.57541e-14)
(-0.025075 9.90894 0)
(-0.0126702 9.94474 0)
(-0.00343053 9.97563 0)
(0.00264599 10.0016 0)
(0.00594261 10.0228 0)
(0.00697747 10.0394 0)
(0.00694936 10.0512 -1.61305e-14)
(0.00536434 10.059 -1.45074e-21)
(0.00325942 10.0632 -6.82002e-22)
(0.000640225 10.0647 -1.07208e-22)
(-0.00225253 10.0629 -7.80776e-15)
(-0.00511848 10.0584 0)
(-0.00785638 10.0514 3.32865e-15)
(-0.0101165 10.0423 0)
(-0.0116077 10.0317 1.41653e-15)
(-0.0118443 10.0202 1.30602e-15)
(-0.00954566 10.0083 -1.20324e-15)
(-0.00369984 10.0015 0)
(-0.40268 9.28621 -3.79486e-14)
(-0.302766 9.39977 3.71784e-14)
(-0.224179 9.50334 0)
(-0.162848 9.59651 0)
(-0.115528 9.67931 -1.73437e-14)
(-0.0799123 9.75208 0)
(-0.0538444 9.81529 1.65993e-14)
(-0.0303886 9.86621 0)
(-0.0156005 9.90775 0)
(-0.00429875 9.94423 0)
(0.00339676 9.97563 0)
(0.00785471 10.002 0)
(0.00960789 10.0234 0)
(0.0102295 10.0395 2.26908e-14)
(0.00878984 10.0512 5.21338e-15)
(0.00664193 10.0593 4.82278e-15)
(0.00399502 10.0638 1.33772e-14)
(0.000881459 10.0655 4.12112e-15)
(-0.0024532 10.0638 0)
(-0.00569293 10.0594 0)
(-0.00872557 10.0524 0)
(-0.0111972 10.0432 -1.11073e-21)
(-0.0128007 10.0325 0)
(-0.0130309 10.0208 1.27081e-15)
(-0.0105004 10.0086 0)
(-0.00406387 10.0015 0)
(-0.460406 9.17436 -1.59452e-19)
(-0.34765 9.29786 -3.90321e-14)
(-0.258658 9.4114 1.91103e-14)
(-0.18893 9.51429 0)
(-0.134874 9.60641 0)
(-0.0939691 9.688 0)
(-0.0638693 9.75948 0)
(-0.0363796 9.81733 0)
(-0.0189279 9.86481 0)
(-0.00529251 9.90714 0)
(0.00426135 9.94423 0)
(0.0100752 9.97606 0)
(0.0126825 10.0027 0)
(0.0141117 10.0234 -1.19694e-14)
(0.0128907 10.0391 0)
(0.0108338 10.0512 0)
(0.00804826 10.0598 -9.41268e-15)
(0.00480374 10.0645 8.69928e-15)
(0.00116147 10.0663 0)
(-0.00264046 10.0648 0)
(-0.00627696 10.0604 0)
(-0.00962217 10.0534 -3.1589e-15)
(-0.0123197 10.0442 0)
(-0.0140471 10.0334 0)
(-0.0142703 10.0214 -2.50118e-15)
(-0.0114792 10.0089 -1.20684e-15)
(-0.00443501 10.0016 5.81505e-16)
(-0.523918 9.05431 4.16879e-14)
(-0.397123 9.1878 4.09402e-14)
(-0.296729 9.31149 -4.01309e-14)
(-0.217793 9.42438 -1.96363e-14)
(-0.156337 9.52614 0)
(-0.109607 9.61692 0)
(-0.0750593 9.69704 0)
(-0.0431002 9.76209 0)
(-0.0226853 9.81568 0)
(-0.00642079 9.86409 0)
(0.00525132 9.90714 0)
(0.0126316 9.94474 0)
(0.0162456 9.97691 0)
(0.0186663 10.0024 -1.26248e-14)
(0.0177413 10.0226 0)
(0.0158507 10.0389 0)
(0.0130745 10.0515 -9.93197e-15)
(0.00956988 10.0604 2.90232e-21)
(0.00568447 10.0655 0)
(0.00147781 10.0674 0)
(-0.0028159 10.066 0)
(-0.00687188 10.0617 0)
(-0.0105488 10.0546 -3.07557e-15)
(-0.0134884 10.0453 -2.8341e-15)
(-0.0153421 10.0344 2.64125e-15)
(-0.0155313 10.0221 1.27452e-15)
(-0.0124609 10.0092 -6.14409e-16)
(-0.00481393 10.0016 0)
(-0.593645 8.92614 0)
(-0.451488 9.06961 -8.57842e-14)
(-0.338637 9.20357 2.10487e-14)
(-0.249618 9.32669 2.06195e-14)
(-0.180053 9.43841 2.01672e-14)
(-0.126927 9.5387 0)
(-0.0874838 9.62782 0)
(-0.0506032 9.70029 0)
(-0.0269053 9.76015 0)
(-0.00769469 9.81484 0)
(0.00637572 9.86409 0)
(0.0155578 9.90775 0)
(0.0203407 9.94575 0)
(0.0239577 9.9764 1.33134e-14)
(0.0234317 10.0011 1.2241e-14)
(0.0217882 10.022 0)
(0.0190896 10.0389 1.04788e-14)
(0.0154837 10.0519 -9.6876e-15)
(0.011207 10.0611 0)
(0.00663626 10.0666 0)
(0.00183054 10.0686 -7.63257e-15)
(-0.0029808 10.0673 0)
(-0.0074807 10.063 3.24733e-15)
(-0.0115088 10.056 5.98528e-15)
(-0.014698 10.0466 0)
(-0.0166533 10.0354 -2.69194e-15)
(-0.0167949 10.0229 0)
(-0.0134464 10.0096 0)
(-0.00520066 10.0017 6.0268e-16)
(-0.669776 8.79014 0)
(-0.511099 8.94331 -1.9515e-19)
(-0.384627 9.08765 0)
(-0.2846 9.22118 0)
(-0.206164 9.34312 7.5828e-20)
(-0.146032 9.45324 0)
(-0.101216 9.55169 0)
(-0.0589375 9.6318 0)
(-0.0316207 9.69803 0)
(-0.00912506 9.75916 0)
(0.00764559 9.81484 0)
(0.018881 9.86481 0)
(0.0250192 9.90894 0)
(0.0300513 9.94494 -1.40378e-14)
(0.0300456 9.97443 -1.29095e-14)
(0.0287599 9.99999 0)
(0.0262163 10.0215 0)
(0.0225622 10.039 0)
(0.0180579 10.0525 0)
(0.0129655 10.0621 8.72528e-15)
(0.00766366 10.0678 8.05581e-15)
(0.00221981 10.07 0)
(-0.00313777 10.0688 0)
(-0.00810546 10.0645 3.15977e-15)
(-0.0124988 10.0574 0)
(-0.0159183 10.0479 1.14618e-21)
(-0.0179503 10.0365 0)
(-0.0180594 10.0237 1.32134e-15)
(-0.0144362 10.0099 -6.36794e-16)
(-0.00559531 10.0018 -6.13416e-16)
(-0.576061 8.80919 9.40558e-14)
(-0.767812 8.61981 0)
(-0.43499 8.96373 0)
(-0.322936 9.10785 0)
(-0.23482 9.24023 -2.22215e-14)
(-0.167025 9.36047 0)
(-0.116325 9.46855 0)
(-0.0681571 9.55649 0)
(-0.0368623 9.62917 0)
(-0.0107227 9.69688 0)
(0.00907172 9.75916 0)
(0.0226341 9.81568 0)
(0.0303252 9.86621 0)
(0.0370301 9.90777 -2.3505e-20)
(0.0376714 9.9422 0)
(0.0368743 9.97268 0)
(0.0345938 9.99909 -1.16599e-14)
(0.0309562 10.0213 -1.07831e-14)
(0.0262643 10.0394 0)
(0.0208055 10.0533 -9.20771e-15)
(0.0148499 10.0632 -8.50139e-15)
(0.00876832 10.0693 0)
(0.00264659 10.0716 0)
(-0.00328848 10.0705 -6.67198e-15)
(-0.00874587 10.0662 0)
(-0.0134945 10.059 1.00393e-21)
(-0.0171245 10.0493 0)
(-0.0192396 10.0377 -1.39539e-15)
(-0.0193227 10.0245 0)
(-0.0154289 10.0103 6.48105e-16)
(-0.00599835 10.0018 0)
(-0.489748 8.83208 0)
(-0.66001 8.64019 -7.33906e-14)
(-0.895532 8.40837 0)
(-0.364869 8.98669 0)
(-0.266177 9.12973 -2.32917e-14)
(-0.190018 9.26034 0)
(-0.132884 9.37835 0)
(-0.0783175 9.47427 0)
(-0.0426641 9.55344 0)
(-0.012498 9.62782 0)
(0.010665 9.69688 0)
(0.0268496 9.76015 0)
(0.0363084 9.81733 0)
(0.0449533 9.86462 1.55908e-14)
(0.0464104 9.9041 0)
(0.0462409 9.93969 0)
(0.044353 9.97119 2.45901e-14)
(0.0408372 9.99847 -1.19626e-20)
(0.0360092 10.0214 0)
(0.0302068 10.0401 9.71368e-15)
(0.0237311 10.0544 8.97106e-15)
(0.0168604 10.0647 -8.28085e-15)
(0.00995052 10.0709 -7.63959e-15)
(0.00311017 10.0734 0)
(-0.0034358 10.0724 0)
(-0.0093866 10.068 -3.16945e-15)
(-0.0144779 10.0607 3.05654e-15)
(-0.0183183 10.0507 0)
(-0.0205194 10.0388 0)
(-0.0205835 10.0253 0)
(-0.0164253 10.0107 -1.31913e-15)
(-0.00640999 10.0019 6.35175e-16)
(-0.410348 8.85798 0)
(-0.560707 8.66537 0)
(-0.769504 8.42898 7.77792e-14)
(-1.04234 8.18221 0)
(-0.30044 9.01161 2.43833e-14)
(-0.215124 9.15285 0)
(-0.150962 9.28104 0)
(-0.0894755 9.38509 0)
(-0.0490593 9.47074 0)
(-0.0144619 9.55188 0)
(0.0124356 9.62782 0)
(0.0315603 9.69803 0)
(0.0430205 9.76209 0)
(0.053899 9.81524 0)
(0.0563415 9.85985 0)
(0.0569847 9.90069 0)
(0.0556364 9.93748 -1.29632e-14)
(0.0523633 9.97002 1.19931e-14)
(0.0474903 9.99816 0)
(0.0413861 10.0218 -1.02467e-14)
(0.0344013 10.041 0)
(0.0268407 10.0558 8.73789e-15)
(0.0189951 10.0664 1.61245e-14)
(0.0112066 10.0729 0)
(0.00360372 10.0754 0)
(-0.00357898 10.0744 8.01098e-22)
(-0.0100182 10.0699 3.22736e-15)
(-0.0154497 10.0624 3.11216e-15)
(-0.0195001 10.0522 -3.00016e-15)
(-0.0217909 10.04 0)
(-0.0218432 10.0262 1.39322e-15)
(-0.0174253 10.0111 6.7112e-16)
(-0.00683002 10.002 0)
(-0.337519 8.88617 0)
(-0.469383 8.69428 0)
(-0.653478 8.45576 0)
(-0.89439 8.20279 2.57265e-19)
(-1.21325 7.94063 0)
(-0.24251 9.03796 0)
(-0.170628 9.17664 0)
(-0.101689 9.2889 0)
(-0.0560821 9.38102 0)
(-0.0166253 9.46894 0)
(0.0143946 9.55188 0)
(0.0367971 9.62917 0)
(0.0505144 9.70029 0)
(0.0639393 9.75942 0)
(0.0675681 9.80921 0)
(0.0692136 9.85538 0)
(0.0685957 9.89762 0)
(0.0657052 9.93564 0)
(0.0609006 9.96922 0)
(0.0545757 9.99822 0)
(0.0471065 10.0226 0)
(0.0388543 10.0423 0)
(0.0301358 10.0575 -8.50672e-15)
(0.0212528 10.0684 0)
(0.0125264 10.075 0)
(0.00410858 10.0777 7.06485e-15)
(-0.00371886 10.0765 -6.81509e-15)
(-0.0106425 10.0719 -3.28633e-15)
(-0.016412 10.0641 3.16804e-15)
(-0.0206712 10.0537 0)
(-0.0230531 10.0413 2.94274e-15)
(-0.0230994 10.0271 -1.41753e-15)
(-0.0184305 10.0116 0)
(-0.00725864 10.0021 -3.28547e-16)
(-0.272096 8.91602 0)
(-0.385727 8.72605 0)
(-0.546835 8.48744 0)
(-0.758464 8.23096 0)
(-1.04022 7.96021 -4.23087e-14)
(-1.40276 7.68695 4.15924e-14)
(-0.192009 9.06507 0)
(-0.115018 9.18574 0)
(-0.0637659 9.28423 0)
(-0.0189993 9.37894 0)
(0.0165529 9.46894 0)
(0.0425938 9.55344 0)
(0.0588388 9.6318 0)
(0.0751465 9.69698 0)
(0.080188 9.75194 0)
(0.0830572 9.80351 0)
(0.0833652 9.8513 0)
(0.0810454 9.89497 -1.33263e-14)
(0.0764437 9.93422 0)
(0.0699991 9.96883 1.13951e-14)
(0.0621141 9.99868 1.05285e-14)
(0.0531796 10.0237 -9.72453e-15)
(0.0435711 10.044 0)
(0.0336186 10.0596 0)
(0.023616 10.0707 0)
(0.0138669 10.0774 0)
(0.0046096 10.08 7.19431e-15)
(-0.00385901 10.0787 0)
(-0.0112617 10.0739 -3.34546e-15)
(-0.0173656 10.0659 0)
(-0.0218312 10.0552 -6.21557e-15)
(-0.0243055 10.0425 1.49715e-15)
(-0.024355 10.028 0)
(-0.0194417 10.012 -3.47132e-16)
(-0.00769704 10.0022 0)
(-0.215028 8.9467 0)
(-0.310669 8.75988 0)
(-0.449183 8.5229 0)
(-0.633889 8.26521 0)
(-0.880615 7.98967 4.35856e-14)
(-1.20554 7.70303 0)
(-1.60237 7.42524 2.09649e-19)
(-0.129537 9.07549 0)
(-0.0721424 9.1804 0)
(-0.0215946 9.28185 0)
(0.0189213 9.37894 0)
(0.0489836 9.47074 0)
(0.068048 9.55649 0)
(0.0875907 9.62774 1.91646e-14)
(0.0942997 9.68783 1.76583e-14)
(0.0986423 9.74481 0)
(0.100107 9.79824 0)
(0.098551 9.8477 2.8084e-14)
(0.0943342 9.89281 -1.29922e-14)
(0.0878989 9.93329 -1.20152e-14)
(0.0796834 9.96893 -1.11026e-14)
(0.0701198 9.99962 1.02546e-14)
(0.0596137 10.0253 0)
(0.0485551 10.0461 8.73281e-15)
(0.0372629 10.062 0)
(0.0260127 10.0733 -7.86916e-15)
(0.0151939 10.08 1.11195e-21)
(0.0051015 10.0825 0)
(-0.00400246 10.081 3.53236e-15)
(-0.0118775 10.076 0)
(-0.0183119 10.0678 3.28192e-15)
(-0.0229803 10.0568 -1.58106e-15)
(-0.0255508 10.0438 0)
(-0.0256088 10.029 -7.33258e-16)
(-0.0204618 10.0125 0)
(-0.00805096 10.0022 0)
(-0.145253 8.95857 0)
(-0.24487 8.79479 0)
(-0.361391 8.56114 0)
(-0.520124 8.30421 2.19873e-14)
(-0.734307 8.02693 0)
(-1.02188 7.73189 -4.43914e-14)
(-1.38137 7.43559 4.35384e-14)
(-1.81383 7.15737 -4.39462e-14)
(-0.0812422 9.06944 0)
(-0.0244209 9.17768 0)
(0.0215106 9.28185 0)
(0.0560007 9.38102 0)
(0.0781973 9.47427 0)
(0.101345 9.55159 -2.01553e-14)
(0.109999 9.61672 -1.85801e-14)
(0.116095 9.67907 0)
(0.11898 9.73818 0)
(0.11842 9.79353 -1.47929e-14)
(0.114779 9.84467 1.36906e-14)
(0.108522 9.89123 -1.26612e-14)
(0.100102 9.93293 0)
(0.0899794 9.96959 -1.08141e-14)
(0.0786076 10.0011 0)
(0.0664157 10.0274 -9.21166e-15)
(0.0537721 10.0487 0)
(0.0409603 10.0648 -4.07156e-21)
(0.0283842 10.0761 -8.01301e-15)
(0.0164997 10.0827 0)
(0.00557936 10.085 0)
(-0.00415153 10.0834 0)
(-0.0124921 10.0782 0)
(-0.0192503 10.0697 0)
(-0.0241213 10.0585 3.21654e-15)
(-0.0267939 10.0452 1.54886e-15)
(-0.0268777 10.0299 0)
(-0.0212467 10.0129 0)
(-0.00834343 10.0023 0)
(-0.0910219 8.95186 0)
(-0.166472 8.8093 1.13012e-15)
(-0.283882 8.60097 0)
(-0.417811 8.34683 2.24934e-14)
(-0.600966 8.07013 -2.3028e-14)
(-0.852119 7.77111 0)
(-1.17445 7.46154 0)
(-1.56702 7.15987 -8.97208e-14)
(-2.04149 6.8863 4.61814e-14)
(-0.027486 9.06635 0)
(0.0243304 9.17768 0)
(0.0636784 9.28423 0)
(0.0893438 9.38509 0)
(0.116479 9.46844 0)
(0.127388 9.53846 0)
(0.135543 9.60612 0)
(0.140142 9.67089 0)
(0.140847 9.73218 1.55774e-14)
(0.138012 9.78947 0)
(0.132122 9.8423 2.66841e-14)
(0.123654 9.8903 0)
(0.113085 9.93323 1.13994e-14)
(0.100902 9.97087 1.05275e-14)
(0.0875878 10.0032 -9.71333e-15)
(0.0735387 10.0301 0)
(0.0590686 10.0516 1.75187e-14)
(0.0446218 10.0679 8.4552e-15)
(0.0307192 10.0791 -8.1595e-15)
(0.017778 10.0856 0)
(0.00603992 10.0877 0)
(-0.00430882 10.0858 0)
(-0.0131059 10.0804 3.52666e-15)
(-0.0201846 10.0716 -1.37789e-21)
(-0.0252591 10.0601 0)
(-0.0280308 10.0465 0)
(-0.0278612 10.0307 0)
(-0.0219026 10.0132 0)
(-0.00868255 10.0024 0)
(-0.0307777 8.94842 0)
(-0.104116 8.80291 -1.15057e-15)
(-0.194821 8.61968 -4.85548e-15)
(-0.327091 8.39168 0)
(-0.481141 8.1177 -2.36204e-14)
(-0.696491 7.81838 0)
(-0.98204 7.50058 0)
(-1.335 7.18116 0)
(-1.76718 6.87783 -2.77823e-19)
(-2.28755 6.61752 -9.79827e-14)
(0.0273882 9.06635 0)
(0.0720483 9.1804 0)
(0.101546 9.2889 0)
(0.133065 9.37822 -2.22513e-14)
(0.146569 9.45296 0)
(0.157121 9.5258 0)
(0.163756 9.59618 1.76891e-14)
(0.166025 9.66343 -1.63958e-14)
(0.164269 9.72694 0)
(0.158974 9.78619 -2.81083e-14)
(0.150639 9.84071 0)
(0.139766 9.89016 0)
(0.126871 9.93427 -1.10979e-14)
(0.112469 9.97288 1.02433e-14)
(0.0969973 10.0059 0)
(0.0807774 10.0332 8.16047e-21)
(0.0643163 10.0549 -8.91957e-15)
(0.0482329 10.0712 8.60978e-15)
(0.033011 10.0823 8.30662e-15)
(0.0190242 10.0886 8.01275e-15)
(0.00647931 10.0905 -3.86347e-15)
(-0.00447706 10.0884 -3.72366e-15)
(-0.0137222 10.0826 -3.58742e-15)
(-0.0211193 10.0736 3.4552e-15)
(-0.0263888 10.0618 0)
(-0.0289916 10.0476 0)
(-0.0287171 10.0313 0)
(-0.0226522 10.0135 0)
(-0.00907251 10.0024 0)
(0.0306726 8.94842 0)
(-0.0352345 8.79964 5.79153e-16)
(-0.121249 8.61561 6.12375e-16)
(-0.226455 8.41498 5.19116e-15)
(-0.374747 8.16804 0)
(-0.55582 7.87161 0)
(-0.80445 7.55023 0)
(-1.11864 7.21851 0)
(-1.50774 6.89196 2.38739e-14)
(-1.9851 6.59407 4.96692e-14)
(-2.55267 6.35636 5.23079e-14)
(0.0811407 9.06944 0)
(0.114861 9.18574 0)
(0.151172 9.28089 2.33521e-14)
(0.167647 9.36014 0)
(0.180966 9.438 0)
(0.189994 9.51389 -1.8601e-14)
(0.19416 9.58707 0)
(0.193784 9.65685 0)
(0.189359 9.72261 1.47982e-14)
(0.18138 9.78382 0)
(0.170377 9.84004 2.53172e-14)
(0.156892 9.8909 2.33893e-14)
(0.141485 9.93617 0)
(0.1246 9.97567 0)
(0.106567 10.0093 -1.94876e-14)
(0.0879543 10.0368 0)
(0.0694978 10.0586 0)
(0.0517823 10.0747 -8.76512e-15)
(0.0352509 10.0856 -1.69115e-14)
(0.0202319 10.0917 4.07761e-15)
(0.00689279 10.0933 0)
(-0.00465893 10.0909 0)
(-0.0143436 10.0849 -3.64876e-15)
(-0.0220404 10.0757 0)
(-0.0272744 10.0632 0)
(-0.0298527 10.0484 0)
(-0.0296766 10.0319 0)
(-0.0235075 10.0139 0)
(-0.00952315 10.0025 0)
(0.0909129 8.95186 0)
(0.0351211 8.79964 -5.79153e-16)
(-0.041008 8.61351 -1.22757e-15)
(-0.140276 8.41375 0)
(-0.261353 8.19655 0)
(-0.430148 7.92864 0)
(-0.642396 7.60805 0)
(-0.918413 7.26912 0)
(-1.26476 6.92575 -2.43095e-14)
(-1.69656 6.59728 -2.51711e-14)
(-2.22266 6.31374 0)
(-2.836 6.10787 5.61095e-14)
(0.129367 9.07549 0)
(0.170869 9.17647 0)
(0.190734 9.25995 0)
(0.20722 9.34264 0)
(0.219031 9.42391 -1.95469e-14)
(0.225463 9.50295 1.81379e-14)
(0.226808 9.57899 0)
(0.223556 9.65134 0)
(0.216206 9.71937 0)
(0.205289 9.78254 -2.66668e-14)
(0.191378 9.84042 -2.46455e-14)
(0.175064 9.89267 2.27575e-14)
(0.156822 9.93902 0)
(0.136947 9.97924 1.02738e-14)
(0.116068 10.0132 0)
(0.0950493 10.0408 0)
(0.0745982 10.0625 -9.24656e-15)
(0.0552601 10.0785 8.92179e-15)
(0.037432 10.0892 0)
(0.0213944 10.0949 0)
(0.00727768 10.0963 3.99931e-15)
(-0.00485241 10.0936 -3.85301e-15)
(-0.0149425 10.0873 3.6551e-15)
(-0.022795 10.0773 0)
(-0.0281129 10.0641 0)
(-0.0308107 10.0493 0)
(-0.0307531 10.0327 0)
(-0.0244905 10.0144 0)
(-0.0100472 10.0026 0)
(0.145069 8.95857 0)
(0.103997 8.80291 -1.15057e-15)
(0.0408808 8.61351 1.22757e-15)
(-0.0473912 8.41309 1.29675e-15)
(-0.161097 8.19876 6.86885e-16)
(-0.301915 7.96405 1.16823e-14)
(-0.495634 7.67147 2.5786e-14)
(-0.734863 7.33022 0)
(-1.03931 6.97606 0)
(-1.42448 6.62438 2.55156e-14)
(-1.90432 6.30171 -2.67802e-14)
(-2.48053 6.04201 5.67778e-14)
(-3.13509 5.87686 -6.04029e-14)
(0.192286 9.06487 2.56418e-14)
(0.215942 9.1524 0)
(0.236035 9.23968 0)
(0.25105 9.32615 2.0526e-14)
(0.260152 9.41093 -3.81181e-14)
(0.2636 9.49319 -1.76796e-14)
(0.261867 9.57215 -3.27678e-14)
(0.25545 9.6471 0)
(0.244885 9.7174 0)
(0.230753 9.78252 0)
(0.213678 9.84203 -4.7955e-14)
(0.194157 9.89558 0)
(0.172448 9.94282 0)
(0.14922 9.98349 0)
(0.125469 10.0176 0)
(0.10204 10.0452 9.75217e-15)
(0.0796029 10.0667 0)
(0.0586549 10.0824 9.0799e-15)
(0.0395456 10.0928 0)
(0.022509 10.0983 -8.44227e-15)
(0.00764165 10.0993 4.06802e-15)
(-0.00501161 10.0963 -3.8599e-15)
(-0.0155006 10.0892 0)
(-0.0235747 10.0785 0)
(-0.0290391 10.0653 0)
(-0.0318871 10.0503 0)
(-0.0319682 10.0336 0)
(-0.025627 10.015 0)
(-0.0106608 10.0028 0)
(0.215344 8.94647 -2.6917e-14)
(0.166273 8.80929 1.13054e-15)
(0.121115 8.6156 6.12376e-16)
(0.0472492 8.41309 8.47929e-21)
(-0.0543469 8.1998 -2.05044e-15)
(-0.184997 7.97086 -7.22219e-16)
(-0.350576 7.71413 -1.21336e-14)
(-0.567057 7.39885 1.58437e-19)
(-0.832205 7.03966 -2.53532e-14)
(-1.17093 6.6721 0)
(-1.60126 6.31816 -2.70649e-14)
(-2.13305 6.01003 2.86785e-14)
(-2.75786 5.78427 -6.11285e-14)
(-3.44608 5.6673 0)
(0.243442 9.03745 0)
(0.267567 9.1291 0)
(0.286248 9.22055 0)
(0.298459 9.31094 4.00229e-14)
(0.304427 9.39934 1.85763e-14)
(0.304604 9.4849 3.44509e-14)
(0.299468 9.56682 0)
(0.289556 9.64437 0)
(0.275459 9.71692 2.73286e-14)
(0.257819 9.78395 2.52534e-14)
(0.237135 9.84501 0)
(0.213626 9.89965 0)
(0.18799 9.94747 0)
(0.16137 9.9884 0)
(0.134738 10.0225 1.02854e-14)
(0.108906 10.05 0)
(0.0844957 10.0712 5.73052e-21)
(0.0619538 10.0866 0)
(0.0415856 10.0966 4.45435e-15)
(0.0235922 10.1017 0)
(0.00805805 10.1023 0)
(-0.00531157 10.0984 0)
(-0.0161737 10.0906 0)
(-0.0244274 10.0798 0)
(-0.030077 10.0666 0)
(-0.0331085 10.0516 0)
(-0.0333475 10.0347 0)
(-0.0269483 10.0157 0)
(-0.0113845 10.003 0)
(0.273152 8.91543 2.60706e-14)
(0.245233 8.79452 2.0432e-14)
(0.194606 8.61967 4.85736e-15)
(0.140126 8.41375 0)
(0.0541915 8.19979 -4.78439e-15)
(-0.0622766 7.97413 7.1693e-16)
(-0.213746 7.72642 3.74701e-16)
(-0.403969 7.4476 -7.74694e-16)
(-0.642233 7.11308 1.7096e-19)
(-0.937418 6.73682 2.63004e-14)
(-1.31681 6.36003 0)
(-1.79808 6.01101 2.89285e-14)
(-2.38361 5.72757 -3.08648e-14)
(-3.05214 5.54571 0)
(-3.76393 5.48192 -1.41323e-13)
(0.302021 9.01089 0)
(0.324823 9.10713 0)
(0.340629 9.20293 -2.09921e-14)
(0.349575 9.29737 0)
(0.352091 9.38948 0)
(0.348631 9.47839 0)
(0.339719 9.56328 0)
(0.32595 9.64342 -5.75177e-14)
(0.307985 9.71819 0)
(0.286313 9.78704 2.48479e-14)
(0.261073 9.84941 0)
(0.233004 9.90478 0)
(0.203392 9.95295 0)
(0.173363 9.99393 -1.08428e-14)
(0.143853 10.0279 0)
(0.115629 10.0551 -1.01033e-14)
(0.0892598 10.0759 0)
(0.0651508 10.0909 -9.39981e-15)
(0.043583 10.1005 0)
(0.0247531 10.1052 0)
(0.00808571 10.1049 0)
(-0.00583918 10.1001 0)
(-0.0169002 10.0922 0)
(-0.0253837 10.0814 0)
(-0.0312548 10.0682 0)
(-0.0344978 10.053 0)
(-0.034918 10.036 0)
(-0.0284935 10.0165 0)
(-0.0122455 10.0032 0)
(0.339311 8.88535 0)
(0.311887 8.75921 -1.98952e-14)
(0.284301 8.60066 -2.17116e-14)
(0.226227 8.41497 -5.1933e-15)
(0.160934 8.19875 6.182e-15)
(0.0621133 7.97413 3.58464e-15)
(-0.0718005 7.73252 -3.71722e-16)
(-0.245995 7.46512 1.14859e-15)
(-0.459103 7.16751 3.96639e-16)
(-0.722959 6.81441 -2.70323e-14)
(-1.05367 6.42353 0)
(-1.48034 6.04278 2.91511e-14)
(-2.0173 5.70757 0)
(-2.65537 5.46014 6.67129e-14)
(-3.35933 5.33071 0)
(-4.08284 5.32182 1.53609e-13)
(0.367019 8.98586 2.36219e-14)
(0.38691 9.08692 0)
(0.399344 9.18722 0)
(0.40467 9.28581 -3.79956e-14)
(0.403324 9.3817 0)
(0.395806 9.47399 0)
(0.382708 9.56185 3.02482e-14)
(0.3647 9.64455 0)
(0.342254 9.72144 -2.61573e-14)
(0.315411 9.79185 0)
(0.284917 9.85511 0)
(0.252222 9.91093 0)
(0.218607 9.9592 0)
(0.185166 10 0)
(0.152789 10.0337 0)
(0.122185 10.0605 0)
(0.0938876 10.0809 9.91657e-15)
(0.0682919 10.0954 0)
(0.0456946 10.1045 0)
(0.0251922 10.1081 0)
(0.00774122 10.1069 0)
(-0.00639583 10.1021 0)
(-0.01772 10.0941 0)
(-0.0264734 10.0833 0)
(-0.0325971 10.0699 0)
(-0.0360819 10.0548 0)
(-0.0367124 10.0376 0)
(-0.0303129 10.0175 0)
(-0.0132809 10.0034 0)
(0.412786 8.85704 -2.47732e-14)
(0.387791 8.72512 0)
(0.362821 8.56037 2.11335e-14)
(0.327572 8.39133 -2.29479e-14)
(0.261121 8.19654 0)
(0.184829 7.97084 -6.49995e-15)
(0.0716344 7.73251 -3.71721e-16)
(-0.0825716 7.47399 -3.79986e-16)
(-0.279626 7.19001 1.21313e-14)
(-0.517142 6.87463 0)
(-0.811631 6.50392 0)
(-1.1842 6.10181 2.93646e-14)
(-1.66483 5.72376 -3.12809e-14)
(-2.26026 5.41343 3.3599e-14)
(-2.94596 5.21351 -3.61909e-14)
(-3.67404 5.1423 0)
(-4.39642 5.18636 -8.38183e-14)
(0.437594 8.96289 0)
(0.454035 9.06895 0)
(0.462702 9.1739 3.98465e-14)
(0.463952 9.27673 3.69985e-14)
(0.45827 9.37645 0)
(0.446234 9.47211 0)
(0.428514 9.5629 0)
(0.405554 9.64806 0)
(0.377272 9.72678 -2.66517e-14)
(0.344411 9.79826 0)
(0.308577 9.86207 0)
(0.271217 9.91805 0)
(0.233591 9.9662 0)
(0.196746 10.0067 0)
(0.161512 10.0399 0)
(0.128563 10.0662 1.04576e-14)
(0.0984437 10.086 0)
(0.0715992 10.1 0)
(0.0466448 10.108 0)
(0.0250747 10.1106 0)
(0.00739683 10.1092 0)
(-0.00703427 10.1043 0)
(-0.0186635 10.0963 0)
(-0.0277212 10.0854 0)
(-0.0341295 10.072 0)
(-0.0378929 10.0568 0)
(-0.0387541 10.0395 0)
(-0.0324695 10.0187 0)
(-0.0145421 10.0038 0)
(0.492705 8.83114 0)
(0.472193 8.69322 0)
(0.451601 8.52184 0)
(0.419478 8.34596 -2.2327e-14)
(0.375308 8.16763 -1.64379e-19)
(0.301693 7.96402 -1.16879e-14)
(0.213577 7.72639 3.747e-16)
(0.0824037 7.47397 -3.79985e-16)
(-0.0938671 7.20134 3.10644e-15)
(-0.314795 6.90242 -1.33306e-14)
(-0.580236 6.56975 2.75371e-14)
(-0.910868 6.18294 0)
(-1.33253 5.77373 2.50772e-19)
(-1.87327 5.40743 0)
(-2.52685 5.13494 1.87473e-19)
(-3.25123 4.99269 7.88552e-14)
(-3.98978 4.98169 8.51966e-14)
(-4.69782 5.07284 9.19283e-14)
(0.514005 8.94256 0)
(0.526554 9.05379 0)
(0.530944 9.1635 -7.75903e-14)
(0.527587 9.27064 0)
(0.517051 9.37419 0)
(0.500002 9.4732 -3.09232e-14)
(0.476836 9.56681 0)
(0.447322 9.65408 5.60785e-14)
(0.412186 9.73407 -2.71291e-14)
(0.3732 9.80621 0)
(0.331972 9.87024 -1.26824e-14)
(0.289934 9.92609 0)
(0.248302 9.97389 0)
(0.208055 10.0139 0)
(0.170005 10.0465 -1.10272e-14)
(0.13485 10.0721 0)
(0.10324 10.0914 0)
(0.0731788 10.1041 0)
(0.0468029 10.1109 0)
(0.0249928 10.1133 0)
(0.00698308 10.1119 0)
(-0.0077853 10.1069 0)
(-0.0197556 10.0988 0)
(-0.0291529 10.0879 0)
(-0.0358829 10.0745 0)
(-0.0399743 10.0593 0)
(-0.041121 10.0418 0)
(-0.0350442 10.0202 0)
(-0.0161036 10.0042 0)
(0.579367 8.80836 0)
(0.564116 8.66432 0)
(0.550127 8.48626 0)
(0.522948 8.30304 0)
(0.483099 8.11672 0)
(0.43081 7.92816 2.51099e-14)
(0.350368 7.71409 1.21402e-14)
(0.245824 7.46509 1.14858e-15)
(0.0936988 7.20133 -3.10643e-15)
(-0.105664 6.91621 -9.20942e-15)
(-0.352743 6.60319 1.34831e-14)
(-0.650429 6.25376 2.32594e-19)
(-1.02369 5.85245 -3.18144e-14)
(-1.50243 5.44208 -6.76701e-14)
(-2.10783 5.09961 0)
(-2.81508 4.87873 -3.97499e-14)
(-3.56526 4.80127 1.72661e-19)
(-4.29925 4.84777 -9.36209e-14)
(-4.97895 4.9763 0)
(0.596659 8.92555 0)
(0.604737 9.04211 -1.69856e-19)
(0.604254 9.15665 0)
(0.595706 9.26812 3.50426e-14)
(0.579757 9.37546 3.2476e-14)
(0.556744 9.4777 0)
(0.526255 9.57375 -2.94817e-14)
(0.488977 9.66249 -7.70553e-20)
(0.446855 9.74325 0)
(0.401673 9.81565 -2.8561e-20)
(0.355032 9.87955 0)
(0.308316 9.93501 -1.24697e-14)
(0.262675 9.98223 0)
(0.219076 10.0215 0)
(0.178383 10.0534 -1.12158e-14)
(0.141474 10.0784 0)
(0.105588 10.0962 0)
(0.0736649 10.1077 0)
(0.0470408 10.1143 0)
(0.0248549 10.1165 0)
(0.00646865 10.1149 0)
(-0.00867405 10.1098 0)
(-0.0210223 10.1017 0)
(-0.0307995 10.0908 0)
(-0.0378963 10.0774 0)
(-0.042347 10.0623 0)
(-0.0438642 10.0446 0)
(-0.038142 10.0221 0)
(-0.0180754 10.0048 0)
(0.673206 8.7895 0)
(0.663823 8.63928 0)
(0.657474 8.45462 3.97163e-14)
(0.637744 8.26392 0)
(0.604289 8.0688 0)
(0.558133 7.87048 -2.4263e-14)
(0.496405 7.6709 0)
(0.403765 7.44755 -7.75179e-16)
(0.279455 7.18998 -1.29139e-14)
(0.105498 6.9162 -2.80289e-15)
(-0.118363 6.61958 1.33451e-14)
(-0.394715 6.29296 -1.44033e-14)
(-0.729923 5.92696 -3.09307e-14)
(-1.15368 5.5136 3.41289e-14)
(-1.69773 5.11093 7.32803e-14)
(-2.36938 4.80731 0)
(-3.12079 4.65078 0)
(-3.88061 4.64063 -4.75082e-14)
(-4.59387 4.73683 0)
(-5.22939 4.88881 -1.1283e-13)
(0.685847 8.91266 4.24817e-14)
(0.688784 9.03463 3.95348e-14)
(0.682768 9.15405 -3.67318e-14)
(0.6684 9.26981 0)
(0.645951 9.38082 0)
(0.614787 9.48583 0)
(0.575545 9.58356 2.99995e-14)
(0.530343 9.67319 0)
(0.481147 9.75425 -3.27929e-20)
(0.429741 9.82651 0)
(0.377683 9.88995 1.31313e-14)
(0.326285 9.94474 0)
(0.276687 9.99117 0)
(0.229952 10.0296 1.18202e-14)
(0.187225 10.0607 -1.1237e-14)
(0.144751 10.0841 0)
(0.106459 10.1006 0)
(0.0742853 10.1117 0)
(0.0472371 10.1181 0)
(0.0246292 10.1201 0)
(0.00582763 10.1184 0)
(-0.00972761 10.1133 0)
(-0.0224956 10.1051 0)
(-0.0326989 10.0942 0)
(-0.0402125 10.0809 0)
(-0.0450875 10.0659 0)
(-0.0470485 10.048 0)
(-0.0418924 10.0246 0)
(-0.0206284 10.0055 0)
(0.774535 8.77552 4.44839e-14)
(0.77177 8.61913 0)
(0.773973 8.42802 0)
(0.763153 8.22974 2.73593e-19)
(0.738849 8.02549 2.23245e-14)
(0.700395 7.8169 0)
(0.64508 7.6068 2.45594e-14)
(0.567934 7.39823 0)
(0.458898 7.16746 3.96914e-16)
(0.314625 6.90239 1.25225e-14)
(0.118201 6.61957 1.3345e-14)
(-0.132388 6.31199 2.19025e-16)
(-0.441986 5.97166 0)
(-0.82137 5.58932 0)
(-1.30503 5.16823 0)
(-1.92195 4.78606 2.78504e-19)
(-2.65678 4.53833 4.37606e-14)
(-3.43741 4.45569 -4.80379e-14)
(-4.18849 4.50901 -5.2665e-14)
(-4.86218 4.64173 1.15364e-13)
(-5.43412 4.79737 1.86649e-19)
(0.781777 8.90476 -4.13249e-14)
(0.778833 9.0322 0)
(0.766576 9.15647 0)
(0.745144 9.27638 0)
(0.713656 9.39053 0)
(0.672671 9.49743 0)
(0.624485 9.59616 0)
(0.571252 9.68611 1.47723e-14)
(0.514946 9.76698 1.42917e-14)
(0.457311 9.8387 0)
(0.399829 9.90136 0)
(0.343804 9.95522 0)
(0.290518 10.0007 0)
(0.241454 10.0381 1.18417e-14)
(0.191608 10.0675 0)
(0.146063 10.0894 0)
(0.107531 10.1055 0)
(0.0748796 10.1163 0)
(0.0473596 10.1224 0)
(0.0242886 10.1243 0)
(0.00503067 10.1224 0)
(-0.0109804 10.1172 0)
(-0.0242151 10.1091 0)
(-0.0348975 10.0983 0)
(-0.0428911 10.0851 0)
(-0.0482603 10.0703 0)
(-0.050774 10.0524 0)
(-0.0464287 10.028 0)
(-0.0239904 10.0066 0)
(0.883546 8.76749 0)
(0.888283 8.60503 -7.0275e-14)
(0.900175 8.4077 0)
(0.899645 8.20179 0)
(0.886142 7.98835 2.66838e-19)
(0.857428 7.76955 -2.28452e-14)
(0.808939 7.54863 0)
(0.737921 7.32888 0)
(0.643235 7.11242 0)
(0.516938 6.87458 0)
(0.352577 6.60316 -1.34829e-14)
(0.132231 6.31198 -6.78803e-15)
(-0.148186 5.99316 6.14827e-20)
(-0.496077 5.63864 0)
(-0.928141 5.24076 3.55102e-14)
(-1.48264 4.81943 0)
(-2.17766 4.47515 2.70275e-19)
(-2.96616 4.30054 -4.83129e-14)
(-3.7563 4.29507 1.06772e-13)
(-4.47685 4.4009 0)
(-5.08801 4.54998 -1.47795e-19)
(-5.55946 4.68087 1.45513e-13)
(0.884573 8.90287 0)
(0.874953 9.03576 0)
(0.855039 9.1647 0)
(0.823618 9.28814 0)
(0.781154 9.40439 0)
(0.73012 9.51239 3.20519e-14)
(0.672865 9.61144 0)
(0.61156 9.70114 -1.50255e-14)
(0.548139 9.78135 0)
(0.484264 9.85214 0)
(0.421413 9.91371 0)
(0.361088 9.9664 -1.31196e-14)
(0.305177 10.0107 0)
(0.247146 10.0464 0)
(0.19342 10.074 0)
(0.147659 10.0954 0)
(0.108593 10.1111 0)
(0.0754146 10.1216 0)
(0.0473792 10.1274 0)
(0.0238003 10.129 0)
(0.00403946 10.127 0)
(-0.0124757 10.1218 0)
(-0.0262297 10.1138 0)
(-0.0374509 10.1031 0)
(-0.0460025 10.0902 0)
(-0.0519509 10.0758 0)
(-0.0551663 10.058 0)
(-0.0520572 10.0325 0)
(-0.0282802 10.0081 0)
(1.00034 8.76661 0)
(1.01355 8.59829 0)
(1.03647 8.39501 3.716e-14)
(1.04781 8.18156 0)
(1.0464 7.9592 0)
(1.02828 7.73053 -8.85502e-14)
(0.988089 7.49897 0)
(0.9235 7.26745 0)
(0.83568 7.03825 0)
(0.724109 6.81372 0)
(0.580034 6.56971 -2.75572e-14)
(0.394556 6.29294 1.39599e-14)
(0.148035 5.99316 7.40499e-15)
(-0.166282 5.66214 -1.57295e-14)
(-0.558943 5.29279 -1.70739e-14)
(-1.0546 4.88152 -3.83186e-14)
(-1.69181 4.4723 0)
(-2.46551 4.18764 -4.82984e-14)
(-3.2904 4.1002 -5.38084e-14)
(-4.06553 4.16653 -1.19713e-13)
(-4.7279 4.30515 -6.65263e-14)
(-5.23853 4.44018 -1.49207e-13)
(-5.49988 4.48476 0)
(0.994273 8.90808 0)
(0.976371 9.04624 0)
(0.945448 9.17911 0)
(0.901802 9.30487 -3.46615e-14)
(0.848098 9.42228 1.00633e-19)
(0.786873 9.53058 3.25905e-14)
(0.720504 9.62927 0)
(0.651122 9.71816 0)
(0.580573 9.79726 0)
(0.510518 9.86674 0)
(0.442693 9.92693 1.38103e-14)
(0.379449 9.97823 0)
(0.312398 10.0205 0)
(0.249508 10.0541 0)
(0.195614 10.0812 0)
(0.149262 10.1022 0)
(0.10961 10.1174 0)
(0.0758589 10.1276 0)
(0.0472585 10.1331 0)
(0.0231203 10.1345 0)
(0.00280519 10.1324 0)
(-0.0142671 10.1273 0)
(-0.0285982 10.1194 0)
(-0.0404282 10.1089 0)
(-0.0496337 10.0964 0)
(-0.0562781 10.0825 0)
(-0.0602085 10.0652 0)
(-0.0587743 10.0383 0)
(-0.0336069 10.01 0)
(1.12489 8.77419 0)
(1.14766 8.60033 0)
(1.18306 8.39146 0)
(1.20787 8.17079 -3.88326e-14)
(1.21964 7.94006 0)
(1.21263 7.70209 0)
(1.1817 7.46023 4.47148e-14)
(1.12547 7.21691 0)
(1.04507 6.97436 0)
(0.941364 6.73535 -2.61596e-14)
(0.812955 6.50319 0)
(0.650229 6.25372 -2.32748e-19)
(0.441833 5.97165 0)
(0.166135 5.66214 -1.57295e-14)
(-0.187351 5.31734 8.38883e-15)
(-0.633196 4.93259 1.83263e-14)
(-1.20639 4.51267 0)
(-1.93785 4.13461 -4.81789e-14)
(-2.7829 3.93426 -5.38446e-14)
(-3.61892 3.93983 -8.60763e-20)
(-4.34599 4.06127 1.35748e-13)
(-4.90914 4.2005 7.64296e-14)
(-5.21225 4.26161 0)
(-4.83285 3.66286 -1.97983e-13)
(1.10993 8.92151 0)
(1.07993 9.06403 3.733e-14)
(1.03544 9.19941 3.62788e-14)
(0.979267 9.32639 -3.52276e-14)
(0.914166 9.44404 -3.41753e-14)
(0.842704 9.55184 -1.6565e-14)
(0.767223 9.64952 0)
(0.689754 9.73706 0)
(0.612141 9.81459 -1.50275e-14)
(0.53637 9.88242 -1.45289e-14)
(0.465347 9.94095 0)
(0.388439 9.98996 0)
(0.315352 10.0299 0)
(0.252369 10.0629 0)
(0.197831 10.0895 0)
(0.150834 10.1098 0)
(0.110548 10.1247 0)
(0.0761686 10.1344 0)
(0.0469458 10.1396 0)
(0.0221919 10.1409 0)
(0.00126667 10.1387 0)
(-0.0164209 10.1336 0)
(-0.0313931 10.126 0)
(-0.043914 10.116 0)
(-0.0538968 10.104 0)
(-0.0613026 10.0911 0)
(-0.065775 10.0739 0)
(-0.0658656 10.0455 0)
(-0.0402369 10.0126 0)
(1.25607 8.79152 0)
(1.29057 8.61266 0)
(1.33999 8.39868 3.54398e-14)
(1.37971 8.1714 0)
(1.40539 7.9331 3.98413e-14)
(1.41001 7.68656 0)
(1.38934 7.4348 0)
(1.34316 7.17996 0)
(1.27246 6.92421 2.42322e-14)
(1.17744 6.67042 0)
(1.05815 6.42205 5.50065e-14)
(0.912393 6.18218 2.96283e-14)
(0.729726 5.92694 3.09522e-14)
(0.495931 5.63863 0)
(0.18721 5.31734 -8.38897e-15)
(-0.212311 4.95649 -8.98453e-15)
(-0.722449 4.55611 1.54401e-16)
(-1.39072 4.13697 1.77489e-16)
(-2.22501 3.81748 5.36463e-14)
(-3.12289 3.72472 -1.63064e-19)
(-3.93318 3.81607 6.89973e-14)
(-4.56375 3.96004 -5.24491e-20)
(-4.92324 4.03926 0)
(-4.61608 3.49812 -2.03464e-13)
(1.22789 8.94357 -3.89438e-14)
(1.18288 9.08878 0)
(1.12449 9.2254 -3.685e-14)
(1.05562 9.35251 -3.57879e-14)
(0.979078 9.46948 1.7363e-14)
(0.897395 9.576 0)
(0.812797 9.67203 1.631e-14)
(0.727311 9.75769 -3.03701e-20)
(0.643172 9.83324 1.52736e-14)
(0.563949 9.8991 0)
(0.476359 9.95497 0)
(0.392009 10.0013 0)
(0.318942 10.0405 0)
(0.255271 10.0729 0)
(0.200028 10.0988 0)
(0.152335 10.1186 0)
(0.111353 10.1329 0)
(0.0762819 10.1422 0)
(0.0463739 10.1471 0)
(0.0209434 10.1482 0)
(-0.000652736 10.1461 0)
(-0.0190188 10.1412 0)
(-0.0347032 10.134 0)
(-0.0480124 10.1247 0)
(-0.0588828 10.1136 0)
(-0.0668514 10.1013 0)
(-0.0720354 10.0844 0)
(-0.0736623 10.055 0)
(-0.0483024 10.0162 0)
(1.38967 8.81905 0)
(1.44096 8.63668 0)
(1.50706 8.41846 0)
(1.5628 8.18548 1.57028e-19)
(1.60284 7.9405 0)
(1.61972 7.68621 0)
(1.61049 7.42511 0)
(1.57596 7.15931 0)
(1.5169 6.89096 0)
(1.43316 6.62299 -5.08785e-14)
(1.32416 6.35844 0)
(1.18929 6.10036 -2.92043e-14)
(1.02545 5.85167 -3.15623e-14)
(0.821176 5.5893 0)
(0.558804 5.29279 1.70739e-14)
(0.212171 4.95649 8.98436e-15)
(-0.242416 4.57647 -1.51105e-16)
(-0.831862 4.16112 4.25396e-14)
(-1.61652 3.76002 0)
(-2.55462 3.53581 1.21108e-13)
(-3.47131 3.56524 6.96293e-14)
(-4.19721 3.71426 -7.9827e-14)
(-4.62603 3.81704 -9.16789e-14)
(-4.4043 3.33664 0)
(1.34495 8.9738 0)
(1.28458 9.12024 3.84696e-14)
(1.21212 9.25683 -1.00181e-19)
(1.13052 9.383 0)
(1.04257 9.49838 1.76383e-14)
(0.950673 9.60288 -1.71042e-14)
(0.857035 9.69664 1.65706e-14)
(0.764149 9.77991 0)
(0.676341 9.8531 1.52898e-14)
(0.577249 9.91584 0)
(0.480545 9.96856 0)
(0.396377 10.0141 0)
(0.322591 10.0525 0)
(0.258158 10.0841 0)
(0.202158 10.1093 0)
(0.153702 10.1285 0)
(0.111953 10.1423 0)
(0.0761182 10.1512 0)
(0.0454571 10.1558 0)
(0.0192842 10.1568 0)
(-0.00304852 10.1547 0)
(-0.022162 10.1502 0)
(-0.0386374 10.1437 0)
(-0.052813 10.1354 0)
(-0.0644173 10.1251 0)
(-0.0728502 10.1133 0)
(-0.0788162 10.0973 0)
(-0.0826048 10.0672 0)
(-0.058915 10.0207 0)
(1.52206 8.85615 4.11855e-14)
(1.59397 8.67269 0)
(1.68239 8.45243 0)
(1.75619 8.21512 0)
(1.81088 7.96445 1.33582e-19)
(1.84072 7.70322 0)
(1.84427 7.43355 4.14505e-14)
(1.82289 7.15757 0)
(1.77716 6.87762 -4.69269e-14)
(1.7068 6.5966 0)
(1.61099 6.31706 -1.8943e-19)
(1.48862 6.0414 0)
(1.3383 5.77238 0)
(1.1557 5.51284 -3.38496e-14)
(0.92795 5.24075 -3.55323e-14)
(0.633061 4.93258 -3.66526e-14)
(0.24227 4.57646 -1.51106e-16)
(-0.279432 4.17308 1.0615e-14)
(-0.969053 3.74522 4.78309e-19)
(-1.89419 3.39241 0)
(-2.92229 3.30707 -6.9595e-14)
(-3.79481 3.45213 8.1124e-14)
(-4.319 3.59048 9.39155e-14)
(-4.1934 3.17507 0)
(1.46035 9.01189 4.00599e-14)
(1.38444 9.15809 -9.74415e-20)
(1.2979 9.29342 0)
(1.20364 9.4176 -3.6901e-14)
(1.10431 9.53051 1.79117e-14)
(1.00229 9.63227 0)
(0.900314 9.72316 0)
(0.803591 9.8036 -1.60531e-14)
(0.6922 9.87306 0)
(0.582019 9.93204 0)
(0.485716 9.98386 0)
(0.400818 10.0285 0)
(0.326221 10.066 0)
(0.260975 10.0968 0)
(0.204146 10.1212 0)
(0.154845 10.1398 0)
(0.112247 10.153 0)
(0.0755737 10.1615 0)
(0.0440866 10.1659 0)
(0.0171007 10.1668 0)
(-0.00603906 10.165 0)
(-0.025975 10.1611 0)
(-0.0432901 10.1556 0)
(-0.0581531 10.1481 0)
(-0.0702952 10.1383 0)
(-0.0792324 10.1274 0)
(-0.0860523 10.1128 0)
(-0.092145 10.082 0)
(-0.0723331 10.0259 0)
(1.65237 8.9024 9.6071e-20)
(1.74542 8.71978 -3.36606e-14)
(1.85998 8.50078 -3.45616e-14)
(1.95714 8.26201 0)
(2.02819 8.00708 0)
(2.07181 7.73973 -3.83303e-14)
(2.08942 7.4624 0)
(2.08249 7.17723 2.00785e-19)
(2.05152 6.88697 0)
(1.99617 6.59436 9.93137e-14)
(1.9157 6.30153 0)
(1.80891 6.01036 2.88419e-14)
(1.67411 5.72273 0)
(1.50895 5.44095 3.36367e-14)
(1.30737 5.16751 3.65218e-14)
(1.05441 4.88151 3.83406e-14)
(0.722312 4.5561 1.99177e-14)
(0.279269 4.17307 1.632e-16)
(-0.325933 3.74055 0)
(-1.14569 3.30639 -5.18357e-14)
(-2.23345 3.05362 -1.28041e-13)
(-3.30775 3.14823 9.1532e-20)
(-4.00141 3.3533 -1.92028e-13)
(-3.98077 3.01515 0)
(1.57342 9.05746 8.11941e-14)
(1.48198 9.20197 0)
(1.38145 9.33483 1.92607e-14)
(1.2746 9.45601 -1.8725e-14)
(1.164 9.56562 1.81811e-14)
(1.05263 9.66394 -1.76366e-14)
(0.946717 9.75144 0)
(0.822274 9.82735 0)
(0.697477 9.89229 0)
(0.587988 9.95027 0)
(0.490972 10.0011 0)
(0.405226 10.0447 0)
(0.329768 10.0813 0)
(0.26363 10.1112 0)
(0.205878 10.1348 0)
(0.155642 10.1526 0)
(0.112111 10.1653 0)
(0.0745161 10.1733 0)
(0.0421247 10.1775 0)
(0.014251 10.1786 0)
(-0.00977075 10.1773 0)
(-0.0305698 10.1743 0)
(-0.0485113 10.1696 0)
(-0.0638097 10.1625 0)
(-0.0764918 10.1535 0)
(-0.0859627 10.1438 0)
(-0.0936223 10.1311 0)
(-0.102381 10.099 0)
(-0.0894853 10.0317 0)
(1.77988 8.95725 -4.2199e-14)
(1.89426 8.77743 -3.42243e-14)
(2.03462 8.56226 0)
(2.15836 8.32586 3.54174e-14)
(2.25165 8.06987 0)
(2.31158 7.79777 0)
(2.34434 7.51372 3.97368e-14)
(2.35294 7.22056 0)
(2.33777 6.9214 -9.11022e-14)
(2.29858 6.61881 4.9048e-14)
(2.23483 6.31469 2.96471e-19)
(2.14557 6.01053 0)
(2.02926 5.70756 3.10067e-14)
(1.88358 5.40696 0)
(1.70505 5.11018 2.7374e-19)
(1.48533 4.81883 3.96418e-14)
(1.20621 4.51266 0)
(0.83171 4.1611 -4.32098e-14)
(0.325736 3.74053 1.13837e-14)
(-0.385953 3.27049 0)
(-1.37998 2.84626 5.83084e-14)
(-2.63943 2.77591 2.25126e-13)
(-3.633 3.0629 -9.77025e-14)
(-3.78415 2.85931 1.13179e-13)
(1.68358 9.11002 0)
(1.57673 9.25146 0)
(1.46233 9.3807 0)
(1.34301 9.49792 -1.89944e-14)
(1.222 9.6034 1.84498e-14)
(1.10667 9.69769 0)
(0.968477 9.77963 0)
(0.827927 9.85005 0)
(0.704196 9.9139 0)
(0.594048 9.97073 0)
(0.496163 10.0204 0)
(0.40952 10.0629 0)
(0.333117 10.0985 0)
(0.265985 10.1274 0)
(0.20721 10.1502 0)
(0.155941 10.1673 0)
(0.111382 10.1793 0)
(0.0727773 10.1871 0)
(0.0393993 10.1912 0)
(0.01056 10.1926 0)
(-0.0143819 10.1919 0)
(-0.0358097 10.1895 0)
(-0.0540808 10.1852 0)
(-0.0697641 10.1789 0)
(-0.0829684 10.1709 0)
(-0.0930254 10.1627 0)
(-0.101679 10.1519 0)
(-0.113673 10.1188 0)
(-0.109211 10.038 0)
(1.90393 9.02012 0)
(2.03954 8.845 3.47532e-14)
(2.20481 8.63601 0)
(2.35395 8.40469 0)
(2.4733 8.15181 3.61402e-14)
(2.55655 7.87868 3.68308e-14)
(2.60714 7.58946 0)
(2.63207 7.28955 -8.34362e-14)
(2.63339 6.98283 0)
(2.61101 6.67185 -2.03947e-19)
(2.56464 6.3584 -5.23744e-14)
(2.49373 6.0438 -5.67689e-14)
(2.39722 5.72894 0)
(2.2733 5.41428 -3.34929e-14)
(2.11913 5.09991 0)
(1.93007 4.78589 -3.96469e-14)
(1.69488 4.47192 3.36799e-19)
(1.39055 4.13695 1.77572e-16)
(0.968868 3.74517 -4.78366e-19)
(0.385703 3.27047 1.25275e-14)
(-0.466615 2.75136 3.88797e-31)
(-1.7021 2.37716 -6.72618e-14)
(-3.0927 2.6095 -9.01746e-14)
(-3.63526 2.6746 1.15984e-13)
(1.79035 9.16907 0)
(1.6682 9.30613 -2.03181e-14)
(1.54007 9.43063 1.9797e-14)
(1.40921 9.54294 0)
(1.28431 9.64364 0)
(1.13173 9.73104 0)
(0.97431 9.80628 0)
(0.835294 9.87552 0)
(0.711009 9.93811 0)
(0.599991 9.9937 0)
(0.501189 10.0421 0)
(0.413563 10.0835 0)
(0.336103 10.118 0)
(0.267862 10.1459 0)
(0.207952 10.1677 0)
(0.155543 10.184 0)
(0.109855 10.1955 0)
(0.0701469 10.203 0)
(0.0356973 10.2072 0)
(0.00585544 10.2091 0)
(-0.0197534 10.2087 0)
(-0.0414706 10.2063 0)
(-0.0599756 10.2026 0)
(-0.0759757 10.1974 0)
(-0.0896762 10.1906 0)
(-0.100446 10.1839 0)
(-0.11038 10.1757 0)
(-0.125948 10.1404 0)
(-0.128589 10.0445 0)
(2.02397 9.09036 0)
(2.18037 8.92175 0)
(2.36934 8.72111 -3.57906e-14)
(2.54252 8.49726 -3.60358e-14)
(2.68702 8.25016 0)
(2.79805 7.98072 -3.73533e-14)
(2.87381 7.69065 5.51419e-20)
(2.91754 7.38587 0)
(2.93574 7.07278 -1.19419e-19)
(2.93038 6.75475 -4.77509e-14)
(2.90146 6.43364 5.17404e-14)
(2.84881 6.1108 -5.61842e-14)
(2.77196 5.78705 6.11214e-14)
(2.66991 5.46258 0)
(2.54081 5.13688 0)
(2.38155 4.80862 0)
(2.18651 4.47579 0)
(1.9413 4.13458 -9.54403e-14)
(1.61636 3.75998 0)
(1.14545 3.30631 5.18362e-14)
(0.466294 2.75132 -1.40078e-14)
(-0.581702 2.17181 1.60625e-14)
(-2.17028 1.93049 -8.01792e-14)
(-3.48052 2.33639 0)
(1.89317 9.23404 -1.3948e-20)
(1.75584 9.36545 -2.05722e-14)
(1.61495 9.48415 0)
(1.4804 9.5908 0)
(1.31285 9.68296 0)
(1.13747 9.76215 0)
(0.982157 9.83612 0)
(0.842754 9.90401 0)
(0.717622 9.96524 0)
(0.605689 10.0195 0)
(0.505883 10.0666 0)
(0.41715 10.1067 0)
(0.338504 10.1399 0)
(0.269028 10.1667 0)
(0.207862 10.1876 0)
(0.154196 10.2032 0)
(0.107272 10.2142 0)
(0.0663642 10.2215 0)
(0.0308022 10.2259 0)
(0.00023437 10.2277 0)
(-0.0256538 10.227 0)
(-0.0475202 10.2249 0)
(-0.0661505 10.2219 0)
(-0.0823811 10.2178 0)
(-0.0965459 10.2124 0)
(-0.108379 10.2078 0)
(-0.119331 10.201 0)
(-0.138326 10.1619 0)
(-0.147908 10.0514 0)
(2.13934 9.16729 2.17656e-14)
(2.31599 9.00691 0)
(2.52725 8.81655 0)
(2.72303 8.60225 0)
(2.89168 8.36335 3.68613e-14)
(3.02952 8.10033 0)
(3.13486 7.81476 0)
(3.20489 7.51002 -4.05575e-14)
(3.24224 7.19239 0)
(3.25383 6.86828 4.70394e-14)
(3.24196 6.5407 -1.27812e-19)
(3.20685 6.21121 0)
(3.14858 5.88077 -1.93842e-19)
(3.06695 5.5496 2.32238e-19)
(2.96121 5.21716 0)
(2.82972 4.88191 -3.96128e-14)
(2.66958 4.54085 0)
(2.47492 4.1893 0)
(2.22877 3.81796 5.31152e-14)
(1.89403 3.39232 0)
(1.37966 2.84614 -5.83089e-14)
(0.58129 2.17175 4.45821e-31)
(-0.760377 1.52163 -1.90616e-14)
(-2.81803 1.52795 9.62248e-14)
(1.99142 9.3043 0)
(1.83988 9.42885 0)
(1.69557 9.5409 0)
(1.51254 9.63696 0)
(1.31814 9.71905 0)
(1.14555 9.7969 0)
(0.990089 9.86945 0)
(0.849893 9.93587 0)
(0.723872 9.99561 0)
(0.610938 10.0484 0)
(0.509995 10.0941 0)
(0.420013 10.1327 0)
(0.34004 10.1647 0)
(0.26919 10.1903 0)
(0.206632 10.2102 0)
(0.151585 10.225 0)
(0.103314 10.2357 0)
(0.061158 10.2429 0)
(0.0247877 10.2468 0)
(-0.00606147 10.2477 0)
(-0.0320408 10.2468 0)
(-0.0539031 10.245 0)
(-0.072534 10.2429 0)
(-0.0888838 10.24 0)
(-0.103664 10.2364 0)
(-0.116141 10.2324 0)
(-0.127615 10.2246 0)
(-0.149968 10.1825 0)
(-0.166623 10.0578 0)
(2.24928 9.25013 0)
(2.44559 9.0996 -1.80605e-14)
(2.67777 8.92123 0)
(2.89475 8.71831 3.66112e-14)
(3.0864 8.48978 0)
(3.24988 8.23562 0)
(3.38344 7.95746 0)
(3.4841 7.65842 -4.12822e-14)
(3.54825 7.3415 4.30311e-14)
(3.5788 7.01293 -4.62595e-14)
(3.5834 6.6795 0)
(3.56477 6.34419 5.47491e-14)
(3.5235 6.00827 5.9735e-14)
(3.46006 5.67223 6.53231e-14)
(3.37462 5.33577 -7.16071e-14)
(3.26691 4.9976 0)
(3.13581 4.65528 -1.37725e-19)
(2.97928 4.30438 -4.80473e-14)
(2.79256 3.93709 -5.34403e-14)
(2.55854 3.53694 0)
(2.23326 3.05347 1.28075e-13)
(1.70167 2.37699 6.72624e-14)
(0.759854 1.52158 -1.9062e-14)
(-1.03633 0.934115 3.62494e-16)
(2.08527 9.37909 0)
(1.93055 9.49586 0)
(1.73135 9.59486 0)
(1.5169 9.67857 0)
(1.32611 9.75928 0)
(1.1537 9.83565 0)
(0.997534 9.90664 0)
(0.856506 9.97145 0)
(0.729517 10.0296 0)
(0.615439 10.0808 0)
(0.513201 10.1249 0)
(0.421812 10.1621 0)
(0.340353 10.1927 0)
(0.267975 10.2171 0)
(0.203881 10.236 0)
(0.147321 10.2501 0)
(0.0976446 10.2603 0)
(0.054577 10.2665 0)
(0.0179143 10.2689 0)
(-0.0129785 10.269 0)
(-0.0388488 10.268 0)
(-0.0605372 10.2665 0)
(-0.0790236 10.2651 0)
(-0.0955277 10.2638 0)
(-0.110344 10.2603 0)
(-0.122724 10.2541 0)
(-0.134859 10.2456 0)
(-0.160878 10.2011 0)
(-0.184349 10.0633 0)
(2.35394 9.33795 -2.21247e-14)
(2.56827 9.19878 0)
(2.82017 9.03398 1.83468e-14)
(3.05716 8.84413 0)
(3.27058 8.6279 -1.06804e-19)
(3.45837 8.38478 0)
(3.61865 8.11652 0)
(3.74825 7.82586 0)
(3.84354 7.51543 8.76651e-14)
(3.90085 7.1879 -9.16843e-14)
(3.92366 6.8499 4.94346e-14)
(3.92042 6.50883 0)
(3.89442 6.16767 0)
(3.8467 5.82732 -1.28922e-13)
(3.77819 5.48786 -7.07644e-14)
(3.68955 5.14849 0)
(3.58107 4.80741 0)
(3.45244 4.46147 9.57071e-14)
(3.30343 4.10532 1.06992e-13)
(3.13242 3.72872 6.02942e-14)
(2.92611 3.30891 -6.88453e-14)
(2.63916 2.77571 -2.25166e-13)
(2.16974 1.9303 1.59891e-13)
(1.0357 0.934042 2.35623e-14)
(2.18686 9.45794 0)
(1.96996 9.55863 0)
(1.73422 9.64252 0)
(1.52434 9.72483 0)
(1.33414 9.80403 0)
(1.16115 9.87878 0)
(1.00424 9.94808 0)
(0.862306 10.0112 0)
(0.734195 10.0676 0)
(0.6188 10.117 0)
(0.515091 10.1595 0)
(0.422116 10.1951 0)
(0.338995 10.2242 0)
(0.264919 10.2473 0)
(0.199135 10.2652 0)
(0.14099 10.2786 0)
(0.0902861 10.2871 0)
(0.0469088 10.2911 0)
(0.0102481 10.2922 0)
(-0.0204391 10.2915 0)
(-0.0459862 10.2902 0)
(-0.0673141 10.2889 0)
(-0.0856609 10.2885 0)
(-0.101696 10.2867 0)
(-0.115821 10.2805 0)
(-0.128098 10.2724 0)
(-0.141005 10.2637 0)
(-0.171028 10.217 0)
(-0.200637 10.0671 0)
(2.46733 9.43032 0)
(2.68432 9.30324 3.68382e-14)
(2.95366 9.15354 -1.8473e-14)
(3.20969 8.97837 0)
(3.4438 8.77616 0)
(3.65449 8.54612 -3.91271e-14)
(3.83994 8.28994 0)
(3.99684 8.00989 -4.24977e-14)
(4.12138 7.70826 0)
(4.20984 7.38754 -7.19772e-20)
(4.25879 7.05055 5.14229e-20)
(4.27246 6.70453 -5.29578e-14)
(4.26019 6.35745 -5.79208e-14)
(4.22588 6.01223 0)
(4.17108 5.6694 1.39512e-13)
(4.09717 5.32868 7.69181e-14)
(4.00524 4.98891 0)
(3.89623 4.64785 0)
(3.77099 4.30195 -5.31685e-14)
(3.63145 3.94601 8.38345e-20)
(3.48025 3.57018 0)
(3.31111 3.15067 8.07856e-14)
(3.09232 2.60922 9.05362e-14)
(2.81755 1.52777 -1.93583e-13)
(2.22979 9.53068 0)
(1.97061 9.61285 0)
(1.74057 9.69535 0)
(1.53179 9.77617 0)
(1.34118 9.85374 0)
(1.16757 9.92674 0)
(1.00985 9.99421 0)
(0.86686 10.0554 0)
(0.73744 10.11 0)
(0.620533 10.1575 0)
(0.515151 10.1982 0)
(0.420387 10.2321 0)
(0.335408 10.2596 0)
(0.259454 10.2815 0)
(0.191891 10.2982 0)
(0.132592 10.3092 0)
(0.0815635 10.3148 0)
(0.0382343 10.3167 0)
(0.00188076 10.3163 0)
(-0.0283428 10.3147 0)
(-0.0533406 10.3129 0)
(-0.0742906 10.3119 0)
(-0.0918449 10.3104 0)
(-0.106776 10.3056 0)
(-0.120229 10.2968 0)
(-0.132362 10.2868 0)
(-0.146071 10.2792 0)
(-0.180014 10.2302 0)
(-0.21474 10.0685 0)
(2.51363 9.51411 0)
(2.80895 9.41281 1.81932e-14)
(3.0787 9.27874 -3.71996e-14)
(3.35163 9.11976 1.87245e-14)
(3.6055 8.93313 0)
(3.83787 8.71804 0)
(4.04698 8.47591 0)
(4.22962 8.20844 0)
(4.38178 7.91751 1.47559e-19)
(4.49946 7.60545 4.7452e-14)
(4.57909 7.27512 -9.98114e-14)
(4.61773 6.92965 5.24367e-14)
(4.62054 6.57687 1.13704e-13)
(4.59776 6.22526 1.24756e-13)
(4.55391 5.87759 0)
(4.49094 5.53407 -1.80847e-20)
(4.41062 5.194 8.39436e-14)
(4.31443 4.85582 0)
(4.20365 4.51707 0)
(4.07954 4.17421 5.9596e-14)
(3.9448 3.82292 -6.85465e-14)
(3.80267 3.45753 0)
(3.6356 3.06539 0)
(3.48006 2.33588 0)
(2.22723 9.59192 0)
(1.97519 9.67273 0)
(1.74689 9.75385 0)
(1.5379 9.83307 0)
(1.34682 9.90886 0)
(1.17256 9.97997 0)
(1.01388 10.0455 0)
(0.869615 10.1047 0)
(0.73867 10.1571 0)
(0.620026 10.2027 0)
(0.512742 10.2414 0)
(0.415963 10.2735 0)
(0.328915 10.2994 0)
(0.250976 10.3196 0)
(0.182131 10.3332 0)
(0.122503 10.3404 0)
(0.0715776 10.3431 0)
(0.0286605 10.3428 0)
(-0.00707857 10.3408 0)
(-0.0365725 10.3381 0)
(-0.0609926 10.3359 0)
(-0.0808539 10.3331 0)
(-0.0969831 10.328 0)
(-0.110908 10.3202 0)
(-0.123709 10.3087 0)
(-0.13554 10.2961 0)
(-0.150238 10.2905 0)
(-0.186783 10.2409 0)
(-0.227233 10.0664 0)
(2.50668 9.58271 0)
(2.85812 9.51054 0)
(3.21171 9.4098 -1.82718e-14)
(3.48354 9.26734 1.88687e-14)
(3.75496 9.0976 -1.92894e-14)
(4.00801 8.89909 -1.99524e-14)
(4.23954 8.6728 2.07966e-14)
(4.44648 8.41976 0)
(4.62484 8.14127 0)
(4.77025 7.83941 9.62789e-14)
(4.87873 7.51702 -5.0697e-14)
(4.94713 7.17749 1.55492e-19)
(4.97325 6.82432 0)
(4.96324 6.46586 -6.11598e-14)
(4.92824 6.11095 -6.73426e-14)
(4.87321 5.76217 0)
(4.80038 5.41925 -8.25263e-14)
(4.71173 5.0811 -5.48196e-20)
(4.60856 4.7455 0)
(4.49129 4.40952 -5.8706e-14)
(4.359 4.06936 -6.75607e-14)
(4.20753 3.72124 0)
(4.0078 3.35828 0)
(3.63704 2.67679 1.14551e-13)
(2.22909 9.65931 0)
(1.97966 9.7389 0)
(1.75144 9.81853 0)
(1.54218 9.89599 0)
(1.35063 9.96986 0)
(1.17553 10.0389 0)
(1.01566 10.1023 0)
(0.86989 10.1593 0)
(0.737168 10.2096 0)
(0.616527 10.2529 0)
(0.507082 10.2895 0)
(0.408044 10.3196 0)
(0.318798 10.3435 0)
(0.239459 10.3598 0)
(0.170299 10.3686 0)
(0.110848 10.372 0)
(0.0604553 10.3716 0)
(0.0183134 10.3689 0)
(-0.0165044 10.365 0)
(-0.0452351 10.3613 0)
(-0.0682978 10.3566 0)
(-0.0863723 10.3497 0)
(-0.1012 10.3411 0)
(-0.114192 10.3299 0)
(-0.126293 10.3144 0)
(-0.137667 10.297 0)
(-0.153037 10.2897 0)
(-0.191824 10.2455 0)
(-0.246362 10.0583 0)
(2.50468 9.65786 0)
(2.8461 9.58834 0)
(3.26196 9.52395 0)
(3.62297 9.42154 0)
(3.89266 9.26881 0)
(4.16415 9.08812 1.38678e-19)
(4.41719 8.87923 4.20043e-14)
(4.64734 8.64233 -1.38042e-19)
(4.85069 8.378 -4.62964e-14)
(5.0227 8.08783 0)
(5.15882 7.77451 -5.14243e-14)
(5.25539 7.4416 0)
(5.30992 7.09307 5.72956e-14)
(5.32109 6.73278 -6.04611e-14)
(5.2961 6.36951 -6.59483e-14)
(5.24681 6.01225 -7.29137e-14)
(5.17842 5.66315 0)
(5.09316 5.32128 9.03575e-14)
(4.99243 4.98497 -1.08265e-19)
(4.8762 4.65076 0)
(4.74142 4.31398 4.76077e-20)
(4.57552 3.96807 7.78117e-14)
(4.32766 3.59688 0)
(3.78818 2.86266 0)
(2.23077 9.7336 0)
(1.98184 9.81187 0)
(1.75361 9.88984 0)
(1.54411 9.96541 0)
(1.3519 10.0372 0)
(1.17573 10.1041 0)
(1.0144 10.1651 0)
(0.866848 10.2197 0)
(0.732059 10.2676 0)
(0.609128 10.3086 0)
(0.497238 10.3429 0)
(0.395789 10.3704 0)
(0.305041 10.3895 0)
(0.225437 10.4 0)
(0.156554 10.404 0)
(0.0977773 10.4034 0)
(0.0483427 10.3998 0)
(0.00733733 10.3945 0)
(-0.0265306 10.3889 0)
(-0.0536222 10.3819 0)
(-0.0745359 10.3725 0)
(-0.0909555 10.3614 0)
(-0.104564 10.3484 0)
(-0.116621 10.3319 0)
(-0.12786 10.309 0)
(-0.138943 10.2819 0)
(-0.153684 10.2557 0)
(-0.199668 10.2104 0)
(-0.288085 10.0291 0)
(2.50228 9.74048 0)
(2.83925 9.67308 0)
(3.24472 9.61297 0)
(3.67347 9.55278 0)
(4.03758 9.44707 0)
(4.30663 9.28447 0)
(4.57915 9.09416 2.11935e-14)
(4.83184 8.87493 -2.22336e-14)
(5.05935 8.62645 -2.33962e-14)
(5.25708 8.34957 4.93334e-14)
(5.42012 8.04654 5.20791e-14)
(5.54406 7.72092 5.50275e-14)
(5.62578 7.37706 0)
(5.66363 7.01956 -6.15635e-14)
(5.65725 6.65259 6.51363e-14)
(5.6148 6.28508 1.42634e-13)
(5.54867 5.92585 7.92406e-14)
(5.46388 5.57629 0)
(5.36185 5.23473 -1.59559e-19)
(5.24232 4.89768 -2.26005e-13)
(5.10123 4.55909 1.3006e-13)
(4.92153 4.20915 7.62196e-14)
(4.63616 3.82447 -2.16408e-19)
(3.98655 3.01949 0)
(2.22954 9.81531 0)
(1.98102 9.8921 0)
(1.75282 9.96827 0)
(1.54289 10.0418 0)
(1.34977 10.1113 0)
(1.17223 10.1758 0)
(1.00915 10.2343 0)
(0.859483 10.2863 0)
(0.722295 10.3315 0)
(0.596745 10.3699 0)
(0.48224 10.4012 0)
(0.379215 10.4231 0)
(0.288298 10.4351 0)
(0.20911 10.4397 0)
(0.141078 10.4388 0)
(0.0834655 10.4342 0)
(0.0353965 10.4271 0)
(-0.0044494 10.4193 0)
(-0.036352 10.4097 0)
(-0.0608784 10.3973 0)
(-0.0797837 10.3829 0)
(-0.0946183 10.3663 0)
(-0.106942 10.3453 0)
(-0.117923 10.3167 0)
(-0.128282 10.2714 0)
(-0.137477 10.2089 0)
(-0.151038 10.1396 0)
(-0.211715 10.0519 0)
(-0.088065 9.91271 0)
(2.4962 9.83112 0)
(2.83149 9.76582 0)
(3.23278 9.7095 0)
(3.65117 9.65393 0)
(4.08735 9.59575 0)
(4.45623 9.48827 -1.98817e-14)
(4.72555 9.31698 0)
(4.99913 9.11667 2.24322e-14)
(5.25046 8.88567 0)
(5.47347 8.6238 -2.4922e-14)
(5.66305 8.33253 -5.26657e-14)
(5.81415 8.01511 -1.11416e-13)
(5.92274 7.67612 -1.17961e-13)
(5.98647 7.32078 6.24973e-14)
(6.00464 6.95422 6.63002e-14)
(5.97784 6.58074 0)
(5.9151 6.20911 -1.54816e-13)
(5.82874 5.84738 0)
(5.72286 5.49606 0)
(5.59704 5.15133 -1.10564e-13)
(5.4464 4.80621 1.27269e-13)
(5.25071 4.44909 -1.49128e-13)
(4.93398 4.04723 0)
(4.20041 3.18027 -1.8986e-19)
(2.22456 9.90487 0)
(1.97653 9.98006 0)
(1.74819 10.0542 0)
(1.53754 10.1255 0)
(1.34318 10.1926 0)
(1.16395 10.2544 0)
(0.998744 10.3102 0)
(0.846597 10.3593 0)
(0.706638 10.4016 0)
(0.578283 10.4365 0)
(0.46217 10.4611 0)
(0.359133 10.4747 0)
(0.268822 10.4798 0)
(0.190704 10.4785 0)
(0.124077 10.4725 0)
(0.0680938 10.4635 0)
(0.0214038 10.4532 0)
(-0.0161117 10.4406 0)
(-0.044936 10.4249 0)
(-0.0670383 10.4066 0)
(-0.083997 10.3851 0)
(-0.0970996 10.3578 0)
(-0.108135 10.3153 0)
(-0.117078 10.2446 0)
(-0.123949 10.113 0)
(-0.127089 9.90855 0)
(-0.136703 9.64099 0)
(-0.118052 9.41307 0)
(-0.585142 9.3858 0)
(2.48544 9.93019 0)
(2.81889 9.86707 0)
(3.21906 9.81464 0)
(3.63418 9.76341 0)
(4.05919 9.70913 0)
(4.50419 9.65513 0)
(4.87915 9.54773 2.09296e-14)
(5.14893 9.3671 0)
(5.42303 9.155 -2.3822e-14)
(5.67144 8.90992 2.51487e-14)
(5.88762 8.63217 2.33994e-19)
(6.0661 8.32427 5.63079e-14)
(6.20195 7.9907 5.96834e-14)
(6.29177 7.63721 6.33334e-14)
(6.33415 7.2698 -6.72878e-14)
(6.32937 6.89395 0)
(6.279 6.5137 0)
(6.1923 6.13723 1.6884e-13)
(6.08075 5.77134 9.50581e-14)
(5.94665 5.41428 0)
(5.78437 5.05796 0)
(5.57087 4.68946 1.45745e-13)
(5.22289 4.26988 -1.74146e-13)
(4.41195 3.3424 -1.04221e-13)
(2.21513 10.0027 0)
(1.9674 10.0761 0)
(1.73859 10.1482 0)
(1.52688 10.217 0)
(1.33092 10.2814 0)
(1.14959 10.3402 0)
(0.981846 10.3929 0)
(0.826799 10.4388 0)
(0.683866 10.4771 0)
(0.553928 10.5043 0)
(0.438036 10.5194 0)
(0.335857 10.5249 0)
(0.246887 10.523 0)
(0.170464 10.5156 0)
(0.105763 10.5043 0)
(0.0514028 10.4913 0)
(0.00746563 10.4754 0)
(-0.0263803 10.4557 0)
(-0.0522812 10.433 0)
(-0.0719986 10.4056 0)
(-0.0868726 10.3688 0)
(-0.0981273 10.3065 0)
(-0.10567 10.1874 0)
(-0.107913 9.95241 0)
(-0.103602 9.54713 0)
(-0.0952515 8.99011 0)
(-0.0836803 8.34895 0)
(-0.189039 7.65515 0)
(0.397378 6.491 0)
(2.46931 10.0381 0)
(2.80022 9.97717 0)
(3.19912 9.92888 0)
(3.6146 9.88225 0)
(4.03634 9.83183 0)
(4.46866 9.78074 0)
(4.92444 9.73358 0)
(5.30616 9.62615 -2.21502e-14)
(5.5761 9.43419 0)
(5.84972 9.2076 0)
(6.09322 8.94538 -2.68172e-14)
(6.29981 8.64879 2.84133e-14)
(6.46385 8.32174 6.02908e-14)
(6.58082 7.97019 0)
(6.64815 7.60105 0)
(6.66552 7.22092 0)
(6.63425 6.83511 -7.76407e-14)
(6.55633 6.44738 8.31473e-14)
(6.44049 6.06409 -1.85349e-13)
(6.29647 5.68977 -1.05429e-13)
(6.1211 5.31786 0)
(5.88894 4.93368 0)
(5.51002 4.49264 -1.70005e-13)
(4.62384 3.50405 3.98668e-19)
(2.20016 10.1092 0)
(1.95234 10.1807 0)
(1.7227 10.2503 0)
(1.50952 10.3164 0)
(1.31153 10.3777 0)
(1.12764 10.4333 0)
(0.956904 10.4824 0)
(0.798746 10.5239 0)
(0.654325 10.5535 0)
(0.524933 10.5699 0)
(0.410228 10.5756 0)
(0.309722 10.5729 0)
(0.222786 10.5639 0)
(0.148639 10.5503 0)
(0.0858252 10.5343 0)
(0.0347009 10.5146 0)
(-0.00488595 10.4906 0)
(-0.0352286 10.4627 0)
(-0.0582364 10.4283 0)
(-0.0754242 10.3791 0)
(-0.0875151 10.2891 0)
(-0.0933906 10.1016 0)
(-0.0906227 9.73068 0)
(-0.0808521 9.14009 0)
(-0.066063 8.37516 0)
(-0.0520136 7.47033 0)
(-0.0354491 6.35013 0)
(0.0510097 3.66992 0)
(2.44664 10.155 0)
(2.77468 10.0964 0)
(3.17142 10.0524 0)
(3.58751 10.0108 0)
(4.01015 9.96484 0)
(4.43833 9.91657 0)
(4.87999 9.87144 0)
(5.34807 9.83198 0)
(5.73692 9.72317 2.35164e-14)
(6.00639 9.51691 0)
(6.27817 9.27229 -2.70089e-14)
(6.51434 8.98926 0)
(6.70814 8.67047 0)
(6.85398 8.32163 -6.46679e-14)
(6.94804 7.95026 6.89091e-14)
(6.98882 7.56433 0)
(6.97717 7.17053 0)
(6.91505 6.77376 3.71739e-19)
(6.80417 6.37652 -1.8247e-13)
(6.65169 5.98191 1.02736e-13)
(6.46169 5.58967 -1.18469e-13)
(6.21013 5.18566 0)
(5.80028 4.72023 1.65882e-13)
(4.84045 3.66855 -1.98324e-13)
(2.17825 10.2246 0)
(1.92992 10.2938 0)
(1.69901 10.3606 0)
(1.4839 10.4237 0)
(1.28338 10.4816 0)
(1.09642 10.5334 0)
(0.922476 10.5777 0)
(0.76301 10.6094 0)
(0.61957 10.6268 0)
(0.491782 10.6325 0)
(0.379153 10.6289 0)
(0.281079 10.6181 0)
(0.196817 10.6019 0)
(0.12485 10.5827 0)
(0.0658198 10.5591 0)
(0.0198328 10.5302 0)
(-0.0155864 10.4965 0)
(-0.0424804 10.4541 0)
(-0.0623255 10.3897 0)
(-0.0757804 10.2633 0)
(-0.0799527 9.99128 0)
(-0.0739171 9.48764 0)
(-0.0613486 8.77425 0)
(-0.0469504 7.91498 0)
(-0.0321701 6.91247 0)
(-0.0141534 5.64869 0)
(-0.00138346 3.09281 0)
(2.41595 10.2813 0)
(2.74101 10.2251 0)
(3.13489 10.1854 0)
(3.55112 10.1492 0)
(3.97522 10.1084 0)
(4.40393 10.0637 0)
(4.84049 10.0203 0)
(5.29331 9.9824 0)
(5.77493 9.95028 0)
(6.17112 9.83783 0)
(6.43925 9.6134 0)
(6.7075 9.34643 3.7469e-19)
(6.93346 9.03837 0)
(7.11079 8.69376 0)
(7.23414 8.32041 6.95205e-14)
(7.30078 7.92743 -5.64791e-19)
(7.31047 7.52338 -7.97656e-14)
(7.26493 7.11459 0)
(7.16619 6.70498 9.28283e-14)
(7.01458 6.29346 3.50966e-19)
(6.81138 5.87775 -1.15423e-13)
(6.53913 5.44935 1.35446e-13)
(6.09773 4.95648 0)
(5.06559 3.83976 -4.24228e-19)
(2.14781 10.3489 0)
(1.8985 10.4154 0)
(1.66582 10.4792 0)
(1.44823 10.5387 0)
(1.24462 10.5926 0)
(1.05441 10.6392 0)
(0.879436 10.6727 0)
(0.721509 10.6908 0)
(0.580191 10.6963 0)
(0.454962 10.6916 0)
(0.345229 10.6788 0)
(0.250277 10.6598 0)
(0.168529 10.6371 0)
(0.100948 10.6092 0)
(0.0479612 10.5752 0)
(0.00685897 10.5352 0)
(-0.0244455 10.4836 0)
(-0.0475078 10.4015 0)
(-0.0625077 10.2318 0)
(-0.0657773 9.86981 0)
(-0.0586308 9.26163 0)
(-0.0462877 8.47693 0)
(-0.0338786 7.58214 0)
(-0.0224822 6.5571 0)
(-0.0102798 5.28755 0)
(-0.00209877 2.85899 0)
(2.37558 10.4167 0)
(2.69768 10.363 0)
(3.08797 10.3277 0)
(3.50405 10.2973 0)
(3.92952 10.2625 0)
(4.35945 10.2222 0)
(4.79606 10.1813 0)
(5.24307 10.1445 0)
(5.70857 10.1139 0)
(6.20488 10.088 0)
(6.60862 9.96882 2.66245e-14)
(6.8744 9.7214 0)
(7.13699 9.42702 6.15129e-14)
(7.34931 9.08924 0)
(7.50586 8.71498 3.49942e-14)
(7.60178 8.31441 -7.49715e-14)
(7.63592 7.89786 -8.05774e-14)
(7.60901 7.47418 8.69364e-14)
(7.52325 7.04828 0)
(7.37965 6.62116 -1.02952e-13)
(7.17252 6.18524 3.57466e-19)
(6.88098 5.72898 1.31966e-13)
(6.40689 5.20534 0)
(5.30269 4.02054 0)
(2.10708 10.482 0)
(1.85626 10.5454 0)
(1.62123 10.6056 0)
(1.40058 10.6609 0)
(1.19371 10.7092 0)
(1.00287 10.7439 0)
(0.830133 10.7624 0)
(0.674956 10.7674 0)
(0.536767 10.7613 0)
(0.414967 10.7463 0)
(0.308866 10.7243 0)
(0.216785 10.698 0)
(0.140101 10.6656 0)
(0.0795786 10.6262 0)
(0.0323327 10.5794 0)
(-0.00393977 10.5178 0)
(-0.0307699 10.4154 0)
(-0.047512 10.1977 0)
(-0.051166 9.75243 0)
(-0.0448751 9.06986 0)
(-0.0348319 8.24957 0)
(-0.0249701 7.34092 0)
(-0.0161928 6.31243 0)
(-0.00825486 5.05394 0)
(-0.000991342 2.74907 0)
(2.3237 10.5609 0)
(2.64307 10.5101 0)
(3.02887 10.479 0)
(3.4444 10.4547 0)
(3.87146 10.4267 0)
(4.30267 10.3918 0)
(4.73996 10.3545 0)
(5.18682 10.3194 0)
(5.64606 10.2897 0)
(6.1256 10.2658 0)
(6.63793 10.2443 0)
(7.04955 10.1147 -2.83602e-14)
(7.31176 9.83836 3.08714e-14)
(7.56604 9.51076 -4.8201e-19)
(7.76059 9.13817 0)
(7.89123 8.73023 -7.5413e-14)
(7.95397 8.29958 8.11973e-14)
(7.94942 7.85742 0)
(7.8789 7.41171 0)
(7.74409 6.96414 0)
(7.54009 6.50929 1.15843e-13)
(7.23819 6.02839 1.30019e-13)
(6.73197 5.47035 1.53681e-13)
(5.55646 4.21413 0)
(2.05415 10.6232 0)
(1.80121 10.683 0)
(1.56321 10.7389 0)
(1.33937 10.7882 0)
(1.1324 10.8237 0)
(0.944649 10.8421 0)
(0.775415 10.8463 0)
(0.624032 10.8386 0)
(0.489877 10.8211 0)
(0.372278 10.796 0)
(0.26943 10.7658 0)
(0.183179 10.7288 0)
(0.114663 10.6836 0)
(0.0608205 10.6297 0)
(0.0192173 10.5575 0)
(-0.0118931 10.4332 0)
(-0.0309413 10.1658 0)
(-0.0361835 9.64866 0)
(-0.0322932 8.91718 0)
(-0.0254658 8.07864 0)
(-0.0185149 7.16462 0)
(-0.0117217 6.14173 0)
(-0.0059021 4.8921 0)
(-0.000974781 2.65564 0)
(2.25827 10.7131 0)
(2.57546 10.6658 0)
(2.95579 10.6387 0)
(3.36993 10.6205 0)
(3.79886 10.6002 0)
(4.23189 10.572 0)
(4.66981 10.5392 0)
(5.11698 10.5071 0)
(5.57619 10.4789 0)
(6.04921 10.4562 0)
(6.54426 10.4379 0)
(7.07434 10.4185 0)
(7.49438 10.274 3.0233e-14)
(7.75156 9.96148 -3.29555e-14)
(7.99415 9.59406 -7.04511e-14)
(8.16572 9.18109 -3.78275e-14)
(8.26433 8.73518 4.08037e-14)
(8.28683 8.27146 -8.84462e-14)
(8.23574 7.80103 9.64728e-14)
(8.11196 7.32851 0)
(7.91174 6.84919 -1.17928e-13)
(7.60678 6.34483 1.32739e-13)
(7.07682 5.75656 0)
(5.83282 4.42527 -1.79085e-13)
(1.98698 10.7719 0)
(1.73127 10.8273 0)
(1.49024 10.8768 0)
(1.26697 10.9124 0)
(1.06412 10.9303 0)
(0.880746 10.9332 0)
(0.716068 10.9236 0)
(0.569401 10.9035 0)
(0.440075 10.875 0)
(0.326141 10.8409 0)
(0.229948 10.799 0)
(0.15311 10.748 0)
(0.0922831 10.6868 0)
(0.0449398 10.6035 0)
(0.00921167 10.4565 0)
(-0.0129502 10.1411 0)
(-0.0208695 9.56525 0)
(-0.0203471 8.80149 0)
(-0.0171771 7.95254 0)
(-0.0130521 7.03732 0)
(-0.0084829 6.01866 0)
(-0.00405565 4.78329 0)
(-0.00055854 2.58798 0)
(2.17722 10.8723 0)
(2.49303 10.8292 0)
(2.86715 10.8061 0)
(3.2784 10.7937 0)
(3.70918 10.7819 0)
(4.14477 10.7616 0)
(4.58386 10.7348 0)
(5.031 10.7066 0)
(5.49041 10.6812 0)
(5.96381 10.6604 0)
(6.45219 10.6442 0)
(6.96452 10.63 0)
(7.51472 10.6104 0)
(7.94407 10.4454 -3.22638e-14)
(8.19432 10.0878 0)
(8.4208 9.67293 6.05086e-19)
(8.56265 9.21343 4.0884e-14)
(8.62165 8.72492 0)
(8.59484 8.22476 0)
(8.48643 7.72095 -1.07258e-13)
(8.29192 7.21166 -1.19726e-13)
(7.98485 6.67778 1.35326e-13)
(7.43859 6.06107 -1.54961e-13)
(6.13621 4.65627 0)
(1.90348 10.9265 0)
(1.64504 10.9754 0)
(1.40541 11.0103 0)
(1.18746 11.0271 0)
(0.99 11.0284 0)
(0.812058 11.0166 0)
(0.65285 10.9937 0)
(0.511694 10.9617 0)
(0.386472 10.9235 0)
(0.280077 10.8766 0)
(0.194666 10.8196 0)
(0.126608 10.751 0)
(0.0731656 10.6566 0)
(0.0324207 10.4869 0)
(0.00657349 10.1276 0)
(-0.00496314 9.50537 0)
(-0.00869955 8.72021 0)
(-0.00925999 7.86385 0)
(-0.00799235 6.94776 0)
(-0.00560148 5.93337 0)
(-0.0027867 4.70677 0)
(-0.00026638 2.5489 0)
(2.07847 11.0367 0)
(2.39378 10.9989 0)
(2.76158 10.9799 0)
(3.16788 10.9726 0)
(3.5998 10.9697 0)
(4.03861 10.959 0)
(4.47971 10.9396 0)
(4.92713 10.9168 0)
(5.386 10.8952 0)
(5.8597 10.8776 0)
(6.34906 10.8644 0)
(6.8546 10.8541 0)
(7.38658 10.8425 0)
(7.95998 10.8201 0)
(8.40007 10.6275 0)
(8.64088 10.2141 0)
(8.84528 9.74264 6.73173e-19)
(8.94851 9.22969 -4.44635e-14)
(8.95788 8.69366 0)
(8.86946 8.1514 0)
(8.68478 7.60414 0)
(8.37741 7.034 1.37659e-13)
(7.8161 6.38445 0)
(6.4635 4.90495 0)
(1.80245 11.0841 0)
(1.54644 11.1175 0)
(1.31352 11.1326 0)
(1.10213 11.1319 0)
(0.911069 11.1176 0)
(0.739426 11.0917 0)
(0.586468 11.0561 0)
(0.449872 11.0137 0)
(0.333135 10.9618 0)
(0.238988 10.8988 0)
(0.163543 10.8228 0)
(0.103774 10.7175 0)
(0.0576963 10.5259 0)
(0.0275069 10.1276 0)
(0.0113401 9.47024 0)
(0.0031406 8.66979 0)
(-0.00141529 7.80755 0)
(-0.00303591 6.89022 0)
(-0.00285596 5.87719 0)
(-0.00158718 4.65675 0)
(-0.000123654 2.52207 0)
(1.96107 11.2028 0)
(2.27572 11.1729 0)
(2.63784 11.1588 0)
(3.037 11.1556 0)
(3.46832 11.1613 0)
(3.91067 11.1617 0)
(4.35469 11.1516 0)
(4.80304 11.1356 0)
(5.26133 11.1191 0)
(5.73407 11.1058 0)
(6.22391 11.097 0)
(6.73112 11.0917 0)
(7.25605 11.0868 0)
(7.81077 11.0764 0)
(8.41152 11.0481 0)
(8.86424 10.8194 -3.69431e-14)
(9.09215 10.3364 0)
(9.26668 9.79741 4.43206e-14)
(9.31873 9.2234 9.75931e-14)
(9.2647 8.63263 5.43072e-14)
(9.09382 8.03788 0)
(8.7895 7.42145 0)
(8.21448 6.73285 0)
(6.81729 5.17456 0)
(1.68876 11.2342 0)
(1.44106 11.2469 0)
(1.21601 11.2436 0)
(1.01209 11.2265 0)
(0.828245 11.1975 0)
(0.663635 11.1581 0)
(0.515707 11.1115 0)
(0.388596 11.0545 0)
(0.285654 10.9855 0)
(0.202741 10.9023 0)
(0.136521 10.7866 0)
(0.0849272 10.5748 0)
(0.0497498 10.1429 0)
(0.0284256 9.45916 0)
(0.0151352 8.64755 0)
(0.00659228 7.77991 0)
(0.00193507 6.85999 0)
(-0.000102569 5.84655 0)
(-0.000402875 4.62772 0)
(6.39449e-05 2.50804 0)
(1.83101 11.3598 0)
(2.13814 11.3472 0)
(2.49465 11.3407 0)
(2.88525 11.3411 0)
(3.31288 11.354 0)
(3.75838 11.3664 0)
(4.20618 11.3677 0)
(4.65622 11.3604 0)
(5.11419 11.3506 0)
(5.58549 11.3428 0)
(6.07392 11.3394 0)
(6.58171 11.3404 0)
(7.10893 11.3434 0)
(7.65593 11.3437 0)
(8.23747 11.3336 0)
(8.87129 11.2965 0)
(9.33918 11.02 3.97362e-14)
(9.54885 10.4502 0)
(9.68297 9.83004 0)
(9.66604 9.18471 -1.08589e-13)
(9.52533 8.52758 -6.15408e-14)
(9.22675 7.85347 0)
(8.63906 7.11498 0)
(7.20481 5.47197 0)
(1.56884 11.3696 0)
(1.33047 11.3633 0)
(1.11407 11.3431 0)
(0.91836 11.3106 0)
(0.742372 11.2675 0)
(0.58327 11.2166 0)
(0.445868 11.1547 0)
(0.334181 11.0798 0)
(0.243796 10.9896 0)
(0.171086 10.8642 0)
(0.113823 10.6345 0)
(0.0731725 10.1746 0)
(0.0463357 9.47136 0)
(0.027832 8.65086 0)
(0.0150991 7.7781 0)
(0.00709591 6.85422 0)
(0.00270886 5.83793 0)
(0.00080915 4.61789 0)
(0.000271122 2.50442 0)
(1.69559 11.5002 0)
(1.98832 11.5103 0)
(2.33195 11.5213 0)
(2.71279 11.5273 0)
(3.13281 11.5452 0)
(3.57955 11.5692 0)
(4.0318 11.5842 0)
(4.48442 11.5878 0)
(4.94246 11.5863 0)
(5.4121 11.5852 0)
(5.89807 11.5883 0)
(6.40375 11.5966 0)
(6.93133 11.6089 0)
(7.48096 11.6213 0)
(8.05327 11.6276 0)
(8.66697 11.6177 0)
(9.34195 11.5683 0)
(9.82854 11.2285 0)
(10.0108 10.5491 0)
(10.0902 9.83005 0)
(9.97496 9.09824 6.15863e-14)
(9.69963 8.34612 0)
(9.1 7.54866 0)
(7.63908 5.80578 0)
(1.44436 11.4907 0)
(1.21594 11.467 0)
(1.00879 11.4309 0)
(0.821816 11.3839 0)
(0.651813 11.3288 0)
(0.504308 11.262 0)
(0.384025 11.1814 0)
(0.286263 11.0846 0)
(0.207103 10.9503 0)
(0.144078 10.7052 0)
(0.09767 10.2229 0)
(0.0650456 9.50557 0)
(0.0412449 8.67799 0)
(0.024169 7.80007 0)
(0.0127057 6.87103 0)
(0.00567444 5.84944 0)
(0.00208992 4.62461 0)
(0.00051329 2.51069 0)
(1.55652 11.6248 0)
(1.83453 11.6549 0)
(2.15843 11.6888 0)
(2.5214 11.7104 0)
(2.92913 11.7329 0)
(3.37299 11.7664 0)
(3.82948 11.7963 0)
(4.28576 11.8135 0)
(4.74446 11.8222 0)
(5.21231 11.8293 0)
(5.69507 11.8398 0)
(6.19693 11.8561 0)
(6.72117 11.8782 0)
(7.2703 11.9038 0)
(7.84467 11.9278 0)
(8.44655 11.9424 0)
(9.09944 11.9341 0)
(9.82753 11.8688 0)
(10.3381 11.4427 0)
(10.4758 10.6223 0)
(10.4764 9.78087 0)
(10.209 8.92824 0)
(9.61169 8.05305 0)
(8.13806 6.18853 0)
(1.31665 11.5976 0)
(1.09857 11.5577 0)
(0.901093 11.5069 0)
(0.720567 11.4476 0)
(0.563251 11.3761 0)
(0.434607 11.2901 0)
(0.329648 11.187 0)
(0.244155 11.0447 0)
(0.175366 10.7868 0)
(0.123085 10.2876 0)
(0.0845307 9.56015 0)
(0.0553161 8.72688 0)
(0.0337773 7.84397 0)
(0.0187334 6.90876 0)
(0.00896973 5.87995 0)
(0.00345947 4.6471 0)
(0.000788507 2.5261 0)
(1.41516 11.734 0)
(1.67848 11.782 0)
(1.98323 11.8358 0)
(2.32197 11.8789 0)
(2.706 11.9144 0)
(3.13939 11.9548 0)
(3.59789 11.9991 0)
(4.05876 12.0324 0)
(4.5191 12.0538 0)
(4.98532 12.0706 0)
(5.46419 12.0894 0)
(5.96088 12.1141 0)
(6.47931 12.1462 0)
(7.02298 12.185 0)
(7.59501 12.2272 0)
(8.19657 12.2667 0)
(8.8328 12.294 0)
(9.5348 12.2911 0)
(10.335 12.2072 0)
(10.8792 11.6577 0)
(10.9332 10.6528 0)
(10.8121 9.64113 0)
(10.1796 8.66792 0)
(8.73423 6.63966 0)
(1.18679 11.6905 0)
(0.979336 11.6357 0)
(0.78877 11.5724 0)
(0.622025 11.4964 0)
(0.485335 11.4053 0)
(0.373427 11.2965 0)
(0.281809 11.1473 0)
(0.207322 10.8791 0)
(0.149193 10.3677 0)
(0.104714 9.63361 0)
(0.0700497 8.7961 0)
(0.0439277 7.90801 0)
(0.0251782 6.9662 0)
(0.0125592 5.92833 0)
(0.00503275 4.6847 0)
(0.00107874 2.55062 0)
(1.27254 11.8283 0)
(1.52145 11.8925 0)
(1.80779 11.9638 0)
(2.12428 12.0255 0)
(2.47812 12.0795 0)
(2.88417 12.1319 0)
(3.33709 12.1881 0)
(3.80242 12.2388 0)
(4.26579 12.2759 0)
(4.73105 12.3044 0)
(5.2057 12.3325 0)
(5.69602 12.3658 0)
(6.20672 12.4075 0)
(6.74169 12.4586 0)
(7.30489 12.5178 0)
(7.90028 12.5813 0)
(8.53143 12.6425 0)
(9.20691 12.6906 0)
(9.97247 12.7027 0)
(10.8764 12.5992 0)
(11.4716 11.8676 5.89417e-14)
(11.3653 10.5949 0)
(10.8839 9.45807 0)
(9.46546 7.1985 -1.01731e-13)
(1.05573 11.7698 0)
(0.85569 11.7025 0)
(0.679976 11.6223 0)
(0.535631 11.5265 0)
(0.417091 11.4125 0)
(0.319603 11.2573 0)
(0.239612 10.9814 0)
(0.17578 10.4622 0)
(0.125413 9.72427 0)
(0.0853599 8.88373 0)
(0.0545938 7.99098 0)
(0.032039 7.04197 0)
(0.0164109 5.99388 0)
(0.00678467 4.73724 0)
(0.00145651 2.58364 0)
(1.12953 11.9081 0)
(1.36442 11.9871 0)
(1.6332 12.0741 0)
(1.9291 12.1521 0)
(2.25664 12.2225 0)
(2.62632 12.2898 0)
(3.05225 12.3598 0)
(3.51661 12.4275 0)
(3.9843 12.4828 0)
(4.45 12.5257 0)
(4.92078 12.5643 0)
(5.40402 12.6064 0)
(5.90539 12.657 0)
(6.4293 12.7188 0)
(6.97974 12.7926 0)
(7.56131 12.877 0)
(8.17926 12.9683 0)
(8.84086 13.0606 0)
(9.56043 13.1436 0)
(10.4096 13.1912 0)
(11.4719 13.0774 0)
(12.1628 12.0633 -1.38009e-13)
(11.5489 10.6112 0)
(10.4865 7.8916 0)
(0.920638 11.8372 0)
(0.736493 11.7529 0)
(0.584939 11.6528 0)
(0.460136 11.5343 0)
(0.357094 11.3742 0)
(0.271848 11.0928 0)
(0.202509 10.5695 0)
(0.146427 9.83038 0)
(0.101099 8.98796 0)
(0.0657264 8.09126 0)
(0.039274 7.13486 0)
(0.020544 6.07589 0)
(0.00866843 4.80412 0)
(0.00190124 2.62704 0)
(0.982984 11.9754 0)
(1.20807 12.0664 0)
(1.46025 12.1675 0)
(1.73703 12.2601 0)
(2.04138 12.345 0)
(2.37981 12.4252 0)
(2.76526 12.508 0)
(3.20575 12.5935 0)
(3.67478 12.6688 0)
(4.14293 12.7291 0)
(4.61112 12.7803 0)
(5.08739 12.8316 0)
(5.57852 12.8904 0)
(6.08961 12.9611 0)
(6.62481 13.0463 0)
(7.18825 13.1469 0)
(7.78513 13.2623 0)
(8.42283 13.3899 0)
(9.11247 13.5266 0)
(9.87786 13.6673 0)
(10.8354 13.7922 0)
(12.1566 13.6952 0)
(12.7826 12.6279 8.34434e-14)
(11.7653 9.12241 1.02274e-13)
(0.791011 11.8876 0)
(0.632745 11.7836 0)
(0.502087 11.6611 0)
(0.393848 11.497 0)
(0.303644 11.2124 0)
(0.229059 10.6882 0)
(0.167555 9.95 0)
(0.117157 9.10722 0)
(0.077232 8.20736 0)
(0.0468561 7.24385 0)
(0.0249247 6.17331 0)
(0.0107081 4.88513 0)
(0.00235309 2.67967 0)
(0.843038 12.0252 0)
(1.04885 12.1327 0)
(1.2894 12.2451 0)
(1.54851 12.3508 0)
(1.83208 12.4488 0)
(2.1441 12.5407 0)
(2.49348 12.6324 0)
(2.89264 12.7309 0)
(3.34112 12.8283 0)
(3.81055 12.9093 0)
(4.27848 12.976 0)
(4.749 13.0379 0)
(5.22998 13.1043 0)
(5.72745 13.182 0)
(6.24591 13.2754 0)
(6.78917 13.3872 0)
(7.36132 13.5191 0)
(7.96791 13.6718 0)
(8.61886 13.8464 0)
(9.32797 14.0448 0)
(10.129 14.2757 0)
(11.2175 14.5479 0)
(12.9241 14.8925 0)
(14.892 10.5759 1.00658e-13)
(0.67859 11.918 0)
(0.542522 11.792 0)
(0.429466 11.6251 0)
(0.334656 11.339 0)
(0.255185 10.8165 0)
(0.188594 10.0815 0)
(0.13335 9.23982 0)
(0.0889811 8.33771 0)
(0.0547092 7.3676 0)
(0.0295145 6.28521 0)
(0.0128783 4.97956 0)
(0.00285417 2.74129 0)
(0.722087 12.0549 0)
(0.89764 12.1812 0)
(1.11652 12.3091 0)
(1.36372 12.4253 0)
(1.62854 12.5351 0)
(1.91787 12.6381 0)
(2.23713 12.7379 0)
(2.597 12.8424 0)
(3.00587 12.9548 0)
(3.45663 13.0605 0)
(3.92421 13.1469 0)
(4.39149 13.2218 0)
(4.86365 13.2963 0)
(5.34784 13.3797 0)
(5.84924 13.4783 0)
(6.37165 13.5965 0)
(6.91825 13.7378 0)
(7.49264 13.905 0)
(8.10015 14.1019 0)
(8.75221 14.3346 0)
(9.46051 14.6135 0)
(10.2589 14.9724 0)
(11.4723 15.5456 0)
(14.2611 15.2292 0)
(0.581062 11.9263 0)
(0.463601 11.7572 0)
(0.364568 11.4714 0)
(0.280606 10.953 0)
(0.209293 10.223 0)
(0.149453 9.38388 0)
(0.100825 8.48059 0)
(0.0627435 7.50459 0)
(0.0342737 6.41049 0)
(0.015152 5.08641 0)
(0.00340346 2.81209 0)
(0.617407 12.0627 0)
(0.76745 12.2096 0)
(0.953326 12.3554 0)
(1.17786 12.486 0)
(1.43054 12.6053 0)
(1.70001 12.7185 0)
(1.99432 12.8266 0)
(2.32052 12.9353 0)
(2.68932 13.0525 0)
(3.10308 13.1758 0)
(3.55214 13.2874 0)
(4.0167 13.3798 0)
(4.48275 13.4644 0)
(4.95529 13.5531 0)
(5.44056 13.6548 0)
(5.94272 13.7755 0)
(6.4646 13.9202 0)
(7.00832 14.093 0)
(7.57617 14.2987 0)
(8.17189 14.5451 0)
(8.80516 14.8454 0)
(9.47534 15.2201 0)
(10.1983 15.7161 0)
(11.4932 16.6516 0)
(9.43716 15.6761 0)
(0.495938 11.8926 0)
(0.393097 11.6084 0)
(0.305049 11.0959 0)
(0.229405 10.3727 0)
(0.165288 9.53754 0)
(0.112615 8.63423 0)
(0.0708565 7.65326 0)
(0.0391593 6.54787 0)
(0.0175198 5.20486 0)
(0.00398092 2.8913 0)
(0.526252 12.0299 0)
(0.655069 12.2167 0)
(0.813391 12.3818 0)
(1.00336 12.5291 0)
(1.23256 12.6616 0)
(1.48966 12.7832 0)
(1.76289 12.8996 0)
(2.06162 13.0131 0)
(2.39428 13.1312 0)
(2.76933 13.2599 0)
(3.18358 13.3909 0)
(3.62853 13.5073 0)
(4.08933 13.6064 0)
(4.55325 13.7019 0)
(5.0245 13.8058 0)
(5.50819 13.9264 0)
(6.00731 14.0699 0)
(6.52331 14.2416 0)
(7.05657 14.4467 0)
(7.60688 14.6922 0)
(8.17394 14.9898 0)
(8.76023 15.3603 0)
(9.34212 15.8233 0)
(9.83065 16.4774 0)
(9.83571 16.668 0)
(6.29416 13.6227 0)
(0.41999 11.7487 0)
(0.328281 11.2438 0)
(0.248723 10.5289 0)
(0.180681 9.69897 0)
(0.124217 8.79686 0)
(0.0789418 7.81194 0)
(0.0441032 6.69585 0)
(0.0199639 5.33392 0)
(0.00458903 2.97842 0)
(0.445073 11.891 0)
(0.557444 12.1846 0)
(0.69291 12.3874 0)
(0.854373 12.553 0)
(1.04758 12.7008 0)
(1.28054 12.8343 0)
(1.54113 12.9577 0)
(1.81741 13.077 0)
(2.12018 13.1964 0)
(2.45827 13.3239 0)
(2.83634 13.4618 0)
(3.24776 13.598 0)
(3.68725 13.7187 0)
(4.14362 13.8253 0)
(4.60426 13.9324 0)
(5.07223 14.0517 0)
(5.55137 14.1913 0)
(6.04321 14.3573 0)
(6.5474 14.5554 0)
(7.06175 14.7917 0)
(7.58189 15.0749 0)
(8.10024 15.4195 0)
(8.60613 15.8474 0)
(9.03306 16.3794 0)
(9.10655 16.898 0)
(8.06449 15.8497 0)
(4.5023 11.4695 0)
(0.350105 11.3952 0)
(0.267061 10.6897 0)
(0.195467 9.86641 0)
(0.135496 8.96672 0)
(0.0869039 7.97894 0)
(0.0490299 6.85296 0)
(0.0224451 5.47227 0)
(0.00523139 3.0729 0)
(0.370378 11.5483 0)
(0.470687 12.0511 0)
(0.588553 12.3558 0)
(0.726375 12.5568 0)
(0.890295 12.7216 0)
(1.08601 12.869 0)
(1.32193 13.0028 0)
(1.5852 13.1275 0)
(1.86402 13.2498 0)
(2.17039 13.3753 0)
(2.51232 13.5114 0)
(2.89031 13.656 0)
(3.29675 13.7958 0)
(3.72999 13.9206 0)
(4.18125 14.0351 0)
(4.63728 14.1541 0)
(5.09984 14.2886 0)
(5.57132 14.4464 0)
(6.05155 14.6337 0)
(6.53785 14.8561 0)
(7.02467 15.1203 0)
(7.50179 15.435 0)
(7.95094 15.8132 0)
(8.34298 16.2677 0)
(8.60998 16.7248 0)
(8.29328 16.818 0)
(6.51497 14.4647 0)
(3.44964 10.3034 0)
(0.284257 10.8538 0)
(0.209495 10.0381 0)
(0.146321 9.14207 0)
(0.0946401 8.15256 0)
(0.0538734 7.01762 0)
(0.024918 5.61862 0)
(0.00589496 3.17406 0)
(0.300193 11.0191 0)
(0.390953 11.7202 0)
(0.496098 12.2277 0)
(0.615813 12.525 0)
(0.755454 12.7232 0)
(0.921227 12.8862 0)
(1.11884 13.0323 0)
(1.357 13.166 0)
(1.62231 13.2919 0)
(1.90327 13.4172 0)
(2.21265 13.5488 0)
(2.55648 13.692 0)
(2.93187 13.841 0)
(3.33205 13.9832 0)
(3.75858 14.1122 0)
(4.204 14.2348 0)
(4.65405 14.3653 0)
(5.10907 14.5142 0)
(5.56989 14.6889 0)
(6.03436 14.8952 0)
(6.49713 15.1385 0)
(6.9486 15.4247 0)
(7.3717 15.7605 0)
(7.73556 16.1499 0)
(8.04113 16.5367 0)
(8.15227 16.8467 0)
(7.42087 16.3765 0)
(5.21776 13.1475 0)
(2.80137 9.57306 0)
(0.22263 10.2126 0)
(0.156574 9.32119 0)
(0.102056 8.33112 0)
(0.0585718 7.18818 0)
(0.0273495 5.77155 0)
(0.00655879 3.28098 0)
(0.234774 10.3879 0)
(0.31633 11.204 0)
(0.411272 11.9092 0)
(0.518224 12.4019 0)
(0.639254 12.691 0)
(0.780268 12.8853 0)
(0.947369 13.0457 0)
(1.14638 13.19 0)
(1.38616 13.3232 0)
(1.653 13.45 0)
(1.93577 13.5785 0)
(2.24731 13.7157 0)
(2.59108 13.8642 0)
(2.96209 14.0158 0)
(3.35533 14.1597 0)
(3.77486 14.2929 0)
(4.2137 14.4234 0)
(4.65647 14.5648 0)
(5.10199 14.727 0)
(5.54945 14.9165 0)
(5.99459 15.1388 0)
(6.42915 15.3981 0)
(6.83938 15.6985 0)
(7.20171 16.0411 0)
(7.51089 16.3783 0)
(7.7407 16.6919 0)
(7.60177 16.7923 0)
(6.48612 15.6598 0)
(4.15492 12.0027 0)
(0.166154 9.5026 0)
(0.109066 8.51295 0)
(0.0630675 7.36305 0)
(0.0297072 5.9296 0)
(0.00721518 3.39268 0)
(0.174976 9.68442 0)
(0.247067 10.5833 0)
(0.332221 11.4067 0)
(0.428863 12.0949 0)
(0.537075 12.5722 0)
(0.659021 12.8523 0)
(0.801025 13.042 0)
(0.969009 13.1994 0)
(1.169 13.3413 0)
(1.40989 13.4737 0)
(1.67789 13.6014 0)
(1.96212 13.7329 0)
(2.2748 13.8749 0)
(2.61679 14.0271 0)
(2.98227 14.1801 0)
(3.36831 14.3252 0)
(3.7806 14.4623 0)
(4.21222 14.6003 0)
(4.64653 14.7517 0)
(5.08088 14.9255 0)
(5.51279 15.1275 0)
(5.93585 15.362 0)
(6.33901 15.6318 0)
(6.7049 15.9371 0)
(7.03185 16.2399 0)
(7.29609 16.5323 0)
(7.3803 16.7772 0)
(6.99795 16.5917 0)
(5.52518 14.7603 0)
(3.35992 10.9762 0)
(0.115602 8.69659 0)
(0.0673027 7.54064 0)
(0.0319597 6.09131 0)
(0.00785618 3.50811 0)
(0.121592 8.88021 0)
(0.1839 9.88656 0)
(0.259147 10.7971 0)
(0.345901 11.6052 0)
(0.44372 12.2758 0)
(0.552777 12.7371 0)
(0.675334 13.0079 0)
(0.818011 13.1927 0)
(0.986519 13.3464 0)
(1.18713 13.4858 0)
(1.42872 13.6171 0)
(1.69761 13.7457 0)
(1.98288 13.8801 0)
(2.29561 14.0259 0)
(2.63447 14.1802 0)
(2.99382 14.3335 0)
(3.37259 14.4796 0)
(3.77752 14.6204 0)
(4.20136 14.7653 0)
(4.62626 14.9255 0)
(5.04815 15.109 0)
(5.4629 15.3208 0)
(5.86215 15.5636 0)
(6.23249 15.8377 0)
(6.57408 16.1118 0)
(6.87149 16.384 0)
(7.04352 16.6563 0)
(6.96939 16.7751 0)
(6.33685 16.2226 0)
(4.64572 13.7873 0)
(0.0712334 7.71957 0)
(0.0340726 6.25519 0)
(0.00847421 3.62625 0)
(0.0747895 7.89806 0)
(0.127646 9.08383 0)
(0.192647 10.1071 0)
(0.26947 11.0058 0)
(0.357349 11.7978 0)
(0.455963 12.4503 0)
(0.565543 12.8957 0)
(0.688466 13.1572 0)
(0.831547 13.3367 0)
(1.00031 13.4865 0)
(1.20126 13.6231 0)
(1.44324 13.7531 0)
(1.71277 13.8826 0)
(1.9986 14.0196 0)
(2.31034 14.1681 0)
(2.64515 14.3232 0)
(2.9981 14.4763 0)
(3.3697 14.6231 0)
(3.7672 14.7674 0)
(4.18285 14.9183 0)
(4.59765 15.086 0)
(5.00619 15.2773 0)
(5.40285 15.496 0)
(5.77763 15.7431 0)
(6.1309 15.9922 0)
(6.45183 16.2444 0)
(6.68363 16.5141 0)
(6.75556 16.7358 0)
(6.52626 16.6918 0)
(5.62626 15.68 0)
(0.0360349 6.42 0)
(0.00905633 3.74604 0)
(0.0376397 6.58407 0)
(0.0783816 8.09548 0)
(0.133586 9.30547 0)
(0.200045 10.3219 0)
(0.278007 11.2077 0)
(0.366668 11.9832 0)
(0.465793 12.6177 0)
(0.575627 13.0474 0)
(0.698724 13.2996 0)
(0.841992 13.4738 0)
(1.01081 13.6194 0)
(1.21186 13.7531 0)
(1.45398 13.8818 0)
(1.72395 14.0121 0)
(2.00981 14.1512 0)
(2.31969 14.3012 0)
(2.64987 14.4563 0)
(2.99641 14.6087 0)
(3.361 14.7561 0)
(3.75109 14.9033 0)
(4.15829 15.0595 0)
(4.56254 15.2333 0)
(4.95726 15.4304 0)
(5.33555 15.6533 0)
(5.69822 15.8801 0)
(6.0367 16.113 0)
(6.3088 16.3718 0)
(6.46816 16.6238 0)
(6.43047 16.7674 0)
(6.04297 16.5007 0)
(0.00957813 3.86653 0)
(0.0103316 3.9864 0)
(0.0391895 6.76517 0)
(0.0819408 8.30986 0)
(0.138539 9.52084 0)
(0.206077 10.5294 0)
(0.284857 11.4017 0)
(0.374032 12.1604 0)
(0.47343 12.7773 0)
(0.583307 13.1918 0)
(0.706426 13.4349 0)
(0.849707 13.6035 0)
(1.01842 13.7449 0)
(1.2194 13.8756 0)
(1.4615 14.0031 0)
(1.73166 14.1341 0)
(2.01702 14.2747 0)
(2.32437 14.4254 0)
(2.64962 14.5798 0)
(2.98988 14.7312 0)
(3.34772 14.8789 0)
(3.73048 15.0286 0)
(4.12911 15.1892 0)
(4.52264 15.3678 0)
(4.90344 15.569 0)
(5.2731 15.7751 0)
(5.62504 15.9894 0)
(5.92656 16.2335 0)
(6.14417 16.49 0)
(6.2254 16.7057 0)
(6.07727 16.7384 0)
(0.0113118 4.11901 0)
(0.0408229 6.96148 0)
(0.0848478 8.51766 0)
(0.142497 9.72843 0)
(0.210835 10.7283 0)
(0.290168 11.5867 0)
(0.379627 12.329 0)
(0.479104 12.9287 0)
(0.588858 13.3286 0)
(0.711887 13.563 0)
(0.855048 13.726 0)
(1.02355 13.8631 0)
(1.22432 13.9909 0)
(1.46626 14.1171 0)
(1.7364 14.2487 0)
(2.02077 14.3901 0)
(2.32511 14.5408 0)
(2.64534 14.6939 0)
(2.97956 14.8442 0)
(3.33092 14.992 0)
(3.7065 15.1438 0)
(4.09658 15.308 0)
(4.47942 15.4902 0)
(4.85404 15.6772 0)
(5.21588 15.8734 0)
(5.53961 16.1009 0)
(5.79939 16.351 0)
(5.95732 16.5944 0)
(5.95389 16.7548 0)
(0.0120074 4.2628 0)
(0.0421634 7.15144 0)
(0.0871016 8.71744 0)
(0.145548 9.92695 0)
(0.214438 10.9177 0)
(0.294093 11.7623 0)
(0.383645 12.4886 0)
(0.483048 13.0718 0)
(0.592563 13.4577 0)
(0.715419 13.6836 0)
(0.858358 13.8412 0)
(1.02658 13.9741 0)
(1.22703 14.0989 0)
(1.46871 14.2239 0)
(1.73858 14.3559 0)
(2.02156 14.4977 0)
(2.32258 14.6477 0)
(2.63785 14.7993 0)
(2.96632 14.9482 0)
(3.31149 15.096 0)
(3.68011 15.2495 0)
(4.06179 15.4164 0)
(4.44013 15.5864 0)
(4.80903 15.7654 0)
(5.14923 15.9754 0)
(5.44079 16.2131 0)
(5.65428 16.4624 0)
(5.74782 16.6801 0)
(0.01244 4.40197 0)
(0.0431778 7.33363 0)
(0.0887825 8.90795 0)
(0.147786 10.1156 0)
(0.217002 11.0972 0)
(0.296784 11.9283 0)
(0.386278 12.6391 0)
(0.485494 13.2064 0)
(0.59469 13.5792 0)
(0.717308 13.797 0)
(0.859955 13.9492 0)
(1.02783 14.0781 0)
(1.22791 14.2001 0)
(1.46924 14.3239 0)
(1.73862 14.456 0)
(2.01987 14.5977 0)
(2.31741 14.7466 0)
(2.62788 14.8964 0)
(2.95091 15.044 0)
(3.29022 15.1916 0)
(3.65213 15.3463 0)
(4.03042 15.5022 0)
(4.4045 15.6654 0)
(4.75674 15.8579 0)
(5.0721 16.0801 0)
(5.32753 16.324 0)
(5.49072 16.5644 0)
(0.0127207 4.53524 0)
(0.0439091 7.50684 0)
(0.0899608 9.08843 0)
(0.149293 10.2939 0)
(0.218645 11.2664 0)
(0.298398 12.0844 0)
(0.387719 12.7804 0)
(0.486665 13.3328 0)
(0.595486 13.6931 0)
(0.717823 13.9033 0)
(0.860128 14.0504 0)
(1.02763 14.1753 0)
(1.2273 14.2945 0)
(1.4682 14.4172 0)
(1.73686 14.5493 0)
(2.01615 14.6905 0)
(2.31018 14.8378 0)
(2.61605 14.9858 0)
(2.93396 15.132 0)
(3.26773 15.2792 0)
(3.62704 15.4231 0)
(4.0021 15.5729 0)
(4.36325 15.7489 0)
(4.69629 15.9542 0)
(4.98348 16.1864 0)
(5.19903 16.4314 0)
(0.0129074 4.66166 0)
(0.0443925 7.67042 0)
(0.0906899 9.2585 0)
(0.150151 10.4617 0)
(0.21948 11.4254 0)
(0.299088 12.2309 0)
(0.38815 12.9128 0)
(0.486767 13.4511 0)
(0.595178 13.7997 0)
(0.717203 14.0027 0)
(0.859134 14.1448 0)
(1.02624 14.266 0)
(1.22546 14.3827 0)
(1.46587 14.5042 0)
(1.73364 14.636 0)
(2.0108 14.7763 0)
(2.30136 14.922 0)
(2.60288 15.068 0)
(2.91601 15.2127 0)
(3.24762 15.3489 0)
(3.60448 15.4867 0)
(3.96941 15.6481 0)
(4.31565 15.8367 0)
(4.62674 16.0537 0)
(4.88241 16.2927 0)
(0.0130191 4.78081 0)
(0.0446512 7.82408 0)
(0.0910236 9.41804 0)
(0.150446 10.6189 0)
(0.219627 11.5742 0)
(0.299 12.3679 0)
(0.38774 13.0366 0)
(0.485986 13.5615 0)
(0.593968 13.8993 0)
(0.715664 14.0954 0)
(0.857204 14.2329 0)
(1.02391 14.3506 0)
(1.22266 14.4647 0)
(1.46251 14.5852 0)
(1.72924 14.7164 0)
(2.00419 14.8556 0)
(2.29137 14.9995 0)
(2.5888 15.1436 0)
(2.89992 15.2771 0)
(3.22955 15.4067 0)
(3.57849 15.5545 0)
(3.93175 15.7276 0)
(4.26088 15.9283 0)
(4.54719 16.1554 0)
(0.0130592 4.89252 0)
(0.04471 7.96776 0)
(0.0910158 9.56709 0)
(0.150262 10.7658 0)
(0.219197 11.7132 0)
(0.298269 12.4956 0)
(0.38664 13.1519 0)
(0.484493 13.6645 0)
(0.592037 13.9922 0)
(0.71339 14.1819 0)
(0.854539 14.315 0)
(1.02083 14.4293 0)
(1.21911 14.5411 0)
(1.45836 14.6604 0)
(1.72392 14.791 0)
(1.99661 14.9288 0)
(2.28056 15.0709 0)
(2.5761 15.2039 0)
(2.88543 15.3306 0)
(3.20875 15.4685 0)
(3.54861 15.6266 0)
(3.88849 15.8114 0)
(4.19815 16.0235 0)
(0.0130323 4.99676 0)
(0.044597 8.10154 0)
(0.0907201 9.70587 0)
(0.149679 10.9025 0)
(0.218291 11.8426 0)
(0.297016 12.6146 0)
(0.384989 13.2593 0)
(0.482433 13.7603 0)
(0.589539 14.0786 0)
(0.710545 14.2624 0)
(0.851309 14.3913 0)
(1.01719 14.5025 0)
(1.21499 14.6121 0)
(1.45359 14.7303 0)
(1.7179 14.86 0)
(1.98836 14.9964 0)
(2.27073 15.1279 0)
(2.56462 15.254 0)
(2.86874 15.3878 0)
(3.18484 15.5344 0)
(3.5143 15.7029 0)
(3.83891 15.8993 0)
(0.012947 5.09362 0)
(0.0443409 8.22569 0)
(0.090187 9.8347 0)
(0.148772 11.0296 0)
(0.217004 11.9629 0)
(0.295345 12.7252 0)
(0.382905 13.3591 0)
(0.479935 13.8494 0)
(0.58661 14.159 0)
(0.707268 14.3373 0)
(0.847658 14.4623 0)
(1.01313 14.5705 0)
(1.21045 14.6781 0)
(1.44836 14.7951 0)
(1.71138 14.9239 0)
(1.9808 15.0505 0)
(2.26178 15.1753 0)
(2.55135 15.3077 0)
(2.84953 15.4489 0)
(3.15741 15.6045 0)
(3.47501 15.7836 0)
(0.0128129 5.18329 0)
(0.0439688 8.34056 0)
(0.0894613 9.95403 0)
(0.147607 11.1475 0)
(0.21542 12.0746 0)
(0.293353 12.8279 0)
(0.380491 13.4517 0)
(0.477109 13.9321 0)
(0.583365 14.2337 0)
(0.703678 14.4069 0)
(0.843707 14.5282 0)
(1.00878 14.6337 0)
(1.20562 14.7393 0)
(1.44283 14.8552 0)
(1.70543 14.9751 0)
(1.97389 15.0956 0)
(2.25138 15.2262 0)
(2.53601 15.3652 0)
(2.82744 15.5141 0)
(3.12596 15.6789 0)
(0.0126397 5.26606 0)
(0.0435037 8.44658 0)
(0.088585 10.0643 0)
(0.146242 11.2566 0)
(0.21361 12.178 0)
(0.291121 12.9231 0)
(0.377836 13.5377 0)
(0.474048 14.0089 0)
(0.579898 14.303 0)
(0.699875 14.4715 0)
(0.839556 14.5894 0)
(1.00425 14.6924 0)
(1.20061 14.7961 0)
(1.43786 14.9035 0)
(1.69998 15.0179 0)
(1.96581 15.1441 0)
(2.2393 15.2808 0)
(2.51832 15.4265 0)
(2.80209 15.5834 0)
(0.012435 5.34226 0)
(0.0429674 8.54426 0)
(0.0875951 10.1661 0)
(0.144727 11.3575 0)
(0.211634 12.2739 0)
(0.288718 13.0113 0)
(0.375013 13.6173 0)
(0.470828 14.0801 0)
(0.576289 14.3674 0)
(0.695942 14.5314 0)
(0.835289 14.6462 0)
(0.99961 14.7468 0)
(1.19619 14.8418 0)
(1.43336 14.9439 0)
(1.69363 15.064 0)
(1.95639 15.1961 0)
(2.2253 15.3391 0)
(2.49794 15.4919 0)
(0.0122062 5.41229 0)
(0.042379 8.63409 0)
(0.0865234 10.2599 0)
(0.143106 11.4507 0)
(0.209546 12.3625 0)
(0.286202 13.093 0)
(0.372084 13.6911 0)
(0.467514 14.146 0)
(0.572604 14.427 0)
(0.691944 14.587 0)
(0.830976 14.6989 0)
(0.995574 14.7906 0)
(1.19222 14.8801 0)
(1.42814 14.9875 0)
(1.68622 15.1135 0)
(1.94542 15.2518 0)
(2.20909 15.4014 0)
(0.0119601 5.47653 0)
(0.0417549 8.71661 0)
(0.0853967 10.3463 0)
(0.141417 11.5367 0)
(0.207387 12.4445 0)
(0.28362 13.1686 0)
(0.369102 13.7595 0)
(0.464158 14.2072 0)
(0.568895 14.4824 0)
(0.687937 14.6386 0)
(0.827259 14.7413 0)
(0.991978 14.8272 0)
(1.18767 14.9213 0)
(1.42209 15.0344 0)
(1.67757 15.1667 0)
(1.93265 15.3115 0)
(0.0117018 5.53539 0)
(0.0411083 8.79235 0)
(0.0842377 10.4258 0)
(0.139691 11.616 0)
(0.205194 12.5202 0)
(0.281014 13.2385 0)
(0.366109 13.8227 0)
(0.460805 14.2638 0)
(0.565203 14.5336 0)
(0.684514 14.6801 0)
(0.823967 14.7768 0)
(0.987879 14.8668 0)
(1.18245 14.9659 0)
(1.41508 15.0849 0)
(1.6675 15.2237 0)
(0.0114363 5.58928 0)
(0.0404509 8.86181 0)
(0.0830649 10.4989 0)
(0.137952 11.6892 0)
(0.202997 12.5902 0)
(0.278412 13.3032 0)
(0.363136 13.8813 0)
(0.457484 14.3162 0)
(0.562069 14.5749 0)
(0.681498 14.7149 0)
(0.820235 14.8151 0)
(0.983208 14.9095 0)
(1.17645 15.0139 0)
(1.40696 15.1392 0)
(0.0111672 5.63858 0)
(0.0397915 8.92548 0)
(0.0818934 10.5661 0)
(0.136222 11.7567 0)
(0.200819 12.6548 0)
(0.275843 13.363 0)
(0.360208 13.9355 0)
(0.454677 14.3584 0)
(0.559319 14.6095 0)
(0.678095 14.7523 0)
(0.816005 14.8564 0)
(0.977879 14.9555 0)
(1.16955 15.0655 0)
(0.010898 5.68366 0)
(0.0391377 8.98383 0)
(0.0807355 10.6279 0)
(0.134517 11.8188 0)
(0.19868 12.7145 0)
(0.273322 13.4182 0)
(0.357742 13.979 0)
(0.452217 14.3937 0)
(0.556225 14.6467 0)
(0.674256 14.7928 0)
(0.811206 14.901 0)
(0.971798 15.0051 0)
(0.0106303 5.72487 0)
(0.0384954 9.0373 0)
(0.0796002 10.6846 0)
(0.132851 11.8761 0)
(0.196591 12.7696 0)
(0.271206 13.4626 0)
(0.355586 14.0154 0)
(0.449451 14.4317 0)
(0.552748 14.6869 0)
(0.669919 14.8364 0)
(0.805757 14.949 0)
(0.0103678 5.76255 0)
(0.0378663 9.0863 0)
(0.0784987 10.7368 0)
(0.131232 11.9289 0)
(0.194841 12.8139 0)
(0.269363 13.4997 0)
(0.353168 14.0546 0)
(0.446345 14.4727 0)
(0.548834 14.7301 0)
(0.665016 14.8833 0)
(0.0101063 5.797 0)
(0.0372572 9.13121 0)
(0.0774401 10.7847 0)
(0.129879 11.9712 0)
(0.193327 12.8507 0)
(0.267302 13.5396 0)
(0.350459 14.0969 0)
(0.442856 14.5168 0)
(0.544426 14.7768 0)
(0.00985179 5.82848 0)
(0.0366495 9.17241 0)
(0.0765914 10.8231 0)
(0.128709 12.0065 0)
(0.191647 12.8904 0)
(0.265001 13.5826 0)
(0.347425 14.1423 0)
(0.438934 14.5643 0)
(0.00955861 5.85734 0)
(0.036164 9.20524 0)
(0.0758554 10.8549 0)
(0.127415 12.0443 0)
(0.18978 12.9331 0)
(0.262428 13.6288 0)
(0.344023 14.1912 0)
(0.00928678 5.88001 0)
(0.0358031 9.2324 0)
(0.0750126 10.889 0)
(0.125982 12.085 0)
(0.187696 12.9789 0)
(0.259549 13.6784 0)
(0.00914456 5.89918 0)
(0.0354129 9.26145 0)
(0.0740517 10.9256 0)
(0.12439 12.1285 0)
(0.185369 13.0281 0)
(0.00904774 5.91961 0)
(0.0349519 9.29251 0)
(0.0729694 10.9647 0)
(0.122618 12.1752 0)
(0.00894417 5.94136 0)
(0.0344144 9.32568 0)
(0.0717616 11.0065 0)
(0.00882128 5.96453 0)
(0.0338064 9.36104 0)
(0.00868291 5.98915 0)
)
;

boundaryField
{
    inlet
    {
        type            fixedValue;
        value           uniform (0 10 0);
    }
    outlet
    {
        type            zeroGradient;
    }
    splitter
    {
        type            noSlip;
    }
    fuel_inlet
    {
        type            fixedValue;
        value           nonuniform List<vector> 0();
    }
    back
    {
        type            noSlip;
    }
    sides
    {
        type            noSlip;
    }
    frontAndBack
    {
        type            empty;
    }
    procBoundary0to1
    {
        type            processor;
        value           nonuniform List<vector> 
53
(
(0.00241088 10.0013 0)
(0.00694947 10.0076 0)
(0.00960062 10.0192 0)
(0.0104249 10.031 0)
(0.0100785 10.0423 3.06144e-15)
(0.00869159 10.0523 -3.23246e-15)
(0.00625001 10.0604 0)
(0.00280051 10.066 7.20687e-15)
(-0.00183106 10.0686 -7.60775e-15)
(-0.00764475 10.0678 0)
(-0.0148055 10.0632 0)
(-0.0236553 10.0544 8.94168e-15)
(-0.0342874 10.041 -1.88656e-14)
(-0.0469467 10.0226 -8.7767e-21)
(-0.0618968 9.99867 1.04943e-14)
(-0.0793983 9.96893 -1.10666e-14)
(-0.0997355 9.93294 1.16667e-14)
(-0.123193 9.89033 0)
(-0.150071 9.84076 1.29551e-14)
(-0.180687 9.7839 -1.36464e-14)
(-0.215369 9.71947 0)
(-0.254449 9.64723 0)
(-0.298281 9.56698 0)
(-0.347233 9.47858 -3.34447e-14)
(-0.40169 9.38194 7.02698e-14)
(-0.462054 9.277 -7.37594e-14)
(-0.528751 9.16381 7.7342e-14)
(-0.602217 9.04245 -4.04997e-14)
(-0.682961 8.91303 -4.23499e-14)
(-0.771246 8.77592 4.43464e-14)
(-0.88449 8.60542 0)
(-1.03201 8.39534 0)
(-1.20263 8.17103 3.8723e-14)
(-1.39932 7.93317 -3.97425e-14)
(-1.61289 7.68602 4.0332e-14)
(-1.83668 7.43304 -4.13542e-14)
(-2.07408 7.17631 0)
(-2.32852 6.91996 0)
(-2.60095 6.66976 0)
(-2.89067 6.4308 -5.15977e-14)
(-3.19545 6.20755 5.53499e-14)
(-3.51164 6.00375 5.95583e-14)
(-3.83453 5.82196 -6.42642e-14)
(-4.15877 5.66326 6.95373e-14)
(-4.47863 5.52724 -7.5483e-14)
(-4.7882 5.41186 0)
(-5.08122 5.31349 0)
(-5.35023 5.22668 -9.91756e-14)
(-5.58581 5.14319 1.96548e-19)
(-5.77359 5.04992 2.47883e-13)
(-5.8788 4.92586 -1.418e-13)
(-5.79109 4.71301 -1.65251e-13)
(-5.05837 3.83449 3.85227e-13)
)
;
    }
    procBoundary0to3
    {
        type            processor;
        value           nonuniform List<vector> 
41
(
(0.277816 14.6366 0)
(0.951584 12.3729 0)
(1.46059 10.8627 0)
(1.79154 10.4423 0)
(1.98183 10.3417 0)
(2.42954 8.97992 0)
(2.42954 8.97992 0)
(2.80878 10.1014 0)
(3.89834 12.8073 0)
(4.91906 14.9989 0)
(5.51827 16.1863 0)
(5.70148 16.6461 0)
(5.65891 16.7621 0)
(5.51782 16.7397 0)
(5.30851 16.6529 0)
(5.05476 16.5325 0)
(4.76814 16.3973 0)
(4.45678 16.2582 0)
(4.12664 16.1215 0)
(3.7823 15.9909 0)
(3.43009 15.8684 0)
(3.08998 15.7575 0)
(2.77302 15.657 0)
(2.47449 15.5615 0)
(2.19034 15.4679 0)
(1.91782 15.3752 0)
(1.65578 15.2849 0)
(1.39755 15.1975 0)
(1.16162 15.1211 0)
(0.964854 15.0585 0)
(0.799567 15.0008 0)
(0.659469 14.9339 0)
(0.539457 14.8269 0)
(0.434524 14.6153 0)
(0.340207 14.2437 0)
(0.256326 13.7317 0)
(0.182768 13.0808 0)
(0.120644 12.2251 0)
(0.0704194 11.0511 0)
(0.033128 9.39864 0)
(0.00852781 6.01526 0)
)
;
    }
}


// ************************************************************************* //
