1.19904e-05	1
2.63616e-05	0.0855107
4.35873e-05	0.0826867
6.42437e-05	0.0906098
8.90212e-05	0.0961768
0.000118695	0.0953529
0.000154239	0.0904577
0.000196861	0.0838368
0.000247919	0.0776069
0.00030887	0.0724812
0.000381736	0.0694225
0.000469174	0.0673646
0.000573909	0.066807
0.000697936	0.0670069
0.000841045	0.0680093
0.00100173	0.0706804
1.19904e-05	0.0517292
2.63616e-05	0.0182347
4.35873e-05	0.0206757
6.42437e-05	0.0237825
8.90212e-05	0.0248735
0.000118695	0.024079
0.000154239	0.0226273
0.000196861	0.021099
0.000247919	0.0199409
0.00030887	0.0193226
0.000381736	0.0193977
0.000469174	0.0195376
0.000573909	0.0205096
0.000697936	0.0217097
0.000841045	0.0239477
0.00100173	0.0267829
1.19904e-05	0.000540808
2.63616e-05	0.000131304
4.35873e-05	9.86676e-05
6.42437e-05	8.00119e-05
8.90212e-05	7.64574e-05
0.000118695	9.11762e-05
0.000154239	9.86346e-05
0.000196861	0.00010603
0.000247919	0.000107454
0.00030887	0.000113931
0.000381736	0.000132074
0.000469174	0.000157707
0.000573909	0.000179985
0.000697936	0.000201591
0.000841045	0.000235887
0.00100173	0.000275391
1.19904e-05	0.000413741
2.63616e-05	8.88789e-05
4.35873e-05	6.58822e-05
6.42437e-05	5.36822e-05
8.90212e-05	5.06281e-05
0.000118695	5.95896e-05
0.000154239	6.43604e-05
0.000196861	6.9036e-05
0.000247919	6.9797e-05
0.00030887	7.45456e-05
0.000381736	8.66154e-05
0.000469174	0.000104051
0.000573909	0.000120027
0.000697936	0.000138715
0.000841045	0.000167158
0.00100173	0.00019432
1.19904e-05	0.000315189
2.63616e-05	6.02013e-05
4.35873e-05	4.42037e-05
6.42437e-05	3.61376e-05
8.90212e-05	3.37553e-05
0.000118695	3.91186e-05
0.000154239	4.21796e-05
0.000196861	4.51322e-05
0.000247919	4.55607e-05
0.00030887	4.89066e-05
0.000381736	5.69325e-05
0.000469174	6.88165e-05
0.000573909	8.03921e-05
0.000697936	9.59812e-05
0.000841045	0.000120579
0.00100173	0.000137123
1.19904e-05	0.000238256
2.63616e-05	4.09437e-05
4.35873e-05	2.98607e-05
6.42437e-05	2.44401e-05
8.90212e-05	2.25327e-05
0.000118695	2.57671e-05
0.000154239	2.77028e-05
0.000196861	2.95862e-05
0.000247919	2.98795e-05
0.00030887	3.22341e-05
0.000381736	3.76538e-05
0.000469174	4.55642e-05
0.000573909	5.41595e-05
0.000697936	6.67283e-05
0.000841045	8.6771e-05
0.00100173	9.97279e-05
1.19904e-05	0.000180378
2.63616e-05	2.82276e-05
4.35873e-05	2.02566e-05
6.42437e-05	1.65885e-05
8.90212e-05	1.51559e-05
0.000118695	1.71322e-05
0.000154239	1.82586e-05
0.000196861	1.94535e-05
0.000247919	1.96502e-05
0.00030887	2.13079e-05
0.000381736	2.5049e-05
0.000469174	3.04209e-05
0.000573909	3.66492e-05
0.000697936	4.6541e-05
0.000841045	6.22168e-05
0.00100173	7.23683e-05
1.19904e-05	0.000138953
2.63616e-05	1.97448e-05
4.35873e-05	1.37225e-05
6.42437e-05	1.1264e-05
8.90212e-05	1.01564e-05
0.000118695	1.13561e-05
0.000154239	1.20049e-05
0.000196861	1.28351e-05
0.000247919	1.29642e-05
0.00030887	1.41214e-05
0.000381736	1.66923e-05
0.000469174	2.02849e-05
0.000573909	2.48966e-05
0.000697936	3.26746e-05
0.000841045	4.46733e-05
0.00100173	5.22648e-05
1.19904e-05	0.00010617
2.63616e-05	1.4021e-05
4.35873e-05	9.35257e-06
6.42437e-05	7.66786e-06
8.90212e-05	6.88001e-06
0.000118695	7.62648e-06
0.000154239	8.02993e-06
0.000196861	8.41937e-06
0.000247919	8.64256e-06
0.00030887	9.35426e-06
0.000381736	1.11327e-05
0.000469174	1.3683e-05
0.000573909	1.70019e-05
0.000697936	2.29233e-05
0.000841045	3.20555e-05
0.00100173	3.76576e-05
1.19904e-05	8.016e-05
2.63616e-05	1.00408e-05
4.35873e-05	6.85001e-06
6.42437e-05	5.69212e-06
8.90212e-05	5.14257e-06
0.000118695	5.66046e-06
0.000154239	6.03774e-06
0.000196861	6.39775e-06
0.000247919	6.59099e-06
0.00030887	7.27404e-06
0.000381736	7.50898e-06
0.000469174	9.23174e-06
0.000573909	1.16592e-05
0.000697936	1.62675e-05
0.000841045	2.279e-05
0.00100173	2.74101e-05
1.19904e-05	6.04604e-05
2.63616e-05	6.96556e-06
4.35873e-05	4.71682e-06
6.42437e-05	3.93731e-06
8.90212e-05	3.53729e-06
0.000118695	4.01175e-06
0.000154239	4.30763e-06
0.000196861	4.60673e-06
0.000247919	4.75001e-06
0.00030887	5.39311e-06
0.000381736	6.0324e-06
0.000469174	7.65039e-06
0.000573909	8.14833e-06
0.000697936	1.16357e-05
0.000841045	1.65383e-05
0.00100173	2.00474e-05
1.19904e-05	4.48977e-05
2.63616e-05	5.27845e-06
0.000381736	4.52713e-06
0.000469174	6.04009e-06
0.000573909	7.09419e-06
0.000697936	8.61297e-06
0.000841045	1.19705e-05
0.00100173	1.46339e-05
1.19904e-05	0.0176604
2.63616e-05	0.00751693
4.35873e-05	0.0075979
6.42437e-05	0.0077606
8.90212e-05	0.00748249
0.000118695	0.00689924
0.000154239	0.00620783
0.000196861	0.00567218
0.000247919	0.00571848
0.00030887	0.00586769
0.000381736	0.00590648
0.000469174	0.00630907
0.000573909	0.00705511
0.000697936	0.00816531
0.000841045	0.00962572
0.00100173	0.0113447
1.19904e-05	3.24879e-05
2.63616e-05	3.87679e-06
0.000841045	8.60098e-06
0.00100173	1.05912e-05
1.19904e-05	2.41479e-05
0.00100173	8.23024e-06
1.19904e-05	1.77279e-05
0.00100173	8.30278e-06
1.19904e-05	1.2634e-05
0.00100173	7.32743e-06
1.19904e-05	9.49895e-06
0.00100173	6.41598e-06
1.19904e-05	7.67876e-06
0.00100173	5.71085e-06
1.19904e-05	6.17623e-06
0.00100173	4.63097e-06
1.19904e-05	5.25188e-06
0.00100173	3.81135e-06
1.19904e-05	4.43646e-06
0.00100173	3.25045e-06
1.19904e-05	3.54895e-06
0.00100173	3.03235e-06
1.19904e-05	0.00913749
2.63616e-05	0.00391613
4.35873e-05	0.00340422
6.42437e-05	0.00313283
8.90212e-05	0.00281353
0.000118695	0.0023861
0.000154239	0.00230461
0.000196861	0.00249438
0.000247919	0.00257152
0.00030887	0.00254507
0.000381736	0.00267989
0.000469174	0.00309324
0.000573909	0.0036909
0.000697936	0.00423868
0.000841045	0.00493513
0.00100173	0.00593982
1.19904e-05	2.92495e-06
0.00100173	2.93233e-06
1.19904e-05	2.29186e-06
0.00100173	2.41876e-06
1.19904e-05	1.77728e-06
0.00100173	2.02794e-06
1.19904e-05	1.402e-06
0.00100173	1.87649e-06
1.19904e-05	1.24056e-06
0.00100173	1.78787e-06
0.00100173	1.56286e-06
0.00100173	1.38698e-06
0.00100173	1.42345e-06
0.00100173	1.47573e-06
0.00100173	1.34947e-06
1.19904e-05	0.00485395
2.63616e-05	0.0020564
4.35873e-05	0.00171657
6.42437e-05	0.00151709
8.90212e-05	0.00127827
0.000118695	0.00131104
0.000154239	0.00145558
0.000196861	0.00153002
0.000247919	0.00155972
0.00030887	0.00152814
0.000381736	0.00165593
0.000469174	0.0019724
0.000573909	0.0023258
0.000697936	0.00258928
0.000841045	0.00297511
0.00100173	0.00343003
0.00100173	1.23924e-06
0.00100173	1.32113e-06
1.19904e-05	0.0027255
2.63616e-05	0.00111909
4.35873e-05	0.000966554
6.42437e-05	0.000817748
8.90212e-05	0.000727468
0.000118695	0.000865004
0.000154239	0.000904837
0.000196861	0.000978347
0.000247919	0.000986416
0.00030887	0.000986353
0.000381736	0.00108105
0.000469174	0.00128643
0.000573909	0.00149132
0.000697936	0.00164301
0.000841045	0.00183202
0.00100173	0.00194658
1.19904e-05	0.00179982
2.63616e-05	0.000690565
4.35873e-05	0.000577403
6.42437e-05	0.000474381
8.90212e-05	0.000447837
0.000118695	0.000548918
0.000154239	0.000576022
0.000196861	0.000618805
0.000247919	0.000627318
0.00030887	0.000636299
0.000381736	0.000703761
0.000469174	0.000837112
0.000573909	0.00096752
0.000697936	0.00106288
0.000841045	0.00115341
0.00100173	0.0012216
1.19904e-05	0.00126269
2.63616e-05	0.000442774
4.35873e-05	0.000355941
6.42437e-05	0.000289355
8.90212e-05	0.00028063
0.000118695	0.000345333
0.000154239	0.000368722
0.000196861	0.000396297
0.000247919	0.000401419
0.00030887	0.000410728
0.000381736	0.000459932
0.000469174	0.000548787
0.000573909	0.000630164
0.000697936	0.000692812
0.000841045	0.000745774
0.00100173	0.000793396
1.19904e-05	0.000927583
2.63616e-05	0.000289064
4.35873e-05	0.000227382
6.42437e-05	0.000183481
8.90212e-05	0.000179646
0.000118695	0.000218987
0.000154239	0.000235913
0.000196861	0.000254253
0.000247919	0.000257554
0.00030887	0.000267122
0.000381736	0.000304402
0.000469174	0.000361426
0.000573909	0.000412373
0.000697936	0.000454753
0.000841045	0.000495822
0.00100173	0.00055034
1.19904e-05	0.00070404
2.63616e-05	0.000193977
4.35873e-05	0.000148989
6.42437e-05	0.000120107
8.90212e-05	0.000116526
0.000118695	0.000140543
0.000154239	0.000152001
0.000196861	0.000163754
0.000247919	0.000166165
0.00030887	0.000174612
0.000381736	0.000200754
0.000469174	0.000239138
0.000573909	0.00027001
0.000697936	0.0003006
0.000841045	0.000337935
0.00100173	0.000389256
