# Residuals   
# Time        	p             	Ux            	Uy            	k             	epsilon       
0             	N/A	N/A	N/A	N/A
0.000119048   	1.000000e+00	0.000000e+00	1.000000e+00	1.000000e+00	4.608131e-02
0.000260204   	2.643236e-02	2.025113e-01	8.261981e-01	3.871896e-02	1.731055e-02
0.000428132   	3.200627e-01	2.785092e-02	1.491523e-02	1.392138e-02	9.095214e-03
0.000627546   	1.756009e-01	1.904453e-02	1.115039e-02	1.040529e-02	7.549377e-03
0.000861857   	1.243521e-01	1.592351e-02	1.009794e-02	8.492892e-03	6.654702e-03
0.00113877    	1.079298e-01	1.429170e-02	9.407932e-03	7.305783e-03	6.047643e-03
0.00145524    	1.034596e-01	1.289872e-02	8.626857e-03	6.426569e-03	5.535433e-03
0.00181127    	1.022425e-01	1.172629e-02	7.900174e-03	5.749486e-03	5.151869e-03
0.00220121    	9.953049e-02	1.063707e-02	7.188668e-03	5.192570e-03	4.769365e-03
0.00263448    	9.947955e-02	9.768066e-03	6.653870e-03	4.740402e-03	4.442593e-03
0.00309482    	9.559653e-02	8.920997e-03	6.095178e-03	4.285932e-03	4.047892e-03
0.00358805    	9.299238e-02	8.245140e-03	5.670592e-03	3.919215e-03	3.732678e-03
0.00408128    	8.641491e-02	7.544972e-03	5.180095e-03	3.550687e-03	3.356723e-03
0.00457451    	8.090117e-02	6.982139e-03	4.795761e-03	3.262910e-03	3.065860e-03
0.00506773    	7.603028e-02	6.530615e-03	4.486212e-03	3.035802e-03	2.832396e-03
0.00556096    	7.208375e-02	6.170615e-03	4.230013e-03	2.860220e-03	2.627070e-03
0.00605419    	6.877330e-02	5.864200e-03	4.013585e-03	2.719948e-03	2.455265e-03
0.00654741    	6.588334e-02	5.598350e-03	3.826978e-03	2.606998e-03	2.298503e-03
0.00704064    	6.335176e-02	5.369203e-03	3.662809e-03	2.510296e-03	2.163283e-03
0.00753387    	6.127456e-02	5.162280e-03	3.517546e-03	2.430025e-03	2.039446e-03
0.00802709    	5.956326e-02	4.976316e-03	3.386445e-03	2.358084e-03	1.936464e-03
0.00852032    	5.805312e-02	4.807123e-03	3.270311e-03	2.295470e-03	1.849526e-03
0.00901355    	5.655661e-02	4.650400e-03	3.164850e-03	2.236301e-03	1.766425e-03
0.00950677    	5.512829e-02	4.502737e-03	3.068692e-03	2.180412e-03	1.688425e-03
0.01          	5.388032e-02	4.364876e-03	2.979544e-03	2.128031e-03	1.615264e-03
0.0105        	5.333887e-02	4.252475e-03	2.914392e-03	2.088506e-03	1.556750e-03
0.011         	5.218033e-02	4.125490e-03	2.836143e-03	2.040664e-03	1.496733e-03
0.0115        	5.116311e-02	4.007568e-03	2.764094e-03	1.995660e-03	1.439335e-03
0.012         	5.018372e-02	3.897761e-03	2.696845e-03	1.954296e-03	1.386498e-03
0.0125        	4.940584e-02	3.792116e-03	2.634410e-03	1.915509e-03	1.340043e-03
0.013         	4.868669e-02	3.688412e-03	2.575216e-03	1.878952e-03	1.295842e-03
0.0135        	4.785562e-02	3.588773e-03	2.520324e-03	1.844155e-03	1.253514e-03
0.014         	4.721288e-02	3.498646e-03	2.469249e-03	1.810963e-03	1.213181e-03
0.0145        	4.651520e-02	3.409707e-03	2.420702e-03	1.780321e-03	1.179762e-03
0.015         	4.601641e-02	3.321425e-03	2.375086e-03	1.750092e-03	1.141637e-03
0.0155        	4.531668e-02	3.239989e-03	2.331714e-03	1.721809e-03	1.111835e-03
0.016         	4.490542e-02	3.162025e-03	2.290366e-03	1.694389e-03	1.080249e-03
0.0165        	4.443411e-02	3.083560e-03	2.251292e-03	1.669131e-03	1.053882e-03
0.017         	4.392871e-02	3.010239e-03	2.213876e-03	1.644698e-03	1.023388e-03
0.0175        	4.350940e-02	2.941765e-03	2.178003e-03	1.623057e-03	1.000264e-03
0.018         	4.307215e-02	2.870331e-03	2.143547e-03	1.601167e-03	9.766439e-04
0.0185        	4.266634e-02	2.805980e-03	2.110610e-03	1.581180e-03	9.528437e-04
0.019         	4.233016e-02	2.744014e-03	2.078874e-03	1.562183e-03	9.374917e-04
0.0195        	4.195109e-02	2.680063e-03	2.047597e-03	1.544778e-03	9.179374e-04
0.02          	4.160948e-02	2.624177e-03	2.018224e-03	1.528375e-03	9.021519e-04
0.0205        	4.124990e-02	2.564263e-03	1.989015e-03	1.513839e-03	8.905776e-04
0.021         	4.084593e-02	2.511114e-03	1.961019e-03	1.499692e-03	8.763506e-04
0.0215        	4.049153e-02	2.457731e-03	1.933628e-03	1.486306e-03	8.628307e-04
0.022         	4.012166e-02	2.405551e-03	1.907069e-03	1.474347e-03	8.515000e-04
0.0225        	3.979816e-02	2.356402e-03	1.881096e-03	1.462183e-03	8.410059e-04
0.023         	3.938530e-02	2.307251e-03	1.855809e-03	1.451000e-03	8.337365e-04
0.0235        	3.910038e-02	2.260320e-03	1.831070e-03	1.440497e-03	8.241029e-04
0.024         	3.868592e-02	2.213669e-03	1.806604e-03	1.430429e-03	8.130055e-04
0.0245        	3.834435e-02	2.170860e-03	1.783077e-03	1.420622e-03	8.057806e-04
0.025         	3.794911e-02	2.125218e-03	1.759553e-03	1.410988e-03	7.975474e-04
0.0255        	3.760831e-02	2.085455e-03	1.736450e-03	1.401824e-03	7.910885e-04
0.026         	3.713510e-02	2.041796e-03	1.713602e-03	1.392251e-03	7.844693e-04
0.0265        	3.677429e-02	2.003363e-03	1.691215e-03	1.383002e-03	7.778212e-04
0.027         	3.637663e-02	1.962145e-03	1.668599e-03	1.372845e-03	7.694755e-04
0.0275        	3.589830e-02	1.924226e-03	1.646624e-03	1.363384e-03	7.603150e-04
0.028         	3.560528e-02	1.884987e-03	1.624740e-03	1.353443e-03	7.527103e-04
0.0285        	3.511517e-02	1.847219e-03	1.602388e-03	1.341908e-03	7.461203e-04
0.029         	3.464954e-02	1.808749e-03	1.580256e-03	1.329956e-03	7.361338e-04
0.0295        	3.417524e-02	1.770545e-03	1.557698e-03	1.316866e-03	7.284882e-04
0.03          	3.369250e-02	1.731340e-03	1.534894e-03	1.302714e-03	7.167275e-04
0.0305        	3.323619e-02	1.691847e-03	1.511931e-03	1.287850e-03	7.074908e-04
0.031         	3.268936e-02	1.652276e-03	1.488488e-03	1.271603e-03	6.992394e-04
0.0315        	3.214346e-02	1.610598e-03	1.464684e-03	1.253601e-03	6.869701e-04
0.032         	3.155493e-02	1.570775e-03	1.440246e-03	1.234127e-03	6.790373e-04
0.0325        	3.098340e-02	1.528686e-03	1.415420e-03	1.214003e-03	6.661982e-04
0.033         	3.031380e-02	1.487275e-03	1.390007e-03	1.191986e-03	6.571768e-04
0.0335        	2.965701e-02	1.445363e-03	1.363803e-03	1.168660e-03	6.453922e-04
0.034         	2.901834e-02	1.402906e-03	1.337456e-03	1.144380e-03	6.369276e-04
0.0345        	2.826914e-02	1.361210e-03	1.310332e-03	1.117991e-03	6.228797e-04
0.035         	2.751759e-02	1.319636e-03	1.282693e-03	1.090445e-03	6.132320e-04
0.0355        	2.679040e-02	1.278810e-03	1.254597e-03	1.061788e-03	6.005743e-04
0.036         	2.601175e-02	1.239089e-03	1.226342e-03	1.033045e-03	5.884858e-04
0.0365        	2.531987e-02	1.200044e-03	1.197577e-03	1.003587e-03	5.751055e-04
0.037         	2.456971e-02	1.162966e-03	1.168794e-03	9.736272e-04	5.615152e-04
0.0375        	2.386340e-02	1.126624e-03	1.139929e-03	9.437879e-04	5.508231e-04
0.038         	2.331776e-02	1.093252e-03	1.111035e-03	9.145034e-04	5.413256e-04
0.0385        	2.260312e-02	1.060208e-03	1.081967e-03	8.850956e-04	5.281515e-04
0.039         	2.180071e-02	1.029894e-03	1.053187e-03	8.563395e-04	5.170606e-04
0.0395        	2.130334e-02	1.001387e-03	1.024910e-03	8.289439e-04	5.086233e-04
0.04          	2.090842e-02	9.748358e-04	9.967240e-04	8.028069e-04	4.975276e-04
0.0405        	2.002908e-02	9.500077e-04	9.688987e-04	7.772203e-04	4.861981e-04
0.041         	1.964926e-02	9.282725e-04	9.416354e-04	7.540789e-04	4.784186e-04
0.0415        	1.921472e-02	9.074428e-04	9.145003e-04	7.319855e-04	4.683973e-04
0.042         	1.858550e-02	8.898694e-04	8.880948e-04	7.116902e-04	4.583770e-04
0.0425        	1.815666e-02	8.724336e-04	8.621331e-04	6.929278e-04	4.510772e-04
0.043         	1.787287e-02	8.575493e-04	8.370197e-04	6.749052e-04	4.448436e-04
0.0435        	1.756490e-02	8.438500e-04	8.121254e-04	6.576246e-04	4.381041e-04
0.044         	1.711805e-02	8.309009e-04	7.880342e-04	6.422965e-04	4.314889e-04
0.0445        	1.693472e-02	8.207393e-04	7.646655e-04	6.274914e-04	4.246895e-04
0.045         	1.670945e-02	8.112989e-04	7.416387e-04	6.136156e-04	4.161903e-04
0.0455        	1.633711e-02	8.049998e-04	7.194228e-04	6.000335e-04	4.094251e-04
0.046         	1.608527e-02	7.975507e-04	6.977555e-04	5.868028e-04	4.013190e-04
0.0465        	1.591007e-02	7.923887e-04	6.768219e-04	5.743396e-04	3.963348e-04
0.047         	1.576758e-02	7.859869e-04	6.566980e-04	5.620763e-04	3.898619e-04
0.0475        	1.556275e-02	7.806487e-04	6.369104e-04	5.499249e-04	3.823606e-04
0.048         	1.519429e-02	7.736667e-04	6.179558e-04	5.383175e-04	3.767540e-04
0.0485        	1.507629e-02	7.670263e-04	5.996860e-04	5.268946e-04	3.719605e-04
0.049         	1.471196e-02	7.593265e-04	5.821021e-04	5.158875e-04	3.658215e-04
0.0495        	1.459201e-02	7.513342e-04	5.652679e-04	5.047376e-04	3.570379e-04
0.05          	1.425241e-02	7.429047e-04	5.489473e-04	4.941660e-04	3.520939e-04
0.0505        	1.394143e-02	7.328687e-04	5.333403e-04	4.835813e-04	3.453560e-04
0.051         	1.364087e-02	7.233038e-04	5.183084e-04	4.733517e-04	3.394708e-04
0.0515        	1.336471e-02	7.120498e-04	5.040343e-04	4.633958e-04	3.322123e-04
0.052         	1.306636e-02	7.009608e-04	4.902973e-04	4.535096e-04	3.283946e-04
0.0525        	1.279119e-02	6.886010e-04	4.772373e-04	4.439125e-04	3.209833e-04
0.053         	1.246739e-02	6.764486e-04	4.647916e-04	4.347302e-04	3.155644e-04
0.0535        	1.215528e-02	6.633070e-04	4.529094e-04	4.257078e-04	3.100516e-04
0.054         	1.188660e-02	6.501639e-04	4.416256e-04	4.168267e-04	3.046083e-04
0.0545        	1.192316e-02	6.383678e-04	4.312411e-04	4.084639e-04	3.022689e-04
0.055         	1.156939e-02	6.243280e-04	4.208448e-04	4.001220e-04	2.965606e-04
0.0555        	1.153206e-02	6.125979e-04	4.111747e-04	3.922317e-04	2.920339e-04
0.056         	1.118852e-02	5.994432e-04	4.016782e-04	3.845152e-04	2.867720e-04
0.0565        	1.088295e-02	5.883512e-04	3.929255e-04	3.771575e-04	2.826314e-04
0.057         	1.070392e-02	5.782481e-04	3.845698e-04	3.699794e-04	2.776848e-04
0.0575        	1.044557e-02	5.668717e-04	3.764839e-04	3.628288e-04	2.724327e-04
0.058         	1.036945e-02	5.584491e-04	3.689083e-04	3.561366e-04	2.696267e-04
0.0585        	1.010245e-02	5.497543e-04	3.613683e-04	3.497693e-04	2.647434e-04
0.059         	9.997695e-03	5.415574e-04	3.543272e-04	3.435714e-04	2.619019e-04
0.0595        	9.891900e-03	5.344935e-04	3.474233e-04	3.373483e-04	2.564750e-04
0.06          	9.725631e-03	5.287610e-04	3.406790e-04	3.313597e-04	2.537376e-04
0.0605        	9.486711e-03	5.237992e-04	3.339888e-04	3.256448e-04	2.493941e-04
0.061         	9.721326e-03	5.196842e-04	3.278319e-04	3.199095e-04	2.448143e-04
0.0615        	9.603995e-03	5.171508e-04	3.215280e-04	3.146174e-04	2.419633e-04
0.062         	9.307212e-03	5.144637e-04	3.150770e-04	3.092116e-04	2.394755e-04
0.0625        	9.339023e-03	5.112378e-04	3.089425e-04	3.038340e-04	2.341748e-04
0.063         	9.253380e-03	5.077777e-04	3.027103e-04	2.985266e-04	2.309053e-04
0.0635        	9.122408e-03	5.030598e-04	2.962704e-04	2.933602e-04	2.266048e-04
0.064         	8.932532e-03	4.971518e-04	2.898807e-04	2.882454e-04	2.239487e-04
0.0645        	8.915938e-03	4.922453e-04	2.833963e-04	2.829420e-04	2.208654e-04
0.065         	8.643075e-03	4.852857e-04	2.768509e-04	2.775426e-04	2.163114e-04
0.0655        	8.620617e-03	4.788620e-04	2.702181e-04	2.723555e-04	2.130333e-04
0.066         	8.328268e-03	4.715277e-04	2.634451e-04	2.668381e-04	2.091628e-04
0.0665        	8.154901e-03	4.653070e-04	2.566347e-04	2.617215e-04	2.058298e-04
0.067         	7.844220e-03	4.581380e-04	2.496032e-04	2.562154e-04	2.019549e-04
0.0675        	7.695002e-03	4.504235e-04	2.424135e-04	2.509172e-04	1.974661e-04
0.068         	7.753838e-03	4.439899e-04	2.353137e-04	2.449970e-04	1.930551e-04
0.0685        	7.488902e-03	4.385818e-04	2.279189e-04	2.393289e-04	1.886784e-04
0.069         	7.330631e-03	4.319983e-04	2.206496e-04	2.335106e-04	1.846684e-04
0.0695        	7.192891e-03	4.268349e-04	2.133087e-04	2.271364e-04	1.798262e-04
0.07          	7.140764e-03	4.238064e-04	2.059649e-04	2.213684e-04	1.744957e-04
0.0705        	7.317218e-03	4.215739e-04	1.990992e-04	2.153523e-04	1.698029e-04
0.071         	7.283286e-03	4.191602e-04	1.917537e-04	2.090008e-04	1.651869e-04
0.0715        	7.305634e-03	4.181713e-04	1.845645e-04	2.030355e-04	1.621885e-04
0.072         	6.963458e-03	4.157662e-04	1.774317e-04	1.964088e-04	1.581162e-04
0.0725        	7.012639e-03	4.132356e-04	1.705164e-04	1.902498e-04	1.527809e-04
0.073         	6.887593e-03	4.087308e-04	1.635330e-04	1.837094e-04	1.477685e-04
0.0735        	6.789718e-03	4.042352e-04	1.570717e-04	1.770072e-04	1.429952e-04
0.074         	6.527408e-03	3.977705e-04	1.504852e-04	1.704977e-04	1.379151e-04
0.0745        	6.313072e-03	3.902038e-04	1.440625e-04	1.635137e-04	1.337518e-04
0.075         	6.181106e-03	3.829256e-04	1.381825e-04	1.571580e-04	1.282493e-04
0.0755        	5.907231e-03	3.739997e-04	1.323778e-04	1.508386e-04	1.246311e-04
0.076         	5.891408e-03	3.642724e-04	1.270092e-04	1.445279e-04	1.205879e-04
0.0765        	5.804946e-03	3.536891e-04	1.219098e-04	1.382563e-04	1.140653e-04
0.077         	5.459835e-03	3.423153e-04	1.169185e-04	1.321342e-04	1.101940e-04
0.0775        	5.201090e-03	3.301708e-04	1.121671e-04	1.262562e-04	1.071523e-04
0.078         	5.060863e-03	3.182825e-04	1.080276e-04	1.205621e-04	1.028146e-04
0.0785        	4.775490e-03	3.053189e-04	1.041025e-04	1.149243e-04	9.962017e-05
0.079         	4.588856e-03	2.925170e-04	1.008003e-04	1.095092e-04	9.617792e-05
0.0795        	4.609373e-03	2.797428e-04	9.781350e-05	1.046582e-04	9.128838e-05
0.08          	4.502202e-03	2.663636e-04	9.483688e-05	9.950968e-05	8.875557e-05
0.0805        	4.085355e-03	2.528464e-04	9.200690e-05	9.487399e-05	8.511338e-05
0.081         	3.885774e-03	2.406648e-04	8.958366e-05	9.084737e-05	8.322160e-05
0.0815        	3.537124e-03	2.279393e-04	8.742340e-05	8.672451e-05	8.077227e-05
0.082         	3.482412e-03	2.160398e-04	8.559306e-05	8.272293e-05	7.648203e-05
0.0825        	3.330150e-03	2.041909e-04	8.376375e-05	7.911960e-05	7.464815e-05
0.083         	3.232918e-03	1.934633e-04	8.212869e-05	7.598373e-05	7.317797e-05
0.0835        	3.220340e-03	1.838181e-04	8.075219e-05	7.295074e-05	6.910987e-05
0.084         	3.041417e-03	1.735633e-04	7.901185e-05	7.027043e-05	6.849657e-05
0.0845        	2.840057e-03	1.638052e-04	7.730726e-05	6.772999e-05	6.710934e-05
0.085         	2.827253e-03	1.560886e-04	7.586028e-05	6.577777e-05	6.640383e-05
0.0855        	2.623065e-03	1.478993e-04	7.413817e-05	6.360018e-05	6.553006e-05
0.086         	2.321581e-03	1.404062e-04	7.226486e-05	6.209877e-05	6.520792e-05
0.0865        	2.365270e-03	1.339900e-04	7.053826e-05	6.071839e-05	6.407047e-05
0.087         	2.304367e-03	1.282389e-04	6.861865e-05	5.968732e-05	6.342073e-05
0.0875        	2.262868e-03	1.233440e-04	6.688825e-05	5.839115e-05	6.157436e-05
0.088         	2.193563e-03	1.184968e-04	6.503930e-05	5.744276e-05	6.172225e-05
0.0885        	2.099892e-03	1.149912e-04	6.313103e-05	5.673453e-05	6.055268e-05
0.089         	2.247037e-03	1.112350e-04	6.109685e-05	5.601133e-05	5.924745e-05
0.0895        	2.091667e-03	1.088067e-04	5.931036e-05	5.534291e-05	5.852848e-05
0.09          	1.941759e-03	1.058655e-04	5.713254e-05	5.455642e-05	5.809882e-05
0.0905        	2.145030e-03	1.045133e-04	5.520873e-05	5.374209e-05	5.638380e-05
0.091         	2.291836e-03	1.031958e-04	5.328952e-05	5.277740e-05	5.394528e-05
0.0915        	2.099712e-03	1.013394e-04	5.123544e-05	5.176576e-05	5.247980e-05
0.092         	1.865614e-03	1.001024e-04	4.924796e-05	5.083922e-05	5.197591e-05
0.0925        	1.949374e-03	9.900356e-05	4.747972e-05	4.973573e-05	5.104667e-05
0.093         	2.112926e-03	9.719109e-05	4.578202e-05	4.865291e-05	4.920319e-05
0.0935        	2.018141e-03	9.563210e-05	4.407794e-05	4.751714e-05	4.881841e-05
0.094         	2.026454e-03	9.275767e-05	4.217719e-05	4.626746e-05	4.658827e-05
0.0945        	1.832920e-03	9.042513e-05	4.053796e-05	4.496659e-05	4.581276e-05
0.095         	1.855270e-03	8.843153e-05	3.902591e-05	4.354544e-05	4.386567e-05
0.0955        	1.611376e-03	8.574355e-05	3.743347e-05	4.246240e-05	4.340251e-05
0.096         	1.630089e-03	8.248254e-05	3.589612e-05	4.116040e-05	4.249133e-05
0.0965        	1.436250e-03	7.933053e-05	3.441939e-05	3.984475e-05	4.149396e-05
0.097         	1.731052e-03	7.769515e-05	3.347494e-05	3.863083e-05	3.907312e-05
0.0975        	1.425447e-03	7.452869e-05	3.226907e-05	3.749514e-05	4.028165e-05
0.098         	1.442789e-03	7.173157e-05	3.115120e-05	3.622788e-05	3.762244e-05
0.0985        	1.594960e-03	6.984943e-05	3.028614e-05	3.509996e-05	3.603300e-05
0.099         	1.302849e-03	6.649263e-05	2.904584e-05	3.389690e-05	3.620760e-05
0.0995        	1.599560e-03	6.425937e-05	2.840862e-05	3.271747e-05	3.457584e-05
0.1           	1.500337e-03	6.143047e-05	2.747348e-05	3.160413e-05	3.305157e-05
0.1005        	1.319643e-03	5.853252e-05	2.670358e-05	3.046586e-05	3.244050e-05
0.101         	1.276816e-03	5.727500e-05	2.632556e-05	2.959771e-05	3.144146e-05
0.1015        	1.141910e-03	5.508417e-05	2.570333e-05	2.874815e-05	3.204926e-05
0.102         	1.229812e-03	5.331585e-05	2.530422e-05	2.781310e-05	3.182248e-05
0.1025        	1.074382e-03	5.130257e-05	2.477043e-05	2.711051e-05	3.222716e-05
0.103         	1.113605e-03	4.964761e-05	2.425038e-05	2.627292e-05	3.026484e-05
0.1035        	1.285600e-03	4.832556e-05	2.397757e-05	2.557387e-05	2.991165e-05
0.104         	1.055625e-03	4.663832e-05	2.355618e-05	2.490486e-05	2.996961e-05
0.1045        	9.546714e-04	4.474749e-05	2.306031e-05	2.424487e-05	2.981010e-05
0.105         	1.154044e-03	4.419434e-05	2.284084e-05	2.355175e-05	2.980323e-05
0.1055        	1.164894e-03	4.207570e-05	2.224723e-05	2.307392e-05	2.912866e-05
0.106         	1.105622e-03	4.099835e-05	2.194697e-05	2.250756e-05	2.811035e-05
0.1065        	1.119658e-03	4.101997e-05	2.204950e-05	2.215884e-05	2.878447e-05
0.107         	1.178620e-03	3.995014e-05	2.156471e-05	2.163340e-05	2.627204e-05
0.1075        	1.045285e-03	3.867995e-05	2.109324e-05	2.115914e-05	2.721014e-05
0.108         	1.149257e-03	3.884022e-05	2.096530e-05	2.066992e-05	2.621016e-05
0.1085        	1.186669e-03	3.780958e-05	2.051525e-05	2.042948e-05	2.586388e-05
0.109         	9.838165e-04	3.705187e-05	2.005071e-05	2.000865e-05	2.509680e-05
0.1095        	1.222863e-03	3.696736e-05	1.994393e-05	1.974216e-05	2.483106e-05
0.11          	1.075739e-03	3.622011e-05	1.935533e-05	1.935141e-05	2.444933e-05
0.1105        	1.173357e-03	3.650997e-05	1.932587e-05	1.928775e-05	2.503332e-05
0.111         	1.037016e-03	3.630537e-05	1.883213e-05	1.889372e-05	2.567523e-05
0.1115        	1.096720e-03	3.627208e-05	1.847965e-05	1.877058e-05	2.503801e-05
0.112         	1.056975e-03	3.714316e-05	1.835922e-05	1.869061e-05	2.497846e-05
0.1125        	1.142512e-03	3.749084e-05	1.805757e-05	1.848942e-05	2.437554e-05
0.113         	1.137838e-03	3.842776e-05	1.774791e-05	1.835862e-05	2.405570e-05
0.1135        	1.131998e-03	3.817963e-05	1.744317e-05	1.829089e-05	2.371311e-05
0.114         	1.082026e-03	3.872028e-05	1.713795e-05	1.823675e-05	2.329409e-05
0.1145        	1.094916e-03	3.870054e-05	1.672391e-05	1.804594e-05	2.283197e-05
0.115         	1.167825e-03	3.960352e-05	1.651243e-05	1.796054e-05	2.259958e-05
0.1155        	1.200862e-03	3.955764e-05	1.620472e-05	1.802480e-05	2.401170e-05
0.116         	1.039139e-03	4.003944e-05	1.596525e-05	1.815318e-05	2.489435e-05
0.1165        	9.476111e-04	4.029122e-05	1.559656e-05	1.818240e-05	2.549609e-05
0.117         	1.086547e-03	4.150813e-05	1.548135e-05	1.813478e-05	2.530849e-05
0.1175        	1.207867e-03	4.215102e-05	1.528502e-05	1.813889e-05	2.447477e-05
0.118         	1.188988e-03	4.305021e-05	1.505058e-05	1.810387e-05	2.384342e-05
0.1185        	1.193356e-03	4.254034e-05	1.464119e-05	1.801714e-05	2.248028e-05
0.119         	1.246813e-03	4.357589e-05	1.445593e-05	1.794684e-05	2.286698e-05
0.1195        	1.075459e-03	4.350437e-05	1.401601e-05	1.794982e-05	2.391423e-05
0.12          	1.390003e-03	4.424307e-05	1.399778e-05	1.779229e-05	2.242594e-05
0.1205        	1.087134e-03	4.448425e-05	1.370080e-05	1.792135e-05	2.317635e-05
0.121         	1.421737e-03	4.497706e-05	1.348902e-05	1.771831e-05	2.188076e-05
0.1215        	1.139613e-03	4.584709e-05	1.337653e-05	1.773809e-05	2.191985e-05
0.122         	1.259907e-03	4.522390e-05	1.310118e-05	1.760066e-05	2.268916e-05
0.1225        	1.087140e-03	4.555024e-05	1.295143e-05	1.784586e-05	2.337124e-05
0.123         	1.083137e-03	4.587545e-05	1.283136e-05	1.775485e-05	2.352732e-05
0.1235        	1.035661e-03	4.633681e-05	1.271550e-05	1.772902e-05	2.361096e-05
0.124         	1.008369e-03	4.676154e-05	1.261975e-05	1.780384e-05	2.409245e-05
0.1245        	9.763452e-04	4.736533e-05	1.258002e-05	1.785644e-05	2.328541e-05
0.125         	9.847398e-04	4.796713e-05	1.253923e-05	1.793513e-05	2.329769e-05
0.1255        	9.917776e-04	4.865745e-05	1.251321e-05	1.791192e-05	2.330360e-05
0.126         	1.016524e-03	4.929269e-05	1.246880e-05	1.793693e-05	2.366491e-05
0.1265        	1.148540e-03	5.001304e-05	1.246320e-05	1.792737e-05	2.358586e-05
0.127         	1.259708e-03	5.063387e-05	1.242863e-05	1.793705e-05	2.332565e-05
0.1275        	1.285619e-03	5.220154e-05	1.270126e-05	1.781949e-05	2.380902e-05
0.128         	1.163069e-03	5.279785e-05	1.266068e-05	1.787469e-05	2.414157e-05
0.1285        	1.254311e-03	5.329383e-05	1.262556e-05	1.795337e-05	2.466123e-05
0.129         	1.403758e-03	5.380784e-05	1.270360e-05	1.785676e-05	2.432627e-05
0.1295        	1.215175e-03	5.431377e-05	1.268447e-05	1.787738e-05	2.421179e-05
0.13          	1.264591e-03	5.487356e-05	1.268783e-05	1.790795e-05	2.381156e-05
0.1305        	1.537147e-03	5.681547e-05	1.298636e-05	1.787072e-05	2.581161e-05
0.131         	1.310327e-03	5.747167e-05	1.291354e-05	1.801255e-05	2.688058e-05
0.1315        	1.237186e-03	5.786266e-05	1.284631e-05	1.802289e-05	2.787167e-05
0.132         	1.468632e-03	5.839383e-05	1.293485e-05	1.795440e-05	2.749537e-05
0.1325        	1.328420e-03	5.901920e-05	1.295493e-05	1.793776e-05	2.653109e-05
0.133         	1.516406e-03	6.103784e-05	1.329640e-05	1.792602e-05	2.599930e-05
0.1335        	1.468611e-03	6.156573e-05	1.321697e-05	1.810853e-05	2.826758e-05
0.134         	1.336961e-03	6.198980e-05	1.312206e-05	1.822534e-05	2.926042e-05
0.1345        	1.540045e-03	6.326646e-05	1.337441e-05	1.811980e-05	2.778179e-05
0.135         	1.400718e-03	6.402908e-05	1.337653e-05	1.827458e-05	2.737722e-05
0.1355        	1.734989e-03	6.641715e-05	1.385100e-05	1.830303e-05	2.724097e-05
0.136         	1.481281e-03	6.683906e-05	1.372550e-05	1.849120e-05	2.944627e-05
0.1365        	1.397569e-03	6.744209e-05	1.372388e-05	1.861758e-05	3.018423e-05
0.137         	1.665217e-03	6.789933e-05	1.376342e-05	1.853452e-05	2.796610e-05
0.1375        	1.503466e-03	6.819399e-05	1.380158e-05	1.856498e-05	2.782949e-05
0.138         	2.043708e-03	6.975123e-05	1.429167e-05	1.855857e-05	2.700243e-05
0.1385        	1.597620e-03	7.026511e-05	1.420591e-05	1.869857e-05	2.868299e-05
0.139         	1.667450e-03	7.011341e-05	1.414355e-05	1.860040e-05	2.731163e-05
0.1395        	1.594500e-03	7.027927e-05	1.416811e-05	1.856327e-05	2.670793e-05
0.14          	1.703598e-03	7.181588e-05	1.452034e-05	1.847389e-05	2.676271e-05
0.1405        	1.584353e-03	7.197835e-05	1.448988e-05	1.866536e-05	2.759205e-05
0.141         	1.743338e-03	7.236147e-05	1.469485e-05	1.845993e-05	2.742344e-05
0.1415        	1.575008e-03	7.237778e-05	1.464556e-05	1.854682e-05	2.801745e-05
0.142         	1.512433e-03	7.264945e-05	1.469092e-05	1.851629e-05	2.905541e-05
0.1425        	1.953066e-03	7.397198e-05	1.496722e-05	1.820766e-05	2.620846e-05
0.143         	1.698516e-03	7.423413e-05	1.496642e-05	1.826041e-05	2.671725e-05
0.1435        	1.559618e-03	7.455918e-05	1.493664e-05	1.830325e-05	2.774763e-05
0.144         	1.677183e-03	7.529925e-05	1.499896e-05	1.852026e-05	2.910915e-05
0.1445        	1.696454e-03	7.610719e-05	1.502373e-05	1.864704e-05	2.916759e-05
0.145         	1.798890e-03	7.816148e-05	1.540477e-05	1.847728e-05	2.822364e-05
0.1455        	1.705638e-03	7.918107e-05	1.544145e-05	1.873632e-05	2.942696e-05
0.146         	1.689077e-03	7.988526e-05	1.546179e-05	1.891771e-05	3.020880e-05
0.1465        	1.880769e-03	8.093804e-05	1.564968e-05	1.888092e-05	2.864563e-05
0.147         	1.712962e-03	8.164142e-05	1.564118e-05	1.903828e-05	2.844457e-05
0.1475        	1.692329e-03	8.249318e-05	1.570665e-05	1.911693e-05	2.828176e-05
0.148         	1.976509e-03	8.445890e-05	1.610341e-05	1.927092e-05	2.988630e-05
0.1485        	2.038240e-03	8.584875e-05	1.650698e-05	1.925059e-05	2.930288e-05
0.149         	1.859172e-03	8.663172e-05	1.665089e-05	1.952979e-05	3.112968e-05
0.1495        	1.806457e-03	8.728075e-05	1.678594e-05	1.973968e-05	3.244465e-05
0.15          	2.222055e-03	8.925034e-05	1.719163e-05	1.967031e-05	2.973349e-05
0.1505        	2.041967e-03	8.959919e-05	1.726179e-05	1.981319e-05	2.866382e-05
0.151         	2.028197e-03	9.044171e-05	1.738237e-05	1.981192e-05	2.913289e-05
0.1515        	1.984943e-03	9.089866e-05	1.742029e-05	2.001047e-05	3.031996e-05
0.152         	1.945552e-03	9.135243e-05	1.752926e-05	2.022184e-05	3.110800e-05
0.1525        	2.098196e-03	9.220542e-05	1.786673e-05	1.992739e-05	3.003944e-05
0.153         	2.004723e-03	9.265499e-05	1.794526e-05	1.997456e-05	2.986995e-05
0.1535        	2.115631e-03	9.394559e-05	1.825596e-05	2.002036e-05	3.004100e-05
0.154         	2.139168e-03	9.470389e-05	1.848351e-05	1.992871e-05	2.988796e-05
0.1545        	1.974897e-03	9.500533e-05	1.853092e-05	2.018179e-05	3.102874e-05
0.155         	2.199375e-03	9.636609e-05	1.870172e-05	2.007748e-05	3.055873e-05
0.1555        	2.202105e-03	9.697927e-05	1.875624e-05	1.995058e-05	2.964370e-05
0.156         	2.018322e-03	9.726168e-05	1.870004e-05	2.009955e-05	3.099919e-05
0.1565        	2.054282e-03	9.766509e-05	1.868931e-05	2.021143e-05	3.113987e-05
0.157         	2.432350e-03	9.961302e-05	1.911350e-05	1.986627e-05	2.966409e-05
0.1575        	2.148056e-03	9.987959e-05	1.910414e-05	2.001524e-05	2.935209e-05
0.158         	2.065294e-03	1.002866e-04	1.914398e-05	2.026925e-05	3.176998e-05
0.1585        	2.027871e-03	1.009152e-04	1.920566e-05	2.012597e-05	3.145759e-05
0.159         	2.520150e-03	1.037172e-04	1.976732e-05	2.006568e-05	2.878202e-05
0.1595        	2.260866e-03	1.045411e-04	1.976867e-05	2.015197e-05	2.981985e-05
0.16          	2.153274e-03	1.055441e-04	1.993644e-05	2.046955e-05	3.179572e-05
0.1605        	2.538020e-03	1.078355e-04	2.035992e-05	2.047714e-05	3.034251e-05
0.161         	2.301252e-03	1.088691e-04	2.065509e-05	2.067246e-05	2.997177e-05
0.1615        	2.401814e-03	1.102504e-04	2.080640e-05	2.072516e-05	2.996621e-05
0.162         	2.467760e-03	1.113751e-04	2.114388e-05	2.090769e-05	3.000617e-05
0.1625        	2.320762e-03	1.120749e-04	2.129293e-05	2.119524e-05	3.096726e-05
0.163         	2.454009e-03	1.136127e-04	2.164259e-05	2.129775e-05	3.056589e-05
0.1635        	2.297056e-03	1.143987e-04	2.179349e-05	2.153074e-05	3.212738e-05
0.164         	2.727827e-03	1.164004e-04	2.240693e-05	2.146209e-05	3.054379e-05
0.1645        	2.474724e-03	1.165750e-04	2.248876e-05	2.152214e-05	3.026859e-05
0.165         	2.746087e-03	1.177161e-04	2.271697e-05	2.157654e-05	3.027180e-05
0.1655        	2.540401e-03	1.186698e-04	2.275350e-05	2.160114e-05	3.046393e-05
0.166         	2.750323e-03	1.200040e-04	2.307178e-05	2.155776e-05	2.995347e-05
0.1665        	2.732112e-03	1.205660e-04	2.305365e-05	2.164711e-05	2.964580e-05
0.167         	2.597861e-03	1.215806e-04	2.326382e-05	2.162170e-05	3.054376e-05
0.1675        	2.438668e-03	1.225367e-04	2.335667e-05	2.176627e-05	3.141632e-05
0.168         	2.716140e-03	1.239557e-04	2.355800e-05	2.181276e-05	3.218504e-05
0.1685        	2.907480e-03	1.257941e-04	2.377133e-05	2.181695e-05	2.987369e-05
0.169         	2.763574e-03	1.266738e-04	2.392664e-05	2.215124e-05	3.250287e-05
0.1695        	2.840834e-03	1.282365e-04	2.408236e-05	2.217323e-05	3.047709e-05
0.17          	3.033525e-03	1.294606e-04	2.420595e-05	2.236111e-05	3.192723e-05
0.1705        	2.826844e-03	1.313730e-04	2.451121e-05	2.253670e-05	3.095066e-05
0.171         	2.981277e-03	1.334980e-04	2.479093e-05	2.279980e-05	3.206907e-05
0.1715        	2.918772e-03	1.352536e-04	2.504343e-05	2.292788e-05	3.124140e-05
0.172         	3.027870e-03	1.374748e-04	2.549249e-05	2.330983e-05	3.249139e-05
0.1725        	3.087228e-03	1.392016e-04	2.578491e-05	2.356317e-05	3.192708e-05
0.173         	2.973607e-03	1.418391e-04	2.630052e-05	2.405128e-05	3.358260e-05
0.1735        	3.160800e-03	1.432128e-04	2.661862e-05	2.427128e-05	3.330657e-05
0.174         	3.109001e-03	1.449820e-04	2.702667e-05	2.451000e-05	3.333576e-05
0.1745        	3.191716e-03	1.461007e-04	2.732340e-05	2.483210e-05	3.374765e-05
0.175         	3.044861e-03	1.473854e-04	2.771981e-05	2.500354e-05	3.519580e-05
0.1755        	3.016198e-03	1.489558e-04	2.812194e-05	2.546471e-05	3.591325e-05
0.176         	3.344850e-03	1.504828e-04	2.849346e-05	2.565006e-05	3.447971e-05
0.1765        	3.212568e-03	1.515674e-04	2.892920e-05	2.603247e-05	3.608030e-05
0.177         	3.281731e-03	1.530358e-04	2.916080e-05	2.612673e-05	3.595542e-05
0.1775        	3.359994e-03	1.540384e-04	2.941707e-05	2.639165e-05	3.598812e-05
0.178         	3.363081e-03	1.556016e-04	2.962696e-05	2.651653e-05	3.625132e-05
0.1785        	3.381345e-03	1.568704e-04	2.986530e-05	2.667452e-05	3.659566e-05
0.179         	3.371750e-03	1.585026e-04	3.000545e-05	2.682518e-05	3.629594e-05
0.1795        	3.537705e-03	1.597726e-04	3.017342e-05	2.715776e-05	3.771012e-05
0.18          	3.287515e-03	1.611083e-04	3.034807e-05	2.726180e-05	3.787771e-05
0.1805        	3.522580e-03	1.633938e-04	3.067515e-05	2.741868e-05	3.761410e-05
0.181         	3.543244e-03	1.648146e-04	3.074138e-05	2.770574e-05	3.726635e-05
0.1815        	3.546980e-03	1.670126e-04	3.116481e-05	2.796666e-05	3.804199e-05
0.182         	3.487960e-03	1.687965e-04	3.139595e-05	2.842403e-05	4.066220e-05
0.1825        	3.531791e-03	1.719974e-04	3.183055e-05	2.864028e-05	4.006043e-05
0.183         	3.382221e-03	1.742966e-04	3.211583e-05	2.910814e-05	4.152748e-05
0.1835        	3.602568e-03	1.764047e-04	3.261340e-05	2.959440e-05	4.194322e-05
0.184         	3.565205e-03	1.786578e-04	3.302078e-05	2.997100e-05	4.304815e-05
0.1845        	3.558509e-03	1.811875e-04	3.355262e-05	3.043267e-05	4.336127e-05
0.185         	3.575003e-03	1.835436e-04	3.414166e-05	3.102762e-05	4.354058e-05
0.1855        	3.624117e-03	1.857291e-04	3.469286e-05	3.141166e-05	4.457394e-05
0.186         	3.600813e-03	1.874292e-04	3.507352e-05	3.188446e-05	4.446562e-05
0.1865        	3.547071e-03	1.891286e-04	3.553181e-05	3.223773e-05	4.386046e-05
0.187         	4.233168e-03	1.928384e-04	3.660836e-05	3.272173e-05	4.601910e-05
0.1875        	3.954789e-03	1.932055e-04	3.661327e-05	3.287924e-05	4.348234e-05
0.188         	3.800732e-03	1.945645e-04	3.692286e-05	3.346246e-05	4.469447e-05
0.1885        	3.774261e-03	1.961867e-04	3.727814e-05	3.377219e-05	4.519829e-05
0.189         	3.704671e-03	1.976465e-04	3.759470e-05	3.415952e-05	4.569977e-05
0.1895        	3.747706e-03	1.993983e-04	3.786115e-05	3.448306e-05	4.590709e-05
0.19          	3.865528e-03	2.009153e-04	3.816256e-05	3.472116e-05	4.603717e-05
0.1905        	3.814436e-03	2.027942e-04	3.831388e-05	3.487539e-05	4.574762e-05
0.191         	3.816962e-03	2.045379e-04	3.855731e-05	3.506847e-05	4.554705e-05
0.1915        	3.836456e-03	2.063654e-04	3.877723e-05	3.535424e-05	4.596494e-05
0.192         	3.967344e-03	2.085015e-04	3.906807e-05	3.563047e-05	4.643126e-05
0.1925        	4.693313e-03	2.126961e-04	4.003806e-05	3.601903e-05	5.006496e-05
0.193         	4.408310e-03	2.142484e-04	4.011066e-05	3.639161e-05	5.171959e-05
0.1935        	4.308082e-03	2.167573e-04	4.036156e-05	3.686374e-05	5.066489e-05
0.194         	4.671647e-03	2.210281e-04	4.118663e-05	3.725743e-05	5.173492e-05
0.1945        	4.531602e-03	2.232714e-04	4.140542e-05	3.782393e-05	5.240444e-05
0.195         	4.609293e-03	2.262044e-04	4.183908e-05	3.822098e-05	5.200035e-05
0.1955        	4.418886e-03	2.291237e-04	4.239960e-05	3.901119e-05	5.301666e-05
0.196         	4.522132e-03	2.321329e-04	4.303829e-05	3.961088e-05	5.410884e-05
0.1965        	4.738785e-03	2.360414e-04	4.406130e-05	4.023260e-05	5.457950e-05
0.197         	4.705108e-03	2.388321e-04	4.470927e-05	4.099061e-05	5.654802e-05
0.1975        	5.015635e-03	2.414982e-04	4.525592e-05	4.138767e-05	5.550593e-05
0.198         	4.768689e-03	2.436405e-04	4.588568e-05	4.198696e-05	5.606934e-05
0.1985        	5.146288e-03	2.461149e-04	4.664583e-05	4.257992e-05	5.597824e-05
0.199         	4.928061e-03	2.474142e-04	4.692978e-05	4.301546e-05	5.698727e-05
0.1995        	5.137607e-03	2.498809e-04	4.770858e-05	4.353142e-05	5.603871e-05
0.2           	5.085049e-03	2.520051e-04	4.808250e-05	4.394433e-05	5.592975e-05
0.2005        	4.999867e-03	2.542115e-04	4.865922e-05	4.455964e-05	5.800559e-05
0.201         	5.210165e-03	2.565765e-04	4.905306e-05	4.483322e-05	5.743140e-05
0.2015        	5.177172e-03	2.582931e-04	4.941464e-05	4.523642e-05	5.790626e-05
0.202         	5.309391e-03	2.609224e-04	4.979182e-05	4.564082e-05	5.829315e-05
0.2025        	5.355019e-03	2.632331e-04	5.026758e-05	4.615592e-05	5.942032e-05
0.203         	5.350607e-03	2.662222e-04	5.060359e-05	4.633995e-05	5.891542e-05
0.2035        	5.425398e-03	2.681844e-04	5.086417e-05	4.674622e-05	6.010088e-05
0.204         	5.390352e-03	2.714478e-04	5.123336e-05	4.713556e-05	5.978868e-05
0.2045        	5.642507e-03	2.744180e-04	5.157881e-05	4.766539e-05	6.186331e-05
0.205         	5.545171e-03	2.774797e-04	5.202112e-05	4.806795e-05	6.098039e-05
0.2055        	5.745561e-03	2.810752e-04	5.253786e-05	4.866083e-05	6.328429e-05
0.206         	5.673017e-03	2.850047e-04	5.306926e-05	4.931878e-05	6.220633e-05
0.2065        	5.847732e-03	2.895408e-04	5.385551e-05	5.009618e-05	6.471885e-05
0.207         	5.804436e-03	2.934393e-04	5.453614e-05	5.082205e-05	6.351936e-05
0.2075        	6.103572e-03	2.981432e-04	5.557141e-05	5.179716e-05	6.666144e-05
0.208         	6.042166e-03	3.017603e-04	5.624333e-05	5.246541e-05	6.669288e-05
0.2085        	5.889827e-03	3.052733e-04	5.704031e-05	5.338672e-05	6.813439e-05
0.209         	5.946779e-03	3.088999e-04	5.785496e-05	5.440806e-05	7.002553e-05
0.2095        	5.899559e-03	3.119291e-04	5.869542e-05	5.505306e-05	7.123288e-05
0.21          	5.974620e-03	3.150208e-04	5.953094e-05	5.594130e-05	7.178294e-05
0.2105        	6.288498e-03	3.181572e-04	6.033602e-05	5.663371e-05	7.282550e-05
0.211         	6.226499e-03	3.205418e-04	6.109371e-05	5.723520e-05	7.246901e-05
0.2115        	6.077704e-03	3.231656e-04	6.168971e-05	5.783778e-05	7.279184e-05
0.212         	6.047761e-03	3.254028e-04	6.226981e-05	5.835403e-05	7.287202e-05
0.2125        	6.412174e-03	3.291265e-04	6.305318e-05	5.885042e-05	7.358215e-05
0.213         	6.234536e-03	3.314924e-04	6.352524e-05	5.933540e-05	7.436264e-05
0.2135        	6.344812e-03	3.338859e-04	6.386436e-05	5.974670e-05	7.454828e-05
0.214         	6.350872e-03	3.366509e-04	6.430547e-05	6.034294e-05	7.593205e-05
0.2145        	6.844716e-03	3.410729e-04	6.520070e-05	6.088651e-05	7.670525e-05
0.215         	6.650122e-03	3.442035e-04	6.564451e-05	6.155768e-05	7.886135e-05
0.2155        	6.611853e-03	3.471816e-04	6.586901e-05	6.211178e-05	7.994206e-05
0.216         	6.774066e-03	3.512231e-04	6.638240e-05	6.254269e-05	7.932993e-05
0.2165        	7.206650e-03	3.552311e-04	6.700336e-05	6.317715e-05	8.122054e-05
0.217         	7.037974e-03	3.594378e-04	6.752701e-05	6.389178e-05	8.141480e-05
0.2175        	7.029537e-03	3.640296e-04	6.813373e-05	6.474501e-05	8.294893e-05
0.218         	7.063009e-03	3.695875e-04	6.898869e-05	6.556151e-05	8.478675e-05
0.2185        	7.170769e-03	3.746507e-04	6.987333e-05	6.658356e-05	8.552036e-05
0.219         	7.147559e-03	3.798756e-04	7.093719e-05	6.768701e-05	8.649969e-05
0.2195        	7.256283e-03	3.848510e-04	7.191043e-05	6.890850e-05	8.722878e-05
0.22          	7.462091e-03	3.896031e-04	7.301054e-05	7.006880e-05	8.756756e-05
0.2205        	7.751094e-03	3.946652e-04	7.422351e-05	7.087297e-05	8.931338e-05
0.221         	7.736081e-03	3.989107e-04	7.525546e-05	7.204354e-05	9.024688e-05
0.2215        	7.977711e-03	4.025268e-04	7.627410e-05	7.280101e-05	8.990632e-05
0.222         	7.905308e-03	4.062726e-04	7.724094e-05	7.363243e-05	9.088527e-05
0.2225        	7.940820e-03	4.097423e-04	7.825970e-05	7.437818e-05	9.202245e-05
0.223         	9.024879e-03	4.129322e-04	7.911369e-05	7.500692e-05	9.116250e-05
0.2235        	7.984962e-03	4.155156e-04	7.978362e-05	7.575986e-05	9.330717e-05
0.224         	8.256789e-03	4.193681e-04	8.055550e-05	7.637318e-05	9.247371e-05
0.2245        	8.255269e-03	4.223092e-04	8.119156e-05	7.684577e-05	9.275530e-05
0.225         	8.186905e-03	4.251896e-04	8.152210e-05	7.732538e-05	9.367506e-05
0.2255        	8.237500e-03	4.291925e-04	8.232190e-05	7.812584e-05	9.481714e-05
0.226         	8.466316e-03	4.329911e-04	8.277171e-05	7.839187e-05	9.525574e-05
0.2265        	8.459865e-03	4.367779e-04	8.341437e-05	7.916118e-05	9.581837e-05
0.227         	8.607314e-03	4.406153e-04	8.377582e-05	7.946908e-05	9.575660e-05
0.2275        	8.737669e-03	4.450082e-04	8.430898e-05	8.018193e-05	9.650644e-05
0.228         	8.767973e-03	4.494850e-04	8.491600e-05	8.094025e-05	9.773688e-05
0.2285        	8.695134e-03	4.549506e-04	8.577112e-05	8.196118e-05	9.933789e-05
0.229         	9.232108e-03	4.609962e-04	8.663079e-05	8.281545e-05	9.919385e-05
0.2295        	9.075645e-03	4.676110e-04	8.773893e-05	8.404163e-05	1.014873e-04
0.23          	9.254377e-03	4.747390e-04	8.899403e-05	8.525447e-05	1.029055e-04
0.2305        	9.197299e-03	4.803587e-04	9.020986e-05	8.656718e-05	1.051263e-04
0.231         	9.531750e-03	4.875995e-04	9.166615e-05	8.812848e-05	1.055498e-04
0.2315        	9.631178e-03	4.936073e-04	9.309705e-05	8.943795e-05	1.062077e-04
0.232         	9.726003e-03	4.994146e-04	9.433203e-05	9.071676e-05	1.086622e-04
0.2325        	9.696575e-03	5.044144e-04	9.573934e-05	9.187868e-05	1.085622e-04
0.233         	9.747709e-03	5.097550e-04	9.709505e-05	9.302536e-05	1.106435e-04
0.2335        	9.915939e-03	5.142807e-04	9.824882e-05	9.411333e-05	1.109998e-04
0.234         	9.889105e-03	5.178731e-04	9.945534e-05	9.488982e-05	1.115906e-04
0.2345        	9.840667e-03	5.218114e-04	1.003723e-04	9.580503e-05	1.131268e-04
0.235         	9.887387e-03	5.253726e-04	1.014243e-04	9.670613e-05	1.144305e-04
0.2355        	1.031784e-02	5.302340e-04	1.025904e-04	9.745635e-05	1.155884e-04
0.236         	1.015291e-02	5.337260e-04	1.033303e-04	9.824888e-05	1.172622e-04
0.2365        	1.014129e-02	5.381643e-04	1.040982e-04	9.918605e-05	1.182093e-04
0.237         	1.020137e-02	5.424694e-04	1.047555e-04	9.979372e-05	1.189560e-04
0.2375        	1.019567e-02	5.471690e-04	1.053753e-04	1.005014e-04	1.196245e-04
0.238         	1.039183e-02	5.516641e-04	1.059742e-04	1.013460e-04	1.206231e-04
0.2385        	1.080312e-02	5.577112e-04	1.068651e-04	1.018928e-04	1.219314e-04
0.239         	1.068467e-02	5.630486e-04	1.072847e-04	1.027616e-04	1.229496e-04
0.2395        	1.086427e-02	5.690307e-04	1.082040e-04	1.036353e-04	1.237704e-04
0.24          	1.126531e-02	5.746710e-04	1.089211e-04	1.045046e-04	1.244718e-04
0.2405        	1.124610e-02	5.815841e-04	1.098312e-04	1.056683e-04	1.252333e-04
0.241         	1.129318e-02	5.896602e-04	1.111824e-04	1.073098e-04	1.271180e-04
0.2415        	1.137859e-02	5.982954e-04	1.126966e-04	1.088195e-04	1.293900e-04
0.242         	1.148077e-02	6.060112e-04	1.143331e-04	1.105004e-04	1.312960e-04
0.2425        	1.153659e-02	6.144515e-04	1.160828e-04	1.122864e-04	1.333032e-04
0.243         	1.167110e-02	6.217530e-04	1.177745e-04	1.138348e-04	1.348480e-04
0.2435        	1.203671e-02	6.303290e-04	1.196109e-04	1.153868e-04	1.347263e-04
0.244         	1.236204e-02	6.364055e-04	1.213145e-04	1.167463e-04	1.369882e-04
0.2445        	1.219135e-02	6.428209e-04	1.230228e-04	1.179503e-04	1.379160e-04
0.245         	1.223033e-02	6.482129e-04	1.245120e-04	1.193480e-04	1.393046e-04
0.2455        	1.241040e-02	6.538506e-04	1.261943e-04	1.203861e-04	1.404115e-04
0.246         	1.251407e-02	6.585993e-04	1.275314e-04	1.214791e-04	1.407279e-04
0.2465        	1.255853e-02	6.637089e-04	1.289339e-04	1.225358e-04	1.423188e-04
0.247         	1.270942e-02	6.689636e-04	1.303047e-04	1.235823e-04	1.433742e-04
0.2475        	1.257480e-02	6.738616e-04	1.312468e-04	1.245314e-04	1.444311e-04
0.248         	1.286216e-02	6.785460e-04	1.322747e-04	1.254491e-04	1.460108e-04
0.2485        	1.289805e-02	6.844968e-04	1.331796e-04	1.262852e-04	1.466621e-04
0.249         	1.320743e-02	6.908371e-04	1.341912e-04	1.271707e-04	1.475258e-04
0.2495        	1.329187e-02	6.962220e-04	1.348812e-04	1.281802e-04	1.502725e-04
0.25          	1.336988e-02	7.027391e-04	1.357013e-04	1.290242e-04	1.503173e-04
0.2505        	1.342967e-02	7.096294e-04	1.364282e-04	1.299242e-04	1.525955e-04
0.251         	1.389255e-02	7.170514e-04	1.373466e-04	1.309050e-04	1.533376e-04
0.2515        	1.382285e-02	7.240812e-04	1.384643e-04	1.320160e-04	1.531590e-04
0.252         	1.413615e-02	7.337742e-04	1.397264e-04	1.336937e-04	1.568642e-04
0.2525        	1.413406e-02	7.435871e-04	1.413463e-04	1.354376e-04	1.572423e-04
0.253         	1.440070e-02	7.545970e-04	1.430663e-04	1.375774e-04	1.608594e-04
0.2535        	1.451073e-02	7.646906e-04	1.452224e-04	1.393559e-04	1.617840e-04
0.254         	1.470452e-02	7.752019e-04	1.473140e-04	1.415723e-04	1.649351e-04
0.2545        	1.493297e-02	7.853432e-04	1.495651e-04	1.435205e-04	1.660434e-04
0.255         	1.501212e-02	7.954291e-04	1.519734e-04	1.457947e-04	1.692401e-04
0.2555        	1.514378e-02	8.043649e-04	1.539760e-04	1.476160e-04	1.715198e-04
0.256         	1.541151e-02	8.125077e-04	1.562139e-04	1.493800e-04	1.725006e-04
0.2565        	1.545812e-02	8.200073e-04	1.581557e-04	1.510127e-04	1.736068e-04
0.257         	1.551278e-02	8.270652e-04	1.602545e-04	1.525507e-04	1.759489e-04
0.2575        	1.554632e-02	8.332154e-04	1.618956e-04	1.539050e-04	1.766481e-04
0.258         	1.561543e-02	8.395603e-04	1.636491e-04	1.552761e-04	1.788218e-04
0.2585        	1.565416e-02	8.453123e-04	1.650996e-04	1.564514e-04	1.797529e-04
0.259         	1.623096e-02	8.528727e-04	1.668313e-04	1.577352e-04	1.814380e-04
0.2595        	1.605776e-02	8.587280e-04	1.681173e-04	1.590085e-04	1.841970e-04
0.26          	1.609081e-02	8.657816e-04	1.691924e-04	1.601697e-04	1.856354e-04
0.2605        	1.618323e-02	8.728403e-04	1.702677e-04	1.614168e-04	1.867714e-04
0.261         	1.655394e-02	8.811741e-04	1.714864e-04	1.624498e-04	1.866580e-04
0.2615        	1.671719e-02	8.888295e-04	1.725244e-04	1.635557e-04	1.879106e-04
0.262         	1.674652e-02	8.973260e-04	1.734830e-04	1.647491e-04	1.906062e-04
0.2625        	1.681338e-02	9.061866e-04	1.743593e-04	1.659127e-04	1.922876e-04
0.263         	1.698169e-02	9.151336e-04	1.757584e-04	1.673933e-04	1.947237e-04
0.2635        	1.722570e-02	9.262960e-04	1.771993e-04	1.694167e-04	1.962206e-04
0.264         	1.764205e-02	9.392382e-04	1.792439e-04	1.716122e-04	1.985369e-04
0.2645        	1.802528e-02	9.525564e-04	1.815947e-04	1.739519e-04	2.011357e-04
0.265         	1.820519e-02	9.659017e-04	1.840167e-04	1.760672e-04	2.038054e-04
0.2655        	1.821597e-02	9.784559e-04	1.866940e-04	1.788032e-04	2.063412e-04
0.266         	1.847433e-02	9.919882e-04	1.895266e-04	1.814599e-04	2.093943e-04
0.2665        	1.887927e-02	1.004344e-03	1.925819e-04	1.840659e-04	2.117804e-04
0.267         	1.900467e-02	1.016754e-03	1.952057e-04	1.864178e-04	2.151317e-04
0.2675        	1.935280e-02	1.026977e-03	1.980580e-04	1.890891e-04	2.178269e-04
0.268         	1.937714e-02	1.036920e-03	2.003904e-04	1.909689e-04	2.198273e-04
0.2685        	1.935572e-02	1.045752e-03	2.030224e-04	1.931138e-04	2.211031e-04
0.269         	1.955860e-02	1.054778e-03	2.054834e-04	1.949333e-04	2.224273e-04
0.2695        	1.957972e-02	1.062744e-03	2.076816e-04	1.966858e-04	2.241285e-04
0.27          	2.004920e-02	1.070859e-03	2.099068e-04	1.983952e-04	2.262788e-04
0.2705        	2.016834e-02	1.078485e-03	2.117348e-04	1.997066e-04	2.293144e-04
0.271         	2.015586e-02	1.086707e-03	2.133048e-04	2.011870e-04	2.300543e-04
0.2715        	2.026586e-02	1.094986e-03	2.149809e-04	2.027368e-04	2.309271e-04
0.272         	2.033275e-02	1.104512e-03	2.163219e-04	2.042553e-04	2.331126e-04
0.2725        	2.064942e-02	1.113286e-03	2.176510e-04	2.056457e-04	2.349855e-04
0.273         	2.103455e-02	1.124005e-03	2.191681e-04	2.070963e-04	2.378222e-04
0.2735        	2.112183e-02	1.134055e-03	2.201596e-04	2.083446e-04	2.394633e-04
0.274         	2.144247e-02	1.145772e-03	2.215707e-04	2.096851e-04	2.419581e-04
0.2745        	2.163379e-02	1.157906e-03	2.231822e-04	2.114753e-04	2.425430e-04
0.275         	2.204860e-02	1.169924e-03	2.249231e-04	2.137498e-04	2.460751e-04
0.2755        	2.222063e-02	1.186046e-03	2.273673e-04	2.164875e-04	2.483216e-04
0.276         	2.245363e-02	1.201628e-03	2.300837e-04	2.192748e-04	2.525947e-04
0.2765        	2.295589e-02	1.218957e-03	2.330449e-04	2.220769e-04	2.555822e-04
0.277         	2.315749e-02	1.234963e-03	2.365774e-04	2.252516e-04	2.590903e-04
0.2775        	2.344555e-02	1.251670e-03	2.399783e-04	2.287951e-04	2.618060e-04
0.278         	2.360409e-02	1.267339e-03	2.433246e-04	2.320239e-04	2.654684e-04
0.2785        	2.399930e-02	1.283313e-03	2.472620e-04	2.353590e-04	2.675128e-04
0.279         	2.407670e-02	1.296921e-03	2.502884e-04	2.382882e-04	2.710886e-04
0.2795        	2.417269e-02	1.308873e-03	2.536805e-04	2.410829e-04	2.744660e-04
0.28          	2.426537e-02	1.321312e-03	2.567643e-04	2.439120e-04	2.770773e-04
0.2805        	2.437179e-02	1.331827e-03	2.600092e-04	2.462028e-04	2.793707e-04
0.281         	2.466616e-02	1.342981e-03	2.628818e-04	2.485667e-04	2.818696e-04
0.2815        	2.506150e-02	1.353574e-03	2.659733e-04	2.507185e-04	2.837819e-04
0.282         	2.504791e-02	1.362307e-03	2.680249e-04	2.524208e-04	2.856847e-04
0.2825        	2.521145e-02	1.373283e-03	2.705513e-04	2.542839e-04	2.881232e-04
0.283         	2.535299e-02	1.382769e-03	2.724905e-04	2.558870e-04	2.911128e-04
0.2835        	2.550984e-02	1.394764e-03	2.745089e-04	2.577795e-04	2.925320e-04
0.284         	2.575941e-02	1.405971e-03	2.761524e-04	2.596262e-04	2.943627e-04
0.2845        	2.605166e-02	1.418079e-03	2.778289e-04	2.612779e-04	2.963963e-04
0.285         	2.649649e-02	1.431555e-03	2.796885e-04	2.632690e-04	2.995936e-04
0.2855        	2.675949e-02	1.446071e-03	2.814574e-04	2.649295e-04	3.037835e-04
0.286         	2.683632e-02	1.460510e-03	2.831943e-04	2.673401e-04	3.074438e-04
0.2865        	2.754609e-02	1.476620e-03	2.856063e-04	2.698233e-04	3.094771e-04
0.287         	2.761718e-02	1.494089e-03	2.878697e-04	2.733133e-04	3.134399e-04
0.2875        	2.799198e-02	1.514650e-03	2.915773e-04	2.765787e-04	3.170159e-04
0.288         	2.849536e-02	1.534934e-03	2.949290e-04	2.799570e-04	3.216322e-04
0.2885        	2.878949e-02	1.556754e-03	2.994180e-04	2.840174e-04	3.254556e-04
0.289         	2.928932e-02	1.576301e-03	3.036013e-04	2.882340e-04	3.311483e-04
0.2895        	2.943131e-02	1.597649e-03	3.081635e-04	2.924682e-04	3.354248e-04
0.29          	2.968183e-02	1.615600e-03	3.123932e-04	2.966772e-04	3.396169e-04
0.2905        	2.991835e-02	1.635072e-03	3.166821e-04	3.005884e-04	3.437335e-04
0.291         	3.021700e-02	1.650405e-03	3.209014e-04	3.044574e-04	3.466690e-04
0.2915        	3.053521e-02	1.667075e-03	3.251330e-04	3.076758e-04	3.504407e-04
0.292         	3.069156e-02	1.681603e-03	3.294093e-04	3.109496e-04	3.542497e-04
0.2925        	3.088403e-02	1.694937e-03	3.331649e-04	3.137923e-04	3.562701e-04
0.293         	3.138367e-02	1.708277e-03	3.369027e-04	3.166147e-04	3.593414e-04
0.2935        	3.153510e-02	1.720622e-03	3.400291e-04	3.188761e-04	3.614954e-04
0.294         	3.147812e-02	1.732544e-03	3.428613e-04	3.211645e-04	3.641924e-04
0.2945        	3.160067e-02	1.745615e-03	3.455014e-04	3.232671e-04	3.665670e-04
0.295         	3.172701e-02	1.757816e-03	3.480302e-04	3.256964e-04	3.690234e-04
0.2955        	3.212847e-02	1.773244e-03	3.503231e-04	3.277484e-04	3.712839e-04
0.296         	3.247011e-02	1.786786e-03	3.524363e-04	3.299602e-04	3.741406e-04
0.2965        	3.291922e-02	1.802960e-03	3.545796e-04	3.322330e-04	3.785736e-04
0.297         	3.337690e-02	1.820865e-03	3.566205e-04	3.344144e-04	3.814133e-04
0.2975        	3.364762e-02	1.838442e-03	3.587168e-04	3.368024e-04	3.858821e-04
0.298         	3.384136e-02	1.857195e-03	3.611551e-04	3.398694e-04	3.894345e-04
0.2985        	3.453748e-02	1.877356e-03	3.644279e-04	3.436701e-04	3.920930e-04
0.299         	3.496786e-02	1.901559e-03	3.681267e-04	3.475166e-04	3.968107e-04
0.2995        	3.514583e-02	1.926329e-03	3.724150e-04	3.517184e-04	4.013376e-04
0.3           	3.577842e-02	1.952753e-03	3.776611e-04	3.565264e-04	4.069125e-04
0.3005        	3.617392e-02	1.977496e-03	3.828667e-04	3.614327e-04	4.124103e-04
0.301         	3.643831e-02	2.002288e-03	3.884210e-04	3.667204e-04	4.171215e-04
0.3015        	3.716054e-02	2.027749e-03	3.942536e-04	3.723145e-04	4.242140e-04
0.302         	3.735611e-02	2.049957e-03	3.995763e-04	3.772608e-04	4.289145e-04
0.3025        	3.756073e-02	2.072656e-03	4.050515e-04	3.822552e-04	4.318219e-04
0.303         	3.825693e-02	2.090869e-03	4.104306e-04	3.865665e-04	4.365008e-04
0.3035        	3.821043e-02	2.110861e-03	4.157032e-04	3.906706e-04	4.400967e-04
0.304         	3.838663e-02	2.126615e-03	4.206544e-04	3.941807e-04	4.443987e-04
0.3045        	3.859905e-02	2.143779e-03	4.251759e-04	3.978101e-04	4.479743e-04
0.305         	3.881760e-02	2.159456e-03	4.297309e-04	4.010259e-04	4.517206e-04
0.3055        	3.892819e-02	2.173639e-03	4.332439e-04	4.038085e-04	4.551065e-04
0.306         	3.952619e-02	2.190260e-03	4.371014e-04	4.067164e-04	4.579886e-04
0.3065        	3.958036e-02	2.204432e-03	4.400914e-04	4.093447e-04	4.615839e-04
0.307         	4.012037e-02	2.221867e-03	4.433844e-04	4.123379e-04	4.652285e-04
0.3075        	4.034890e-02	2.238573e-03	4.459890e-04	4.149495e-04	4.698435e-04
0.308         	4.054723e-02	2.255666e-03	4.483994e-04	4.176855e-04	4.739123e-04
0.3085        	4.096061e-02	2.276019e-03	4.509170e-04	4.203248e-04	4.778078e-04
0.309         	4.132291e-02	2.299059e-03	4.536256e-04	4.230697e-04	4.815234e-04
0.3095        	4.190293e-02	2.322146e-03	4.564135e-04	4.266306e-04	4.860400e-04
0.31          	4.220129e-02	2.344304e-03	4.599683e-04	4.305357e-04	4.905776e-04
0.3105        	4.326170e-02	2.371993e-03	4.642232e-04	4.354868e-04	4.965502e-04
0.311         	4.338365e-02	2.402738e-03	4.695046e-04	4.405835e-04	5.031095e-04
0.3115        	4.389299e-02	2.433083e-03	4.749336e-04	4.461558e-04	5.099951e-04
0.312         	4.446218e-02	2.465820e-03	4.819158e-04	4.522904e-04	5.170415e-04
0.3125        	4.478286e-02	2.494658e-03	4.885990e-04	4.591427e-04	5.232428e-04
0.313         	4.559788e-02	2.527133e-03	4.962627e-04	4.657527e-04	5.284961e-04
0.3135        	4.582355e-02	2.553927e-03	5.031718e-04	4.725991e-04	5.355772e-04
0.314         	4.606845e-02	2.583227e-03	5.100520e-04	4.788883e-04	5.423405e-04
0.3145        	4.689642e-02	2.606148e-03	5.168601e-04	4.843070e-04	5.471102e-04
0.315         	4.681906e-02	2.630243e-03	5.232019e-04	4.894313e-04	5.519755e-04
0.3155        	4.718199e-02	2.650687e-03	5.297647e-04	4.945296e-04	5.567482e-04
0.316         	4.757544e-02	2.670828e-03	5.359181e-04	4.988769e-04	5.607121e-04
0.3165        	4.791997e-02	2.689599e-03	5.413352e-04	5.028067e-04	5.643997e-04
0.317         	4.800070e-02	2.706305e-03	5.463512e-04	5.066659e-04	5.700109e-04
0.3175        	4.814709e-02	2.724162e-03	5.508486e-04	5.097524e-04	5.733977e-04
0.318         	4.859019e-02	2.743280e-03	5.549291e-04	5.129081e-04	5.766185e-04
0.3185        	4.905748e-02	2.759478e-03	5.587907e-04	5.160525e-04	5.813365e-04
0.319         	4.951814e-02	2.782480e-03	5.624045e-04	5.190456e-04	5.843497e-04
0.3195        	4.957314e-02	2.800547e-03	5.653151e-04	5.222462e-04	5.886291e-04
0.32          	5.018575e-02	2.822643e-03	5.681643e-04	5.249362e-04	5.950823e-04
0.3205        	5.077004e-02	2.848529e-03	5.712189e-04	5.283581e-04	5.982473e-04
0.321         	5.116648e-02	2.875156e-03	5.747725e-04	5.322384e-04	6.048082e-04
0.3215        	5.166275e-02	2.903797e-03	5.785327e-04	5.369557e-04	6.096596e-04
0.322         	5.202514e-02	2.932003e-03	5.836945e-04	5.425491e-04	6.162115e-04
0.3225        	5.309112e-02	2.967778e-03	5.895960e-04	5.485879e-04	6.241355e-04
0.323         	5.337781e-02	3.003880e-03	5.961384e-04	5.552224e-04	6.312915e-04
0.3235        	5.409675e-02	3.042060e-03	6.043090e-04	5.628203e-04	6.417627e-04
0.324         	5.477718e-02	3.078576e-03	6.127288e-04	5.711869e-04	6.486574e-04
0.3245        	5.509022e-02	3.114909e-03	6.214744e-04	5.798344e-04	6.565834e-04
0.325         	5.571224e-02	3.150563e-03	6.304583e-04	5.886104e-04	6.660969e-04
0.3255        	5.614464e-02	3.182786e-03	6.389851e-04	5.959373e-04	6.710387e-04
0.326         	5.671429e-02	3.214971e-03	6.474306e-04	6.035410e-04	6.783981e-04
0.3265        	5.685170e-02	3.239340e-03	6.557971e-04	6.098814e-04	6.857917e-04
0.327         	5.736931e-02	3.267223e-03	6.637310e-04	6.163710e-04	6.910066e-04
0.3275        	5.753255e-02	3.286320e-03	6.713314e-04	6.218317e-04	6.973443e-04
0.328         	5.789142e-02	3.310279e-03	6.785050e-04	6.267660e-04	7.021115e-04
0.3285        	5.821423e-02	3.328661e-03	6.851738e-04	6.311123e-04	7.068521e-04
0.329         	5.848961e-02	3.347273e-03	6.904485e-04	6.349904e-04	7.117140e-04
0.3295        	5.887069e-02	3.367357e-03	6.960972e-04	6.385822e-04	7.155504e-04
0.33          	5.912041e-02	3.385056e-03	7.007014e-04	6.420560e-04	7.205244e-04
0.3305        	5.953799e-02	3.407539e-03	7.054500e-04	6.457267e-04	7.259491e-04
0.331         	5.994348e-02	3.429863e-03	7.090721e-04	6.493335e-04	7.307880e-04
0.3315        	6.074074e-02	3.451234e-03	7.125608e-04	6.528723e-04	7.368727e-04
0.332         	6.107050e-02	3.478423e-03	7.158411e-04	6.565661e-04	7.435899e-04
0.3325        	6.157258e-02	3.506908e-03	7.196696e-04	6.608971e-04	7.499664e-04
0.333         	6.214640e-02	3.539729e-03	7.238640e-04	6.662245e-04	7.555847e-04
0.3335        	6.293071e-02	3.568295e-03	7.292942e-04	6.719067e-04	7.631105e-04
0.334         	6.344237e-02	3.606109e-03	7.356046e-04	6.792174e-04	7.711122e-04
0.3345        	6.420416e-02	3.647540e-03	7.434652e-04	6.869809e-04	7.798792e-04
0.335         	6.493890e-02	3.689486e-03	7.521513e-04	6.958674e-04	7.904532e-04
0.3355        	6.551164e-02	3.732492e-03	7.627756e-04	7.057780e-04	8.009431e-04
0.336         	6.623875e-02	3.773393e-03	7.733126e-04	7.168119e-04	8.108887e-04
0.3365        	6.677653e-02	3.816780e-03	7.842187e-04	7.269953e-04	8.194699e-04
0.337         	6.716997e-02	3.852850e-03	7.951604e-04	7.366955e-04	8.295838e-04
0.3375        	6.749056e-02	3.891312e-03	8.057213e-04	7.456736e-04	8.377155e-04
0.338         	6.781591e-02	3.918084e-03	8.160269e-04	7.541947e-04	8.455641e-04
0.3385        	6.862140e-02	3.948041e-03	8.254976e-04	7.616844e-04	8.521117e-04
0.339         	6.902424e-02	3.970654e-03	8.354196e-04	7.685535e-04	8.586402e-04
0.3395        	6.906218e-02	3.992106e-03	8.438913e-04	7.744230e-04	8.643449e-04
0.34          	6.934718e-02	4.012292e-03	8.524034e-04	7.799901e-04	8.695988e-04
0.3405        	7.039515e-02	4.028834e-03	8.593865e-04	7.842499e-04	8.758267e-04
0.341         	7.019161e-02	4.048268e-03	8.658993e-04	7.885189e-04	8.784073e-04
0.3415        	7.048559e-02	4.066574e-03	8.714149e-04	7.924099e-04	8.839308e-04
0.342         	7.138754e-02	4.084147e-03	8.768475e-04	7.961515e-04	8.903926e-04
0.3425        	7.151793e-02	4.108825e-03	8.815598e-04	8.002703e-04	8.969537e-04
0.343         	7.186364e-02	4.128342e-03	8.853225e-04	8.040892e-04	9.024201e-04
0.3435        	7.259466e-02	4.155974e-03	8.889573e-04	8.078755e-04	9.078607e-04
0.344         	7.300506e-02	4.184947e-03	8.927935e-04	8.123706e-04	9.133202e-04
0.3445        	7.368514e-02	4.218965e-03	8.976401e-04	8.178533e-04	9.220853e-04
0.345         	7.433528e-02	4.250889e-03	9.025142e-04	8.246619e-04	9.323097e-04
0.3455        	7.502651e-02	4.287208e-03	9.100369e-04	8.322947e-04	9.406683e-04
0.346         	7.559429e-02	4.333989e-03	9.182415e-04	8.414774e-04	9.526643e-04
0.3465        	7.638044e-02	4.379701e-03	9.277420e-04	8.509732e-04	9.611277e-04
0.347         	7.736614e-02	4.427920e-03	9.399262e-04	8.624459e-04	9.748349e-04
0.3475        	7.784356e-02	4.475367e-03	9.524971e-04	8.755314e-04	9.857751e-04
0.348         	7.874909e-02	4.519869e-03	9.654767e-04	8.879370e-04	9.974667e-04
0.3485        	7.897447e-02	4.563767e-03	9.780210e-04	8.995464e-04	1.006951e-03
0.349         	7.987262e-02	4.603276e-03	9.915015e-04	9.103712e-04	1.016886e-03
0.3495        	7.997547e-02	4.640117e-03	1.003522e-03	9.205491e-04	1.025425e-03
0.35          	8.026743e-02	4.666063e-03	1.015758e-03	9.294616e-04	1.032580e-03
0.3505        	8.082148e-02	4.693454e-03	1.026918e-03	9.382088e-04	1.040698e-03
0.351         	8.095615e-02	4.711356e-03	1.037711e-03	9.448588e-04	1.048682e-03
0.3515        	8.146658e-02	4.732185e-03	1.047675e-03	9.510802e-04	1.053084e-03
0.352         	8.192624e-02	4.747496e-03	1.056617e-03	9.564831e-04	1.059371e-03
0.3525        	8.234545e-02	4.762177e-03	1.063795e-03	9.611410e-04	1.065063e-03
0.353         	8.264518e-02	4.778675e-03	1.070852e-03	9.654246e-04	1.070761e-03
0.3535        	8.291485e-02	4.793165e-03	1.076516e-03	9.687601e-04	1.076687e-03
0.354         	8.325385e-02	4.812522e-03	1.082097e-03	9.733215e-04	1.080796e-03
0.3545        	8.349048e-02	4.834601e-03	1.086405e-03	9.770771e-04	1.087323e-03
0.355         	8.397222e-02	4.854507e-03	1.089647e-03	9.811313e-04	1.093525e-03
0.3555        	8.453853e-02	4.885236e-03	1.093536e-03	9.853221e-04	1.100719e-03
0.356         	8.505599e-02	4.916412e-03	1.098030e-03	9.908543e-04	1.109066e-03
0.3565        	8.607727e-02	4.952850e-03	1.102606e-03	9.976695e-04	1.117779e-03
0.357         	8.655073e-02	4.984182e-03	1.109540e-03	1.005678e-03	1.126464e-03
0.3575        	8.719941e-02	5.033581e-03	1.117845e-03	1.015934e-03	1.136444e-03
0.358         	8.803515e-02	5.082220e-03	1.128334e-03	1.026956e-03	1.148633e-03
0.3585        	8.898047e-02	5.134596e-03	1.140687e-03	1.038639e-03	1.162463e-03
0.359         	8.969677e-02	5.185286e-03	1.155115e-03	1.053250e-03	1.176698e-03
0.3595        	9.039377e-02	5.235417e-03	1.169567e-03	1.067599e-03	1.185725e-03
0.36          	9.148752e-02	5.281809e-03	1.185421e-03	1.081144e-03	1.198542e-03
0.3605        	9.169483e-02	5.321974e-03	1.200254e-03	1.093758e-03	1.208886e-03
0.361         	9.217554e-02	5.361413e-03	1.215462e-03	1.105896e-03	1.221041e-03
0.3615        	9.254668e-02	5.388503e-03	1.229611e-03	1.116369e-03	1.228588e-03
0.362         	9.327893e-02	5.417302e-03	1.243216e-03	1.125113e-03	1.236311e-03
0.3625        	9.305409e-02	5.433254e-03	1.256064e-03	1.133456e-03	1.242518e-03
0.363         	9.339512e-02	5.449997e-03	1.267209e-03	1.139833e-03	1.250832e-03
0.3635        	9.347886e-02	5.461436e-03	1.278015e-03	1.146472e-03	1.257866e-03
0.364         	9.435666e-02	5.470158e-03	1.285533e-03	1.150644e-03	1.260912e-03
0.3645        	9.442093e-02	5.479972e-03	1.293767e-03	1.155246e-03	1.267104e-03
0.365         	9.464020e-02	5.491628e-03	1.299046e-03	1.159059e-03	1.273203e-03
0.3655        	9.497887e-02	5.501461e-03	1.304984e-03	1.162244e-03	1.279320e-03
0.366         	9.550374e-02	5.520924e-03	1.308904e-03	1.166435e-03	1.283666e-03
0.3665        	9.597633e-02	5.538061e-03	1.312290e-03	1.169312e-03	1.288949e-03
0.367         	9.646526e-02	5.562264e-03	1.314812e-03	1.173512e-03	1.294510e-03
0.3675        	9.657526e-02	5.593588e-03	1.318385e-03	1.178004e-03	1.302419e-03
0.368         	9.727899e-02	5.626857e-03	1.322153e-03	1.185458e-03	1.311147e-03
0.3685        	9.808885e-02	5.659725e-03	1.327292e-03	1.192487e-03	1.320730e-03
0.369         	9.845401e-02	5.702339e-03	1.335500e-03	1.203362e-03	1.329971e-03
0.3695        	9.980403e-02	5.755255e-03	1.345652e-03	1.215002e-03	1.343190e-03
0.37          	1.002135e-01	5.805762e-03	1.357351e-03	1.227041e-03	1.356516e-03
0.3705        	1.007233e-01	5.861758e-03	1.372665e-03	1.241785e-03	1.370236e-03
0.371         	1.018340e-01	5.911430e-03	1.388590e-03	1.258153e-03	1.382774e-03
0.3715        	1.025964e-01	5.962509e-03	1.406175e-03	1.272341e-03	1.392441e-03
0.372         	1.029178e-01	6.004688e-03	1.423343e-03	1.286581e-03	1.402984e-03
0.3725        	1.036327e-01	6.040784e-03	1.441093e-03	1.299241e-03	1.414659e-03
0.373         	1.040348e-01	6.071011e-03	1.457245e-03	1.310524e-03	1.422183e-03
0.3735        	1.043044e-01	6.092194e-03	1.472732e-03	1.320944e-03	1.433246e-03
0.374         	1.042844e-01	6.113192e-03	1.486836e-03	1.329549e-03	1.438398e-03
0.3745        	1.047485e-01	6.117178e-03	1.499392e-03	1.336288e-03	1.445789e-03
0.375         	1.051483e-01	6.128697e-03	1.511115e-03	1.342648e-03	1.449681e-03
0.3755        	1.052100e-01	6.126642e-03	1.519832e-03	1.346937e-03	1.456534e-03
0.376         	1.052386e-01	6.131006e-03	1.527174e-03	1.350595e-03	1.458891e-03
0.3765        	1.058238e-01	6.135001e-03	1.533499e-03	1.353536e-03	1.462057e-03
0.377         	1.056504e-01	6.135371e-03	1.537835e-03	1.355729e-03	1.466722e-03
0.3775        	1.065123e-01	6.147293e-03	1.541476e-03	1.358689e-03	1.473000e-03
0.378         	1.065963e-01	6.158656e-03	1.543969e-03	1.361109e-03	1.478808e-03
0.3785        	1.071057e-01	6.178621e-03	1.544191e-03	1.363526e-03	1.482827e-03
0.379         	1.070473e-01	6.200773e-03	1.545806e-03	1.367084e-03	1.489435e-03
0.3795        	1.075130e-01	6.235846e-03	1.547565e-03	1.372861e-03	1.496924e-03
0.38          	1.079640e-01	6.263816e-03	1.550167e-03	1.380576e-03	1.505654e-03
0.3805        	1.084428e-01	6.300040e-03	1.556441e-03	1.389304e-03	1.514513e-03
0.381         	1.095841e-01	6.351456e-03	1.565030e-03	1.402138e-03	1.524800e-03
0.3815        	1.101401e-01	6.404594e-03	1.576336e-03	1.414131e-03	1.534992e-03
0.382         	1.107321e-01	6.458781e-03	1.590874e-03	1.427983e-03	1.548074e-03
0.3825        	1.122536e-01	6.513419e-03	1.608054e-03	1.444561e-03	1.560410e-03
0.383         	1.126564e-01	6.559348e-03	1.627429e-03	1.459431e-03	1.572846e-03
0.3835        	1.131144e-01	6.608682e-03	1.646423e-03	1.474664e-03	1.584212e-03
0.384         	1.132188e-01	6.641101e-03	1.666484e-03	1.487442e-03	1.593750e-03
0.3845        	1.137891e-01	6.670090e-03	1.684068e-03	1.500200e-03	1.603646e-03
0.385         	1.137952e-01	6.684624e-03	1.700936e-03	1.509735e-03	1.611951e-03
0.3855        	1.142550e-01	6.703103e-03	1.716433e-03	1.518906e-03	1.618023e-03
0.386         	1.139202e-01	6.704461e-03	1.729811e-03	1.526080e-03	1.624281e-03
0.3865        	1.141798e-01	6.703464e-03	1.741132e-03	1.531494e-03	1.628873e-03
0.387         	1.143726e-01	6.699320e-03	1.750807e-03	1.535743e-03	1.633398e-03
0.3875        	1.146779e-01	6.687646e-03	1.756473e-03	1.537933e-03	1.637365e-03
0.388         	1.146773e-01	6.685395e-03	1.762632e-03	1.539881e-03	1.640414e-03
0.3885        	1.145808e-01	6.677196e-03	1.764794e-03	1.539969e-03	1.641389e-03
0.389         	1.150177e-01	6.675211e-03	1.767409e-03	1.540678e-03	1.643075e-03
0.3895        	1.153218e-01	6.686807e-03	1.767116e-03	1.541395e-03	1.645395e-03
0.39          	1.156657e-01	6.688135e-03	1.765838e-03	1.542287e-03	1.648569e-03
0.3905        	1.162513e-01	6.713722e-03	1.764390e-03	1.543974e-03	1.653715e-03
0.391         	1.165210e-01	6.733728e-03	1.762897e-03	1.548332e-03	1.661609e-03
0.3915        	1.173312e-01	6.771809e-03	1.762824e-03	1.554525e-03	1.664388e-03
0.392         	1.174036e-01	6.794042e-03	1.764940e-03	1.561516e-03	1.672795e-03
0.3925        	1.182423e-01	6.843922e-03	1.771339e-03	1.572575e-03	1.678943e-03
0.393         	1.190065e-01	6.893305e-03	1.780316e-03	1.584238e-03	1.689613e-03
0.3935        	1.199978e-01	6.946964e-03	1.793208e-03	1.596193e-03	1.701327e-03
0.394         	1.207887e-01	7.001065e-03	1.811042e-03	1.612269e-03	1.711039e-03
0.3945        	1.212625e-01	7.049148e-03	1.830363e-03	1.627162e-03	1.723329e-03
0.395         	1.219734e-01	7.093739e-03	1.852385e-03	1.642471e-03	1.733046e-03
0.3955        	1.220335e-01	7.133400e-03	1.872438e-03	1.655440e-03	1.743002e-03
0.396         	1.224993e-01	7.154456e-03	1.892822e-03	1.667918e-03	1.753640e-03
0.3965        	1.224031e-01	7.170439e-03	1.909764e-03	1.678125e-03	1.762903e-03
0.397         	1.225540e-01	7.173241e-03	1.926262e-03	1.686792e-03	1.769083e-03
0.3975        	1.224085e-01	7.182256e-03	1.940316e-03	1.693425e-03	1.775503e-03
0.398         	1.220804e-01	7.165549e-03	1.951116e-03	1.698154e-03	1.783934e-03
0.3985        	1.226858e-01	7.157059e-03	1.960494e-03	1.701373e-03	1.784896e-03
0.399         	1.224473e-01	7.134619e-03	1.965152e-03	1.701516e-03	1.785563e-03
0.3995        	1.223384e-01	7.120237e-03	1.969080e-03	1.700844e-03	1.786521e-03
0.4           	1.229147e-01	7.105919e-03	1.970123e-03	1.698561e-03	1.785670e-03
0.4005        	1.228817e-01	7.091188e-03	1.969718e-03	1.696496e-03	1.785427e-03
0.401         	1.228017e-01	7.091728e-03	1.967037e-03	1.694347e-03	1.784965e-03
0.4015        	1.226629e-01	7.090626e-03	1.963116e-03	1.693302e-03	1.786198e-03
0.402         	1.236671e-01	7.104314e-03	1.957259e-03	1.692541e-03	1.786163e-03
0.4025        	1.237008e-01	7.121794e-03	1.952481e-03	1.694639e-03	1.788044e-03
0.403         	1.239544e-01	7.152169e-03	1.949234e-03	1.699066e-03	1.788287e-03
0.4035        	1.239595e-01	7.176498e-03	1.946471e-03	1.705045e-03	1.792687e-03
0.404         	1.246795e-01	7.209930e-03	1.949930e-03	1.712547e-03	1.800666e-03
0.4045        	1.256530e-01	7.262635e-03	1.956840e-03	1.723677e-03	1.806870e-03
0.405         	1.259700e-01	7.312508e-03	1.967135e-03	1.733800e-03	1.813583e-03
0.4055        	1.269294e-01	7.366571e-03	1.984560e-03	1.748036e-03	1.824111e-03
0.406         	1.273139e-01	7.416047e-03	2.004249e-03	1.763512e-03	1.832792e-03
0.4065        	1.275545e-01	7.459371e-03	2.026947e-03	1.776826e-03	1.843949e-03
0.407         	1.279965e-01	7.498486e-03	2.048177e-03	1.791156e-03	1.857178e-03
0.4075        	1.280200e-01	7.522138e-03	2.069391e-03	1.803418e-03	1.867090e-03
0.408         	1.277897e-01	7.531523e-03	2.087075e-03	1.813555e-03	1.876356e-03
0.4085        	1.281986e-01	7.530580e-03	2.103773e-03	1.821704e-03	1.884555e-03
0.409         	1.279625e-01	7.528372e-03	2.117184e-03	1.828170e-03	1.890086e-03
0.4095        	1.277927e-01	7.514386e-03	2.128055e-03	1.831076e-03	1.896129e-03
0.41          	1.274668e-01	7.493856e-03	2.135725e-03	1.832649e-03	1.898408e-03
0.4105        	1.279428e-01	7.468668e-03	2.140609e-03	1.830372e-03	1.898886e-03
0.411         	1.275038e-01	7.438250e-03	2.141863e-03	1.826967e-03	1.896811e-03
0.4115        	1.276554e-01	7.418279e-03	2.142159e-03	1.822238e-03	1.892808e-03
0.412         	1.280543e-01	7.391960e-03	2.138220e-03	1.817295e-03	1.887358e-03
0.4125        	1.280003e-01	7.380710e-03	2.133387e-03	1.811349e-03	1.884196e-03
0.413         	1.281516e-01	7.378462e-03	2.126112e-03	1.807882e-03	1.880857e-03
0.4135        	1.284307e-01	7.374956e-03	2.117071e-03	1.806173e-03	1.876794e-03
0.414         	1.286845e-01	7.394928e-03	2.108370e-03	1.805347e-03	1.874956e-03
0.4145        	1.290324e-01	7.410517e-03	2.100854e-03	1.808820e-03	1.875981e-03
0.415         	1.291786e-01	7.445212e-03	2.095389e-03	1.811627e-03	1.876992e-03
0.4155        	1.290578e-01	7.460450e-03	2.093490e-03	1.816868e-03	1.877247e-03
0.416         	1.302990e-01	7.513098e-03	2.097767e-03	1.826002e-03	1.881811e-03
0.4165        	1.304869e-01	7.560630e-03	2.106588e-03	1.834693e-03	1.887964e-03
0.417         	1.317822e-01	7.614409e-03	2.122361e-03	1.847441e-03	1.898306e-03
0.4175        	1.320545e-01	7.664853e-03	2.142064e-03	1.861925e-03	1.909366e-03
0.418         	1.322679e-01	7.709309e-03	2.164182e-03	1.876173e-03	1.922247e-03
0.4185        	1.324719e-01	7.745597e-03	2.186424e-03	1.889239e-03	1.933377e-03
0.419         	1.322021e-01	7.773829e-03	2.206922e-03	1.901324e-03	1.945538e-03
0.4195        	1.328984e-01	7.782572e-03	2.226217e-03	1.911851e-03	1.955884e-03
0.42          	1.322441e-01	7.777204e-03	2.242147e-03	1.919701e-03	1.964351e-03
0.4205        	1.321874e-01	7.766126e-03	2.255930e-03	1.924718e-03	1.973055e-03
0.421         	1.323255e-01	7.754269e-03	2.266353e-03	1.926695e-03	1.977474e-03
0.4215        	1.318754e-01	7.722770e-03	2.272668e-03	1.925557e-03	1.977070e-03
0.422         	1.316708e-01	7.697184e-03	2.277648e-03	1.922228e-03	1.973946e-03
0.4225        	1.313923e-01	7.653347e-03	2.276672e-03	1.915891e-03	1.968505e-03
0.423         	1.316054e-01	7.625564e-03	2.276132e-03	1.908553e-03	1.962072e-03
0.4235        	1.316445e-01	7.594233e-03	2.270717e-03	1.900743e-03	1.955221e-03
0.424         	1.316579e-01	7.569891e-03	2.263302e-03	1.891754e-03	1.947099e-03
0.4245        	1.316067e-01	7.564671e-03	2.253836e-03	1.885895e-03	1.938481e-03
0.425         	1.321069e-01	7.551287e-03	2.242359e-03	1.882234e-03	1.932011e-03
0.4255        	1.318203e-01	7.564327e-03	2.230191e-03	1.879859e-03	1.927361e-03
0.426         	1.320174e-01	7.577095e-03	2.219247e-03	1.880977e-03	1.924756e-03
0.4265        	1.325216e-01	7.604510e-03	2.210448e-03	1.882191e-03	1.921817e-03
0.427         	1.323747e-01	7.625494e-03	2.204279e-03	1.885557e-03	1.921793e-03
0.4275        	1.330480e-01	7.656357e-03	2.205891e-03	1.891769e-03	1.921573e-03
0.428         	1.333516e-01	7.712587e-03	2.211563e-03	1.900864e-03	1.928235e-03
0.4285        	1.341527e-01	7.759609e-03	2.225347e-03	1.911185e-03	1.940032e-03
0.429         	1.347512e-01	7.812549e-03	2.243208e-03	1.925623e-03	1.952530e-03
0.4295        	1.348654e-01	7.858317e-03	2.264387e-03	1.938323e-03	1.963933e-03
0.43          	1.353047e-01	7.896388e-03	2.287855e-03	1.952776e-03	1.976957e-03
0.4305        	1.351734e-01	7.925792e-03	2.307916e-03	1.964519e-03	1.991578e-03
0.431         	1.349490e-01	7.939757e-03	2.328073e-03	1.975030e-03	2.001322e-03
0.4315        	1.348237e-01	7.935631e-03	2.344278e-03	1.982572e-03	2.014143e-03
0.432         	1.346495e-01	7.918154e-03	2.358967e-03	1.987259e-03	2.021022e-03
0.4325        	1.341067e-01	7.902728e-03	2.369606e-03	1.988990e-03	2.026263e-03
0.433         	1.340594e-01	7.874448e-03	2.376819e-03	1.986501e-03	2.028120e-03
0.4335        	1.336575e-01	7.838025e-03	2.380277e-03	1.982572e-03	2.023996e-03
0.434         	1.338349e-01	7.800571e-03	2.381538e-03	1.974544e-03	2.015879e-03
0.4345        	1.335769e-01	7.755785e-03	2.377530e-03	1.965791e-03	2.004684e-03
0.435         	1.336767e-01	7.726192e-03	2.373005e-03	1.956158e-03	1.993160e-03
0.4355        	1.338044e-01	7.690065e-03	2.363389e-03	1.945359e-03	1.984200e-03
0.436         	1.337862e-01	7.672928e-03	2.352875e-03	1.937018e-03	1.974431e-03
0.4365        	1.338462e-01	7.663804e-03	2.339435e-03	1.931161e-03	1.965016e-03
0.437         	1.341054e-01	7.656781e-03	2.325155e-03	1.927869e-03	1.954924e-03
0.4375        	1.341777e-01	7.675541e-03	2.311680e-03	1.925596e-03	1.949926e-03
0.438         	1.342449e-01	7.689589e-03	2.299349e-03	1.926571e-03	1.949942e-03
0.4385        	1.346792e-01	7.720358e-03	2.291255e-03	1.927382e-03	1.945609e-03
0.439         	1.346832e-01	7.734408e-03	2.286677e-03	1.931694e-03	1.946467e-03
0.4395        	1.353958e-01	7.786196e-03	2.291474e-03	1.939849e-03	1.950490e-03
0.44          	1.356137e-01	7.835222e-03	2.299235e-03	1.948535e-03	1.960030e-03
0.4405        	1.363280e-01	7.888459e-03	2.315645e-03	1.962155e-03	1.970573e-03
0.441         	1.365645e-01	7.936662e-03	2.335815e-03	1.975595e-03	1.987359e-03
0.4415        	1.370717e-01	7.978981e-03	2.357896e-03	1.988988e-03	2.001115e-03
0.442         	1.370276e-01	8.008690e-03	2.379983e-03	2.001531e-03	2.014500e-03
0.4425        	1.368054e-01	8.031838e-03	2.400156e-03	2.012756e-03	2.029494e-03
0.443         	1.367550e-01	8.031237e-03	2.418245e-03	2.020673e-03	2.039167e-03
0.4435        	1.364525e-01	8.015602e-03	2.432595e-03	2.026237e-03	2.047734e-03
0.444         	1.361603e-01	7.994670e-03	2.445471e-03	2.027536e-03	2.051808e-03
0.4445        	1.358114e-01	7.970819e-03	2.453683e-03	2.025807e-03	2.055279e-03
0.445         	1.355367e-01	7.931419e-03	2.457806e-03	2.020527e-03	2.051404e-03
0.4455        	1.355432e-01	7.893295e-03	2.459110e-03	2.013890e-03	2.045248e-03
0.446         	1.350047e-01	7.843574e-03	2.456329e-03	2.003318e-03	2.035392e-03
0.4465        	1.351255e-01	7.804505e-03	2.451092e-03	1.992671e-03	2.020688e-03
0.447         	1.350488e-01	7.770580e-03	2.442583e-03	1.980789e-03	2.007791e-03
0.4475        	1.352909e-01	7.738024e-03	2.430210e-03	1.969091e-03	1.989966e-03
0.448         	1.349247e-01	7.729226e-03	2.417514e-03	1.961468e-03	1.981067e-03
0.4485        	1.351166e-01	7.713296e-03	2.401073e-03	1.956468e-03	1.970484e-03
0.449         	1.347996e-01	7.719166e-03	2.385479e-03	1.952304e-03	1.962380e-03
0.4495        	1.349693e-01	7.736686e-03	2.370816e-03	1.951534e-03	1.958791e-03
0.45          	1.352222e-01	7.757380e-03	2.358658e-03	1.952131e-03	1.954684e-03
0.4505        	1.353407e-01	7.780058e-03	2.350613e-03	1.953570e-03	1.955050e-03
0.451         	1.356671e-01	7.805594e-03	2.349026e-03	1.960107e-03	1.957271e-03
0.4515        	1.364458e-01	7.863707e-03	2.355081e-03	1.968159e-03	1.963725e-03
0.452         	1.364950e-01	7.908577e-03	2.366490e-03	1.977936e-03	1.973830e-03
0.4525        	1.371943e-01	7.965049e-03	2.384548e-03	1.992793e-03	1.988153e-03
0.453         	1.373733e-01	8.007698e-03	2.405226e-03	2.005880e-03	2.004797e-03
0.4535        	1.374480e-01	8.047789e-03	2.428346e-03	2.019814e-03	2.020493e-03
0.454         	1.377158e-01	8.070118e-03	2.449064e-03	2.031263e-03	2.039679e-03
0.4545        	1.371859e-01	8.085750e-03	2.469240e-03	2.041828e-03	2.053370e-03
0.455         	1.372994e-01	8.074741e-03	2.485775e-03	2.047832e-03	2.062640e-03
0.4555        	1.367776e-01	8.053333e-03	2.499615e-03	2.050665e-03	2.068867e-03
0.456         	1.363358e-01	8.030466e-03	2.510299e-03	2.052107e-03	2.070320e-03
0.4565        	1.362269e-01	7.998017e-03	2.516816e-03	2.046899e-03	2.070099e-03
0.457         	1.359858e-01	7.955380e-03	2.519170e-03	2.040718e-03	2.063984e-03
0.4575        	1.357749e-01	7.911253e-03	2.518570e-03	2.031233e-03	2.054897e-03
0.458         	1.356398e-01	7.860937e-03	2.513387e-03	2.020030e-03	2.041522e-03
0.4585        	1.356400e-01	7.824351e-03	2.506570e-03	2.007903e-03	2.026473e-03
0.459         	1.356027e-01	7.786129e-03	2.495241e-03	1.995173e-03	2.009806e-03
0.4595        	1.358657e-01	7.762609e-03	2.481660e-03	1.984106e-03	1.995886e-03
0.46          	1.357297e-01	7.752746e-03	2.466440e-03	1.976208e-03	1.981184e-03
0.4605        	1.358258e-01	7.740858e-03	2.448608e-03	1.970801e-03	1.972251e-03
0.461         	1.359128e-01	7.755254e-03	2.432596e-03	1.967306e-03	1.964666e-03
0.4615        	1.361380e-01	7.771810e-03	2.417263e-03	1.967366e-03	1.961805e-03
0.462         	1.364758e-01	7.794298e-03	2.405250e-03	1.966382e-03	1.958261e-03
0.4625        	1.363000e-01	7.812865e-03	2.397913e-03	1.970181e-03	1.960403e-03
0.463         	1.368587e-01	7.849865e-03	2.397877e-03	1.977236e-03	1.963736e-03
0.4635        	1.374906e-01	7.907412e-03	2.404659e-03	1.985376e-03	1.972853e-03
0.464         	1.376649e-01	7.953339e-03	2.418182e-03	1.997461e-03	1.986683e-03
0.4645        	1.383277e-01	8.008067e-03	2.436704e-03	2.011525e-03	2.001345e-03
0.465         	1.384313e-01	8.048231e-03	2.458459e-03	2.025782e-03	2.017363e-03
0.4655        	1.385677e-01	8.083510e-03	2.481030e-03	2.038713e-03	2.034050e-03
0.466         	1.382768e-01	8.102186e-03	2.501469e-03	2.050372e-03	2.050396e-03
0.4665        	1.381005e-01	8.111870e-03	2.521565e-03	2.058804e-03	2.062259e-03
0.467         	1.376421e-01	8.093513e-03	2.537314e-03	2.064583e-03	2.073610e-03
0.4675        	1.374019e-01	8.071318e-03	2.551083e-03	2.066646e-03	2.077577e-03
0.468         	1.371037e-01	8.043839e-03	2.559943e-03	2.065007e-03	2.080383e-03
0.4685        	1.366053e-01	8.006411e-03	2.565604e-03	2.059843e-03	2.077961e-03
0.469         	1.363543e-01	7.961849e-03	2.566732e-03	2.052601e-03	2.070569e-03
0.4695        	1.364708e-01	7.914456e-03	2.564596e-03	2.042327e-03	2.060681e-03
0.47          	1.359765e-01	7.863851e-03	2.558405e-03	2.030059e-03	2.044743e-03
0.4705        	1.362580e-01	7.830032e-03	2.549962e-03	2.017464e-03	2.027037e-03
0.471         	1.360727e-01	7.790061e-03	2.537498e-03	2.004262e-03	2.011287e-03
0.4715        	1.360482e-01	7.770537e-03	2.522961e-03	1.992614e-03	1.996575e-03
0.472         	1.361637e-01	7.760579e-03	2.505965e-03	1.984815e-03	1.985551e-03
0.4725        	1.362873e-01	7.754288e-03	2.487495e-03	1.979181e-03	1.970790e-03
0.473         	1.362266e-01	7.769229e-03	2.470454e-03	1.975178e-03	1.965954e-03
0.4735        	1.364848e-01	7.788770e-03	2.454859e-03	1.975545e-03	1.960537e-03
0.474         	1.367667e-01	7.811416e-03	2.442468e-03	1.974816e-03	1.958550e-03
0.4745        	1.365543e-01	7.830481e-03	2.434924e-03	1.979030e-03	1.958397e-03
0.475         	1.372139e-01	7.871437e-03	2.435078e-03	1.986529e-03	1.966370e-03
0.4755        	1.376969e-01	7.928845e-03	2.442345e-03	1.995573e-03	1.976123e-03
0.476         	1.379492e-01	7.974091e-03	2.456660e-03	2.007164e-03	1.986472e-03
0.4765        	1.384411e-01	8.029034e-03	2.475774e-03	2.022786e-03	2.006467e-03
0.477         	1.384903e-01	8.066037e-03	2.497691e-03	2.035938e-03	2.020120e-03
0.4775        	1.385317e-01	8.100907e-03	2.520531e-03	2.050435e-03	2.037634e-03
0.478         	1.382630e-01	8.116609e-03	2.541207e-03	2.060581e-03	2.052582e-03
0.4785        	1.380098e-01	8.122636e-03	2.561711e-03	2.070655e-03	2.066424e-03
0.479         	1.377248e-01	8.101195e-03	2.577516e-03	2.074716e-03	2.076177e-03
0.4795        	1.372196e-01	8.078114e-03	2.591140e-03	2.077363e-03	2.083158e-03
0.48          	1.369633e-01	8.048304e-03	2.600816e-03	2.074905e-03	2.086114e-03
0.4805        	1.366435e-01	8.009890e-03	2.605355e-03	2.069674e-03	2.082380e-03
0.481         	1.364226e-01	7.962964e-03	2.606190e-03	2.061842e-03	2.074645e-03
0.4815        	1.362831e-01	7.914345e-03	2.603437e-03	2.050943e-03	2.064735e-03
0.482         	1.362011e-01	7.864548e-03	2.596713e-03	2.038425e-03	2.048324e-03
0.4825        	1.362561e-01	7.828907e-03	2.587439e-03	2.025589e-03	2.031539e-03
0.483         	1.362282e-01	7.792349e-03	2.574303e-03	2.011430e-03	2.013380e-03
0.4835        	1.364271e-01	7.772697e-03	2.558708e-03	1.999962e-03	1.996941e-03
0.484         	1.363776e-01	7.764496e-03	2.541486e-03	1.990570e-03	1.983548e-03
0.4845        	1.364701e-01	7.758494e-03	2.521940e-03	1.984505e-03	1.971866e-03
0.485         	1.366753e-01	7.775721e-03	2.504338e-03	1.981115e-03	1.963521e-03
0.4855        	1.369742e-01	7.795877e-03	2.487774e-03	1.980914e-03	1.964061e-03
0.486         	1.371394e-01	7.818810e-03	2.474715e-03	1.981368e-03	1.958384e-03
0.4865        	1.372623e-01	7.838113e-03	2.466480e-03	1.984208e-03	1.962809e-03
0.487         	1.377182e-01	7.879128e-03	2.465784e-03	1.992548e-03	1.965195e-03
0.4875        	1.382387e-01	7.937767e-03	2.472371e-03	2.001486e-03	1.977603e-03
0.488         	1.384951e-01	7.980726e-03	2.486057e-03	2.013650e-03	1.989074e-03
0.4885        	1.390059e-01	8.036627e-03	2.505546e-03	2.029132e-03	2.007387e-03
0.489         	1.390182e-01	8.073494e-03	2.526763e-03	2.043303e-03	2.023284e-03
0.4895        	1.391287e-01	8.107949e-03	2.550535e-03	2.056373e-03	2.039262e-03
0.49          	1.387776e-01	8.124228e-03	2.571690e-03	2.068149e-03	2.056438e-03
0.4905        	1.385497e-01	8.128577e-03	2.591905e-03	2.077301e-03	2.070659e-03
0.491         	1.381367e-01	8.107861e-03	2.608868e-03	2.083344e-03	2.084401e-03
0.4915        	1.377786e-01	8.083331e-03	2.622783e-03	2.084776e-03	2.089777e-03
0.492         	1.373122e-01	8.051846e-03	2.633090e-03	2.083852e-03	2.090251e-03
0.4925        	1.369763e-01	8.014424e-03	2.637907e-03	2.077555e-03	2.084179e-03
0.493         	1.368106e-01	7.967180e-03	2.639230e-03	2.070727e-03	2.079825e-03
0.4935        	1.364928e-01	7.916851e-03	2.635884e-03	2.058926e-03	2.069700e-03
0.494         	1.364193e-01	7.866288e-03	2.629418e-03	2.046503e-03	2.054271e-03
0.4945        	1.366209e-01	7.830483e-03	2.619366e-03	2.033608e-03	2.039900e-03
0.495         	1.364184e-01	7.793408e-03	2.606642e-03	2.019682e-03	2.020689e-03
0.4955        	1.366132e-01	7.771931e-03	2.590063e-03	2.006542e-03	2.005783e-03
0.496         	1.365247e-01	7.766893e-03	2.573120e-03	1.996915e-03	1.988916e-03
0.4965        	1.366437e-01	7.757296e-03	2.552131e-03	1.989531e-03	1.975656e-03
0.497         	1.366667e-01	7.775824e-03	2.534417e-03	1.984932e-03	1.966570e-03
0.4975        	1.371191e-01	7.796129e-03	2.516623e-03	1.984663e-03	1.963937e-03
0.498         	1.370023e-01	7.817804e-03	2.502732e-03	1.984166e-03	1.960091e-03
0.4985        	1.372308e-01	7.839074e-03	2.493323e-03	1.988145e-03	1.964054e-03
0.499         	1.376983e-01	7.878316e-03	2.490529e-03	1.995416e-03	1.966733e-03
0.4995        	1.382167e-01	7.934901e-03	2.495692e-03	2.004017e-03	1.976079e-03
0.5           	1.384487e-01	7.978726e-03	2.507578e-03	2.016399e-03	1.988988e-03
