# y+ ()       
# Time        	patch         	min           	max           	average       
0             	splitter	1.151523e+01	1.444246e+01	1.193225e+01
0             	back	7.887793e+00	1.019306e+01	7.999643e+00
0             	sides	1.122379e+01	1.122676e+01	1.122528e+01
0.01          	splitter	3.250908e+01	5.614638e+01	3.662664e+01
0.01          	back	7.152200e+00	1.279049e+01	1.060397e+01
0.01          	sides	9.670137e+00	2.830396e+01	1.648209e+01
0.02          	splitter	3.305994e+01	5.680237e+01	3.714437e+01
0.02          	back	1.008209e+01	1.344970e+01	1.165445e+01
0.02          	sides	9.704735e+00	2.891463e+01	1.872551e+01
0.03          	splitter	3.323847e+01	5.708907e+01	3.732442e+01
0.03          	back	9.974523e+00	1.304743e+01	1.142245e+01
0.03          	sides	9.704621e+00	2.857917e+01	2.121497e+01
0.04          	splitter	3.333684e+01	5.724196e+01	3.744709e+01
0.04          	back	9.374075e+00	1.245214e+01	1.118121e+01
0.04          	sides	9.704616e+00	2.844196e+01	2.191482e+01
0.05          	splitter	3.347776e+01	5.742530e+01	3.759936e+01
0.05          	back	8.745898e+00	1.216646e+01	1.093588e+01
0.05          	sides	9.704613e+00	2.839988e+01	2.217165e+01
0.06          	splitter	3.348329e+01	5.742443e+01	3.760458e+01
0.06          	back	8.285022e+00	1.194681e+01	1.073982e+01
0.06          	sides	9.704619e+00	2.832105e+01	2.234247e+01
0.07          	splitter	3.348190e+01	5.742307e+01	3.760273e+01
0.07          	back	7.934271e+00	1.171084e+01	1.057132e+01
0.07          	sides	9.704622e+00	2.832801e+01	2.243277e+01
0.08          	splitter	3.348121e+01	5.742246e+01	3.760174e+01
0.08          	back	7.666496e+00	1.176875e+01	1.043893e+01
0.08          	sides	9.704623e+00	2.835232e+01	2.246864e+01
0.09          	splitter	3.348093e+01	5.742211e+01	3.760116e+01
0.09          	back	7.480586e+00	1.178925e+01	1.034408e+01
0.09          	sides	9.704623e+00	2.837188e+01	2.246562e+01
0.1           	splitter	3.348071e+01	5.742190e+01	3.760083e+01
0.1           	back	7.339212e+00	1.166856e+01	1.027566e+01
0.1           	sides	9.704624e+00	2.838342e+01	2.245707e+01
0.11          	splitter	3.348048e+01	5.742191e+01	3.760059e+01
0.11          	back	7.183391e+00	1.189011e+01	1.018469e+01
0.11          	sides	9.704623e+00	2.838967e+01	2.245459e+01
0.12          	splitter	3.348044e+01	5.742178e+01	3.760037e+01
0.12          	back	7.055953e+00	1.163728e+01	1.009034e+01
0.12          	sides	9.704624e+00	2.839737e+01	2.245688e+01
0.13          	splitter	3.348040e+01	5.742158e+01	3.760020e+01
0.13          	back	6.945800e+00	1.180222e+01	1.001795e+01
0.13          	sides	9.704623e+00	2.840544e+01	2.246085e+01
0.14          	splitter	3.348013e+01	5.742160e+01	3.760003e+01
0.14          	back	6.851546e+00	1.185849e+01	9.969559e+00
0.14          	sides	9.704623e+00	2.840692e+01	2.246433e+01
0.15          	splitter	3.348010e+01	5.742157e+01	3.759991e+01
0.15          	back	6.778937e+00	1.164084e+01	9.935297e+00
0.15          	sides	9.704624e+00	2.841009e+01	2.246678e+01
0.16          	splitter	3.348019e+01	5.742140e+01	3.759982e+01
0.16          	back	6.716668e+00	1.175088e+01	9.908992e+00
0.16          	sides	9.704623e+00	2.841738e+01	2.246860e+01
0.17          	splitter	3.348006e+01	5.742132e+01	3.759974e+01
0.17          	back	6.660806e+00	1.168798e+01	9.854307e+00
0.17          	sides	9.704623e+00	2.841923e+01	2.247004e+01
0.18          	splitter	3.347987e+01	5.742144e+01	3.759964e+01
0.18          	back	6.605263e+00	1.173347e+01	9.795625e+00
0.18          	sides	9.704624e+00	2.841658e+01	2.247130e+01
0.19          	splitter	3.347999e+01	5.742136e+01	3.759957e+01
0.19          	back	6.554458e+00	1.161862e+01	9.769950e+00
0.19          	sides	9.704624e+00	2.842202e+01	2.247243e+01
0.2           	splitter	3.348005e+01	5.742121e+01	3.759950e+01
0.2           	back	6.509442e+00	1.153446e+01	9.738435e+00
0.2           	sides	9.704622e+00	2.842876e+01	2.247345e+01
0.21          	splitter	3.347973e+01	5.742119e+01	3.759943e+01
0.21          	back	6.467355e+00	1.160579e+01	9.680374e+00
0.21          	sides	9.704623e+00	2.842380e+01	2.247439e+01
0.22          	splitter	3.347975e+01	5.742135e+01	3.759938e+01
0.22          	back	6.423002e+00	1.165925e+01	9.703860e+00
0.22          	sides	9.704625e+00	2.842432e+01	2.247525e+01
0.23          	splitter	3.348006e+01	5.742116e+01	3.759934e+01
0.23          	back	6.382089e+00	1.161465e+01	9.649035e+00
0.23          	sides	9.704622e+00	2.843594e+01	2.247602e+01
0.24          	splitter	3.347961e+01	5.742113e+01	3.759933e+01
0.24          	back	6.345166e+00	1.158636e+01	9.616740e+00
0.24          	sides	9.704623e+00	2.842860e+01	2.247659e+01
0.25          	splitter	3.347963e+01	5.742136e+01	3.759919e+01
0.25          	back	6.311093e+00	1.164255e+01	9.616985e+00
0.25          	sides	9.704626e+00	2.843009e+01	2.247716e+01
0.26          	splitter	3.348008e+01	5.742126e+01	3.759918e+01
0.26          	back	6.277918e+00	1.158952e+01	9.576821e+00
0.26          	sides	9.704621e+00	2.844615e+01	2.247774e+01
0.27          	splitter	3.347918e+01	5.742131e+01	3.759919e+01
0.27          	back	6.248621e+00	1.158752e+01	9.546780e+00
0.27          	sides	9.704624e+00	2.843812e+01	2.247822e+01
0.28          	splitter	3.348015e+01	5.742122e+01	3.759918e+01
0.28          	back	6.227806e+00	1.159901e+01	9.511788e+00
0.28          	sides	9.704626e+00	2.843591e+01	2.247853e+01
0.29          	splitter	3.347965e+01	5.742147e+01	3.759917e+01
0.29          	back	6.211059e+00	1.165647e+01	9.525557e+00
0.29          	sides	9.704619e+00	2.844847e+01	2.247872e+01
0.3           	splitter	3.347916e+01	5.742201e+01	3.759914e+01
0.3           	back	6.195641e+00	1.164318e+01	9.510376e+00
0.3           	sides	9.704629e+00	2.845392e+01	2.247899e+01
0.31          	splitter	3.348043e+01	5.742191e+01	3.759916e+01
0.31          	back	6.183102e+00	1.157513e+01	9.499287e+00
0.31          	sides	9.704620e+00	2.846640e+01	2.247905e+01
0.32          	splitter	3.347819e+01	5.742176e+01	3.759916e+01
0.32          	back	6.169796e+00	1.154660e+01	9.476895e+00
0.32          	sides	9.704623e+00	2.845423e+01	2.247883e+01
0.33          	splitter	3.348000e+01	5.742119e+01	3.759923e+01
0.33          	back	6.160509e+00	1.165034e+01	9.492367e+00
0.33          	sides	9.704628e+00	2.844479e+01	2.247852e+01
0.34          	splitter	3.347878e+01	5.742229e+01	3.759936e+01
0.34          	back	6.152103e+00	1.169967e+01	9.519793e+00
0.34          	sides	9.704615e+00	2.847639e+01	2.247801e+01
0.35          	splitter	3.347990e+01	5.742389e+01	3.759956e+01
0.35          	back	6.147250e+00	1.156427e+01	9.493901e+00
0.35          	sides	9.704638e+00	2.850016e+01	2.247706e+01
0.36          	splitter	3.348029e+01	5.742488e+01	3.759979e+01
0.36          	back	6.146748e+00	1.158921e+01	9.435351e+00
0.36          	sides	9.704611e+00	2.852041e+01	2.247549e+01
0.37          	splitter	3.347689e+01	5.742563e+01	3.760016e+01
0.37          	back	6.145297e+00	1.169706e+01	9.513106e+00
0.37          	sides	9.704636e+00	2.851140e+01	2.247293e+01
0.38          	splitter	3.347751e+01	5.742495e+01	3.760068e+01
0.38          	back	6.148417e+00	1.159982e+01	9.489877e+00
0.38          	sides	9.704627e+00	2.849563e+01	2.246902e+01
0.39          	splitter	3.347539e+01	5.742353e+01	3.760145e+01
0.39          	back	6.154903e+00	1.150494e+01	9.456550e+00
0.39          	sides	9.704609e+00	2.849369e+01	2.246277e+01
0.4           	splitter	3.347846e+01	5.742597e+01	3.760268e+01
0.4           	back	6.169642e+00	1.163196e+01	9.532440e+00
0.4           	sides	9.704658e+00	2.856145e+01	2.245386e+01
0.41          	splitter	3.347982e+01	5.743106e+01	3.760434e+01
0.41          	back	6.187466e+00	1.169545e+01	9.525606e+00
0.41          	sides	9.704577e+00	2.859424e+01	2.244147e+01
0.42          	splitter	3.348370e+01	5.743687e+01	3.760661e+01
0.42          	back	6.211687e+00	1.162938e+01	9.558666e+00
0.42          	sides	9.704680e+00	2.856337e+01	2.242504e+01
0.43          	splitter	3.348207e+01	5.744135e+01	3.760948e+01
0.43          	back	6.252869e+00	1.164135e+01	9.595775e+00
0.43          	sides	9.704575e+00	2.851225e+01	2.240458e+01
0.44          	splitter	3.347670e+01	5.744415e+01	3.761296e+01
0.44          	back	6.317910e+00	1.168957e+01	9.650280e+00
0.44          	sides	9.704655e+00	2.842141e+01	2.238011e+01
0.45          	splitter	3.347625e+01	5.744334e+01	3.761686e+01
0.45          	back	6.428149e+00	1.166225e+01	9.754150e+00
0.45          	sides	9.704629e+00	2.846725e+01	2.235259e+01
0.46          	splitter	3.347502e+01	5.743947e+01	3.762085e+01
0.46          	back	6.592712e+00	1.171419e+01	9.870491e+00
0.46          	sides	9.704578e+00	2.850363e+01	2.232325e+01
0.47          	splitter	3.348185e+01	5.744311e+01	3.762499e+01
0.47          	back	6.828433e+00	1.177925e+01	1.002181e+01
0.47          	sides	9.704713e+00	2.846551e+01	2.229450e+01
0.48          	splitter	3.349002e+01	5.745580e+01	3.762869e+01
0.48          	back	7.110056e+00	1.172650e+01	1.023072e+01
0.48          	sides	9.704508e+00	2.840425e+01	2.226907e+01
0.49          	splitter	3.349632e+01	5.746587e+01	3.763172e+01
0.49          	back	7.459836e+00	1.196138e+01	1.046506e+01
0.49          	sides	9.704740e+00	2.832200e+01	2.224912e+01
0.5           	splitter	3.348635e+01	5.746875e+01	3.763364e+01
0.5           	back	7.867583e+00	1.216496e+01	1.064960e+01
0.5           	sides	9.704545e+00	2.832300e+01	2.223490e+01
0.51          	splitter	3.347579e+01	5.746371e+01	3.763490e+01
0.51          	back	8.291278e+00	1.241607e+01	1.084133e+01
0.51          	sides	9.704641e+00	2.843994e+01	2.222463e+01
0.52          	splitter	3.347644e+01	5.745138e+01	3.763634e+01
0.52          	back	8.697725e+00	1.258701e+01	1.105231e+01
0.52          	sides	9.704689e+00	2.848167e+01	2.221585e+01
0.53          	splitter	3.348288e+01	5.745462e+01	3.763819e+01
0.53          	back	9.055314e+00	1.273249e+01	1.115208e+01
0.53          	sides	9.704498e+00	2.845787e+01	2.220742e+01
0.54          	splitter	3.350037e+01	5.747064e+01	3.764009e+01
0.54          	back	9.313471e+00	1.312215e+01	1.128239e+01
0.54          	sides	9.704774e+00	2.836313e+01	2.220071e+01
0.55          	splitter	3.349602e+01	5.747777e+01	3.764077e+01
0.55          	back	9.554019e+00	1.344649e+01	1.149645e+01
0.55          	sides	9.704499e+00	2.829423e+01	2.219753e+01
0.56          	splitter	3.347925e+01	5.747431e+01	3.764057e+01
0.56          	back	9.711415e+00	1.362963e+01	1.151871e+01
0.56          	sides	9.704681e+00	2.845359e+01	2.219713e+01
0.57          	splitter	3.347483e+01	5.746107e+01	3.764053e+01
0.57          	back	9.867622e+00	1.363754e+01	1.152800e+01
0.57          	sides	9.704662e+00	2.852436e+01	2.219690e+01
0.58          	splitter	3.347849e+01	5.745069e+01	3.764136e+01
0.58          	back	1.000046e+01	1.344753e+01	1.157622e+01
0.58          	sides	9.704507e+00	2.851591e+01	2.219414e+01
0.59          	splitter	3.349564e+01	5.746956e+01	3.764289e+01
0.59          	back	1.004692e+01	1.359719e+01	1.162444e+01
0.59          	sides	9.704784e+00	2.841587e+01	2.218976e+01
0.6           	splitter	3.350257e+01	5.747989e+01	3.764336e+01
0.6           	back	1.008275e+01	1.388455e+01	1.167935e+01
0.6           	sides	9.704478e+00	2.831952e+01	2.218741e+01
0.61          	splitter	3.348279e+01	5.747876e+01	3.764275e+01
0.61          	back	1.016506e+01	1.404159e+01	1.169988e+01
0.61          	sides	9.704707e+00	2.844581e+01	2.218854e+01
0.62          	splitter	3.347499e+01	5.746640e+01	3.764204e+01
0.62          	back	1.024098e+01	1.401885e+01	1.172473e+01
0.62          	sides	9.704640e+00	2.853505e+01	2.219074e+01
0.63          	splitter	3.347594e+01	5.744902e+01	3.764227e+01
0.63          	back	1.031721e+01	1.380861e+01	1.178320e+01
0.63          	sides	9.704521e+00	2.854580e+01	2.219050e+01
0.64          	splitter	3.349173e+01	5.746682e+01	3.764362e+01
0.64          	back	1.029952e+01	1.372135e+01	1.173091e+01
0.64          	sides	9.704783e+00	2.845139e+01	2.218717e+01
0.65          	splitter	3.350737e+01	5.747953e+01	3.764418e+01
0.65          	back	1.027856e+01	1.400049e+01	1.169853e+01
0.65          	sides	9.704467e+00	2.834378e+01	2.218459e+01
0.66          	splitter	3.348616e+01	5.748081e+01	3.764359e+01
0.66          	back	1.031382e+01	1.416676e+01	1.173477e+01
0.66          	sides	9.704725e+00	2.842079e+01	2.218559e+01
0.67          	splitter	3.347590e+01	5.747000e+01	3.764260e+01
0.67          	back	1.036823e+01	1.415858e+01	1.182093e+01
0.67          	sides	9.704620e+00	2.852489e+01	2.218851e+01
0.68          	splitter	3.347428e+01	5.745278e+01	3.764246e+01
0.68          	back	1.041742e+01	1.394920e+01	1.178163e+01
0.68          	sides	9.704537e+00	2.855561e+01	2.218956e+01
0.69          	splitter	3.348833e+01	5.746349e+01	3.764368e+01
0.69          	back	1.038702e+01	1.372197e+01	1.180004e+01
0.69          	sides	9.704778e+00	2.847436e+01	2.218695e+01
0.7           	splitter	3.350581e+01	5.747814e+01	3.764439e+01
0.7           	back	1.034832e+01	1.400284e+01	1.178534e+01
0.7           	sides	9.704461e+00	2.836553e+01	2.218402e+01
0.71          	splitter	3.348958e+01	5.748183e+01	3.764399e+01
0.71          	back	1.035928e+01	1.418954e+01	1.181475e+01
0.71          	sides	9.704739e+00	2.840045e+01	2.218442e+01
0.72          	splitter	3.347733e+01	5.747289e+01	3.764289e+01
0.72          	back	1.040059e+01	1.421220e+01	1.178238e+01
0.72          	sides	9.704601e+00	2.851739e+01	2.218743e+01
0.73          	splitter	3.347320e+01	5.745641e+01	3.764247e+01
0.73          	back	1.044148e+01	1.402647e+01	1.180211e+01
0.73          	sides	9.704553e+00	2.856401e+01	2.218927e+01
0.74          	splitter	3.348527e+01	5.745987e+01	3.764353e+01
0.74          	back	1.042418e+01	1.373437e+01	1.180890e+01
0.74          	sides	9.704770e+00	2.849804e+01	2.218734e+01
0.75          	splitter	3.350199e+01	5.747617e+01	3.764439e+01
0.75          	back	1.036905e+01	1.396922e+01	1.182989e+01
0.75          	sides	9.704457e+00	2.838604e+01	2.218414e+01
0.76          	splitter	3.349313e+01	5.748224e+01	3.764423e+01
0.76          	back	1.036484e+01	1.417686e+01	1.182696e+01
0.76          	sides	9.704752e+00	2.836744e+01	2.218385e+01
0.77          	splitter	3.347919e+01	5.747534e+01	3.764311e+01
0.77          	back	1.040555e+01	1.423489e+01	1.185543e+01
0.77          	sides	9.704582e+00	2.849819e+01	2.218667e+01
0.78          	splitter	3.347261e+01	5.745987e+01	3.764247e+01
0.78          	back	1.044204e+01	1.408183e+01	1.181809e+01
0.78          	sides	9.704571e+00	2.856331e+01	2.218907e+01
0.79          	splitter	3.348255e+01	5.745608e+01	3.764332e+01
0.79          	back	1.044466e+01	1.379852e+01	1.183910e+01
0.79          	sides	9.704761e+00	2.851544e+01	2.218786e+01
0.8           	splitter	3.349822e+01	5.747377e+01	3.764430e+01
0.8           	back	1.038553e+01	1.392373e+01	1.177956e+01
0.8           	sides	9.704457e+00	2.840963e+01	2.218455e+01
0.81          	splitter	3.349683e+01	5.748215e+01	3.764439e+01
0.81          	back	1.037206e+01	1.415015e+01	1.179816e+01
0.81          	sides	9.704763e+00	2.833878e+01	2.218354e+01
0.82          	splitter	3.348145e+01	5.747744e+01	3.764333e+01
0.82          	back	1.039998e+01	1.424336e+01	1.182972e+01
0.82          	sides	9.704564e+00	2.847956e+01	2.218601e+01
0.83          	splitter	3.347250e+01	5.746322e+01	3.764249e+01
0.83          	back	1.044393e+01	1.412639e+01	1.181177e+01
0.83          	sides	9.704589e+00	2.856075e+01	2.218880e+01
0.84          	splitter	3.348016e+01	5.745220e+01	3.764311e+01
0.84          	back	1.046426e+01	1.385847e+01	1.179989e+01
0.84          	sides	9.704749e+00	2.852970e+01	2.218835e+01
0.85          	splitter	3.349454e+01	5.747100e+01	3.764415e+01
0.85          	back	1.039532e+01	1.387367e+01	1.176176e+01
0.85          	sides	9.704458e+00	2.843359e+01	2.218509e+01
0.86          	splitter	3.350064e+01	5.748159e+01	3.764451e+01
0.86          	back	1.037106e+01	1.411599e+01	1.180777e+01
0.86          	sides	9.704772e+00	2.831448e+01	2.218340e+01
0.87          	splitter	3.348408e+01	5.747917e+01	3.764355e+01
0.87          	back	1.038883e+01	1.424267e+01	1.175632e+01
0.87          	sides	9.704547e+00	2.845665e+01	2.218539e+01
0.88          	splitter	3.347285e+01	5.746642e+01	3.764256e+01
0.88          	back	1.043707e+01	1.416315e+01	1.177676e+01
0.88          	sides	9.704608e+00	2.855446e+01	2.218843e+01
0.89          	splitter	3.347815e+01	5.744829e+01	3.764292e+01
0.89          	back	1.046579e+01	1.391598e+01	1.182645e+01
0.89          	sides	9.704736e+00	2.854319e+01	2.218875e+01
0.9           	splitter	3.349101e+01	5.746792e+01	3.764396e+01
0.9           	back	1.040509e+01	1.382170e+01	1.185165e+01
0.9           	sides	9.704462e+00	2.845559e+01	2.218571e+01
0.91          	splitter	3.350450e+01	5.748058e+01	3.764457e+01
0.91          	back	1.037207e+01	1.407670e+01	1.178522e+01
0.91          	sides	9.704780e+00	2.833163e+01	2.218342e+01
0.92          	splitter	3.348700e+01	5.748051e+01	3.764377e+01
0.92          	back	1.038222e+01	1.423417e+01	1.181757e+01
0.92          	sides	9.704530e+00	2.842993e+01	2.218482e+01
0.93          	splitter	3.347366e+01	5.746943e+01	3.764268e+01
0.93          	back	1.043165e+01	1.419258e+01	1.180510e+01
0.93          	sides	9.704627e+00	2.854265e+01	2.218796e+01
0.94          	splitter	3.347653e+01	5.745153e+01	3.764276e+01
0.94          	back	1.046030e+01	1.397163e+01	1.180162e+01
0.94          	sides	9.704721e+00	2.854895e+01	2.218901e+01
0.95          	splitter	3.348766e+01	5.746456e+01	3.764374e+01
0.95          	back	1.041999e+01	1.376898e+01	1.178876e+01
0.95          	sides	9.704468e+00	2.847720e+01	2.218636e+01
0.96          	splitter	3.350837e+01	5.747914e+01	3.764458e+01
0.96          	back	1.037618e+01	1.403369e+01	1.178630e+01
0.96          	sides	9.704785e+00	2.835089e+01	2.218358e+01
0.97          	splitter	3.349023e+01	5.748144e+01	3.764397e+01
0.97          	back	1.037439e+01	1.421848e+01	1.179634e+01
0.97          	sides	9.704515e+00	2.840489e+01	2.218431e+01
0.98          	splitter	3.347492e+01	5.747222e+01	3.764283e+01
0.98          	back	1.042107e+01	1.421507e+01	1.181348e+01
0.98          	sides	9.704645e+00	2.853164e+01	2.218742e+01
0.99          	splitter	3.347534e+01	5.745496e+01	3.764265e+01
0.99          	back	1.044911e+01	1.402426e+01	1.182483e+01
0.99          	sides	9.704705e+00	2.855712e+01	2.218913e+01
1             	splitter	3.348455e+01	5.746098e+01	3.764352e+01
1             	back	1.043039e+01	1.371624e+01	1.183806e+01
1             	sides	9.704476e+00	2.849899e+01	2.218700e+01
