# Forces      
# CofR        : (0.000000e+00 0.000000e+00 0.000000e+00)
# Time        forces(pressure viscous porous)	moments(pressure viscous porous)
0             	((9.159340e-16 -3.552714e-15 5.364101e-18) (0.000000e+00 -2.620390e-01 0.000000e+00) (0.000000e+00 0.000000e+00 0.000000e+00)) ((9.527422e-20 3.534142e-19 -2.775558e-17) (0.000000e+00 0.000000e+00 -4.336809e-19) (0.000000e+00 0.000000e+00 0.000000e+00))
0.01          	((2.998054e-04 6.765232e+00 -4.876615e-19) (5.919839e-06 -1.547453e-02 8.624118e-20) (0.000000e+00 0.000000e+00 0.000000e+00)) ((-8.167661e-21 5.688828e-19 -9.672127e-06) (1.525185e-21 -1.297628e-20 -1.271668e-07) (0.000000e+00 0.000000e+00 0.000000e+00))
0.02          	((-1.170426e-03 5.866054e+00 5.084861e-19) (-8.272330e-05 -1.600528e-02 8.750520e-20) (0.000000e+00 0.000000e+00 0.000000e+00)) ((1.017685e-20 5.499534e-19 5.680939e-05) (1.538772e-21 -1.271588e-20 2.657134e-06) (0.000000e+00 0.000000e+00 0.000000e+00))
0.03          	((7.683013e-03 5.988303e+00 3.332309e-19) (1.975020e-04 -1.578746e-02 8.515471e-20) (0.000000e+00 0.000000e+00 0.000000e+00)) ((6.747806e-21 5.492537e-19 -4.811114e-04) (1.495225e-21 -1.276222e-20 -7.286623e-06) (0.000000e+00 0.000000e+00 0.000000e+00))
0.04          	((-1.921556e-02 5.858641e+00 6.240644e-19) (-1.172016e-03 -1.622703e-02 6.163417e-20) (0.000000e+00 0.000000e+00 0.000000e+00)) ((1.252624e-20 5.583359e-19 1.023150e-03) (1.232236e-21 -1.359648e-20 3.704475e-05) (0.000000e+00 0.000000e+00 0.000000e+00))
0.05          	((1.579375e-05 6.191056e+00 6.901627e-19) (1.439783e-03 -1.716216e-02 5.182726e-20) (0.000000e+00 0.000000e+00 0.000000e+00)) ((1.345472e-20 5.901129e-19 7.781985e-04) (1.044837e-21 -1.452915e-20 -3.560715e-05) (0.000000e+00 0.000000e+00 0.000000e+00))
0.06          	((2.519668e-02 6.492745e+00 7.798383e-19) (9.095885e-04 -1.816756e-02 5.028021e-20) (0.000000e+00 0.000000e+00 0.000000e+00)) ((1.471079e-20 6.193529e-19 -1.720284e-03) (1.007737e-21 -1.506105e-20 -3.360798e-05) (0.000000e+00 0.000000e+00 0.000000e+00))
0.07          	((-1.346957e-02 6.890147e+00 6.506162e-19) (-2.067095e-03 -1.897928e-02 5.960643e-20) (0.000000e+00 0.000000e+00 0.000000e+00)) ((1.283908e-20 6.515386e-19 7.156092e-05) (1.257998e-21 -1.575726e-20 5.728216e-05) (0.000000e+00 0.000000e+00 0.000000e+00))
0.08          	((-2.014286e-02 7.136481e+00 7.869814e-19) (2.150991e-04 -1.997916e-02 6.089939e-20) (0.000000e+00 0.000000e+00 0.000000e+00)) ((1.572846e-20 6.812004e-19 1.871233e-03) (1.255051e-21 -1.637558e-20 3.448561e-06) (0.000000e+00 0.000000e+00 0.000000e+00))
0.09          	((2.624998e-02 7.522799e+00 7.271326e-19) (2.016253e-03 -2.085253e-02 5.895392e-20) (0.000000e+00 0.000000e+00 0.000000e+00)) ((1.390821e-20 7.069345e-19 -1.214116e-03) (1.154932e-21 -1.691904e-20 -6.146260e-05) (0.000000e+00 0.000000e+00 0.000000e+00))
0.1           	((2.196877e-03 7.815888e+00 7.376987e-19) (-1.732062e-03 -2.166183e-02 6.568733e-20) (0.000000e+00 0.000000e+00 0.000000e+00)) ((1.416114e-20 7.377432e-19 -1.097721e-03) (1.358879e-21 -1.750344e-20 4.247614e-05) (0.000000e+00 0.000000e+00 0.000000e+00))
0.11          	((-3.008767e-02 8.083837e+00 8.112903e-19) (-9.479096e-04 -2.266834e-02 6.988251e-20) (0.000000e+00 0.000000e+00 0.000000e+00)) ((1.648301e-20 7.670206e-19 2.141238e-03) (1.451574e-21 -1.816750e-20 3.700320e-05) (0.000000e+00 0.000000e+00 0.000000e+00))
0.12          	((2.206104e-02 8.469316e+00 7.086234e-19) (2.484037e-03 -2.337901e-02 6.805191e-20) (0.000000e+00 0.000000e+00 0.000000e+00)) ((1.371965e-20 7.902865e-19 -5.681528e-04) (1.325188e-21 -1.856222e-20 -7.107616e-05) (0.000000e+00 0.000000e+00 0.000000e+00))
0.13          	((1.461954e-02 8.689553e+00 8.320580e-19) (-1.161877e-03 -2.427110e-02 7.154668e-20) (0.000000e+00 0.000000e+00 0.000000e+00)) ((1.580220e-20 8.193895e-19 -1.862162e-03) (1.456782e-21 -1.919406e-20 2.304703e-05) (0.000000e+00 0.000000e+00 0.000000e+00))
0.14          	((-3.430178e-02 9.001252e+00 7.966471e-19) (-1.706017e-03 -2.516898e-02 7.810204e-20) (0.000000e+00 0.000000e+00 0.000000e+00)) ((1.637033e-20 8.477657e-19 2.107501e-03) (1.621545e-21 -1.971076e-20 5.783346e-05) (0.000000e+00 0.000000e+00 0.000000e+00))
0.15          	((1.727910e-02 9.343455e+00 7.291316e-19) (2.678335e-03 -2.582120e-02 7.614134e-20) (0.000000e+00 0.000000e+00 0.000000e+00)) ((1.425469e-20 8.696001e-19 -3.912721e-05) (1.481676e-21 -2.016279e-20 -7.378588e-05) (0.000000e+00 0.000000e+00 0.000000e+00))
0.16          	((2.199555e-02 9.533675e+00 8.933017e-19) (-7.596857e-04 -2.674111e-02 7.723758e-20) (0.000000e+00 0.000000e+00 0.000000e+00)) ((1.693506e-20 8.968466e-19 -2.291000e-03) (1.555180e-21 -2.073728e-20 9.808304e-06) (0.000000e+00 0.000000e+00 0.000000e+00))
0.17          	((-3.698241e-02 9.863392e+00 7.924127e-19) (-2.141085e-03 -2.754286e-02 8.586984e-20) (0.000000e+00 0.000000e+00 0.000000e+00)) ((1.640894e-20 9.242115e-19 2.102455e-03) (1.776391e-21 -2.121079e-20 6.967048e-05) (0.000000e+00 0.000000e+00 0.000000e+00))
0.18          	((1.508048e-02 1.016977e+01 7.560267e-19) (2.827597e-03 -2.816827e-02 8.334287e-20) (0.000000e+00 0.000000e+00 0.000000e+00)) ((1.486948e-20 9.447010e-19 2.331928e-04) (1.619384e-21 -2.163946e-20 -7.662181e-05) (0.000000e+00 0.000000e+00 0.000000e+00))
0.19          	((2.551535e-02 1.034293e+01 9.321934e-19) (-6.460400e-04 -2.907465e-02 8.336968e-20) (0.000000e+00 0.000000e+00 0.000000e+00)) ((1.768753e-20 9.704199e-19 -2.537844e-03) (1.668268e-21 -2.217328e-20 5.384750e-06) (0.000000e+00 0.000000e+00 0.000000e+00))
0.2           	((-3.977321e-02 1.066921e+01 8.078172e-19) (-2.339203e-03 -2.983245e-02 9.269677e-20) (0.000000e+00 0.000000e+00 0.000000e+00)) ((1.682617e-20 9.967532e-19 2.231708e-03) (1.911744e-21 -2.270770e-20 7.590190e-05) (0.000000e+00 0.000000e+00 0.000000e+00))
