# Forces      
# CofR        : (0.000000e+00 0.000000e+00 0.000000e+00)
# Time        forces(pressure viscous porous)	moments(pressure viscous porous)
0             	((0.000000e+00 0.000000e+00 0.000000e+00) (0.000000e+00 0.000000e+00 0.000000e+00) (0.000000e+00 0.000000e+00 0.000000e+00)) ((0.000000e+00 0.000000e+00 0.000000e+00) (0.000000e+00 0.000000e+00 0.000000e+00) (0.000000e+00 0.000000e+00 0.000000e+00))
1.19904e-05   	((8.140526e-05 1.276065e+01 6.407783e-18) (-5.591869e-07 2.838979e-05 -1.337961e-20) (0.000000e+00 0.000000e+00 0.000000e+00)) ((1.086075e-19 1.711503e-18 -9.759926e-06) (3.952641e-23 -5.714102e-21 1.176560e-08) (0.000000e+00 0.000000e+00 0.000000e+00))
1.73893e-05   	((1.197675e-04 4.400815e-01 1.276467e-18) (-2.944931e-08 8.707776e-05 -8.036490e-22) (0.000000e+00 0.000000e+00 0.000000e+00)) ((3.086065e-20 8.211582e-20 -2.882716e-06) (-4.798991e-24 -1.402084e-22 6.100684e-09) (0.000000e+00 0.000000e+00 0.000000e+00))
2.38589e-05   	((2.811211e-04 -1.630445e-02 1.971430e-19) (1.965867e-07 8.500318e-05 -9.118171e-23) (0.000000e+00 0.000000e+00 0.000000e+00)) ((4.736285e-21 9.754891e-21 -1.946800e-05) (-1.848513e-25 -1.740617e-23 -9.051726e-10) (0.000000e+00 0.000000e+00 0.000000e+00))
3.1527e-05    	((7.942279e-05 8.142661e-02 -3.533118e-20) (1.303357e-07 8.251626e-05 6.260566e-23) (0.000000e+00 0.000000e+00 0.000000e+00)) ((-7.728922e-22 3.354946e-21 -6.347529e-06) (2.095492e-24 -8.824131e-24 -8.637437e-10) (0.000000e+00 0.000000e+00 0.000000e+00))
4.04834e-05   	((-3.247596e-05 1.020940e-01 -6.575029e-20) (1.093933e-07 8.161108e-05 8.179972e-23) (0.000000e+00 0.000000e+00 0.000000e+00)) ((-1.428291e-21 2.250066e-21 6.540386e-07) (2.270145e-24 -7.675373e-24 -1.037499e-09) (0.000000e+00 0.000000e+00 0.000000e+00))
5.08148e-05   	((9.381999e-05 1.006308e-01 -7.142936e-20) (6.815169e-08 8.140869e-05 8.845873e-23) (0.000000e+00 0.000000e+00 0.000000e+00)) ((-1.513809e-21 1.801041e-21 -7.632876e-06) (2.286903e-24 -6.978599e-24 9.624204e-10) (0.000000e+00 0.000000e+00 0.000000e+00))
6.2603e-05    	((3.677677e-05 9.498731e-02 -7.171483e-20) (5.420841e-08 8.081171e-05 9.413344e-23) (0.000000e+00 0.000000e+00 0.000000e+00)) ((-1.490279e-21 1.478456e-21 -3.336684e-06) (2.304842e-24 -6.272791e-24 2.229847e-09) (0.000000e+00 0.000000e+00 0.000000e+00))
7.59061e-05   	((-5.877258e-06 8.850486e-02 -6.902322e-20) (-7.696111e-08 7.924423e-05 9.678736e-23) (0.000000e+00 0.000000e+00 0.000000e+00)) ((-1.414780e-21 1.209643e-21 -1.548663e-06) (2.267428e-24 -5.608823e-24 5.914063e-09) (0.000000e+00 0.000000e+00 0.000000e+00))
