# y+ ()       
# Time        	patch         	min           	max           	average       
0             	splitter	1.151523e+01	1.444246e+01	1.193225e+01
0             	back	7.887793e+00	1.019306e+01	7.999643e+00
0             	sides	1.122379e+01	1.122676e+01	1.122528e+01
0.01          	splitter	3.278536e+01	5.653653e+01	3.691871e+01
0.01          	back	1.160744e+01	1.884073e+01	1.574740e+01
0.01          	sides	9.691837e+00	2.873189e+01	1.522610e+01
0.02          	splitter	3.308375e+01	5.695992e+01	3.718488e+01
0.02          	back	1.151068e+01	1.734077e+01	1.431912e+01
0.02          	sides	9.715362e+00	2.882100e+01	1.903179e+01
0.03          	splitter	3.327391e+01	5.724494e+01	3.737211e+01
0.03          	back	1.143660e+01	1.565358e+01	1.295903e+01
0.03          	sides	9.715866e+00	2.829249e+01	2.136221e+01
0.04          	splitter	3.341944e+01	5.753478e+01	3.755651e+01
0.04          	back	1.143587e+01	1.445055e+01	1.219960e+01
0.04          	sides	9.715942e+00	2.807426e+01	2.191945e+01
0.05          	splitter	3.346421e+01	5.754221e+01	3.759591e+01
0.05          	back	1.055604e+01	1.361929e+01	1.170651e+01
0.05          	sides	9.715938e+00	2.812986e+01	2.216455e+01
0.06          	splitter	3.346494e+01	5.754616e+01	3.759619e+01
0.06          	back	9.722331e+00	1.300638e+01	1.135723e+01
0.06          	sides	9.715959e+00	2.819493e+01	2.230816e+01
0.07          	splitter	3.346440e+01	5.754611e+01	3.759447e+01
0.07          	back	9.002964e+00	1.260578e+01	1.108673e+01
0.07          	sides	9.715946e+00	2.824613e+01	2.236585e+01
0.08          	splitter	3.346341e+01	5.754552e+01	3.759319e+01
0.08          	back	8.405013e+00	1.240393e+01	1.085520e+01
0.08          	sides	9.715943e+00	2.829874e+01	2.239168e+01
0.09          	splitter	3.346240e+01	5.754564e+01	3.759231e+01
0.09          	back	7.955809e+00	1.225096e+01	1.065724e+01
0.09          	sides	9.715950e+00	2.832635e+01	2.240853e+01
0.1           	splitter	3.346312e+01	5.754505e+01	3.759171e+01
0.1           	back	7.622374e+00	1.215495e+01	1.048879e+01
0.1           	sides	9.715945e+00	2.835746e+01	2.242191e+01
0.11          	splitter	3.346057e+01	5.754471e+01	3.759135e+01
0.11          	back	7.373669e+00	1.208617e+01	1.035974e+01
0.11          	sides	9.715944e+00	2.835699e+01	2.243090e+01
0.12          	splitter	3.346188e+01	5.754470e+01	3.759122e+01
0.12          	back	7.191645e+00	1.203790e+01	1.025628e+01
0.12          	sides	9.715957e+00	2.836680e+01	2.243629e+01
0.13          	splitter	3.346080e+01	5.754674e+01	3.759139e+01
0.13          	back	7.055712e+00	1.199211e+01	1.017574e+01
0.13          	sides	9.715928e+00	2.844618e+01	2.243892e+01
0.14          	splitter	3.346236e+01	5.755050e+01	3.759213e+01
0.14          	back	6.953090e+00	1.197091e+01	1.011537e+01
0.14          	sides	9.715973e+00	2.849527e+01	2.243821e+01
0.15          	splitter	3.346151e+01	5.755414e+01	3.759383e+01
0.15          	back	6.881772e+00	1.197475e+01	1.007152e+01
0.15          	sides	9.715919e+00	2.851994e+01	2.243227e+01
0.16          	splitter	3.345684e+01	5.755810e+01	3.759739e+01
0.16          	back	6.838375e+00	1.197896e+01	1.006142e+01
0.16          	sides	9.715963e+00	2.847004e+01	2.241728e+01
0.17          	splitter	3.345693e+01	5.756078e+01	3.760397e+01
0.17          	back	6.835784e+00	1.201961e+01	1.005843e+01
0.17          	sides	9.715972e+00	2.864729e+01	2.238770e+01
0.18          	splitter	3.345744e+01	5.756312e+01	3.761433e+01
0.18          	back	6.895554e+00	1.207393e+01	1.011485e+01
0.18          	sides	9.715917e+00	2.871594e+01	2.233693e+01
0.19          	splitter	3.346694e+01	5.757598e+01	3.762756e+01
0.19          	back	7.078040e+00	1.217727e+01	1.024379e+01
0.19          	sides	9.716073e+00	2.861027e+01	2.226604e+01
0.2           	splitter	3.347937e+01	5.759511e+01	3.764047e+01
0.2           	back	7.475721e+00	1.237725e+01	1.052655e+01
0.2           	sides	9.715840e+00	2.892423e+01	2.218738e+01
0.21          	splitter	3.349838e+01	5.761362e+01	3.765088e+01
0.21          	back	8.372402e+00	1.332295e+01	1.104908e+01
0.21          	sides	9.716130e+00	2.953264e+01	2.211953e+01
0.22          	splitter	3.348301e+01	5.762153e+01	3.765693e+01
0.22          	back	9.872458e+00	1.478749e+01	1.182509e+01
0.22          	sides	9.715882e+00	3.006540e+01	2.207528e+01
0.23          	splitter	3.346396e+01	5.761291e+01	3.765887e+01
0.23          	back	1.129894e+01	1.622426e+01	1.260372e+01
0.23          	sides	9.716007e+00	3.014990e+01	2.205155e+01
0.24          	splitter	3.346067e+01	5.759023e+01	3.765997e+01
0.24          	back	1.150273e+01	1.713517e+01	1.322342e+01
0.24          	sides	9.716123e+00	2.974567e+01	2.203613e+01
0.25          	splitter	3.347419e+01	5.761636e+01	3.766298e+01
0.25          	back	1.148564e+01	1.716400e+01	1.370100e+01
0.25          	sides	9.715776e+00	2.967876e+01	2.201878e+01
0.26          	splitter	3.350552e+01	5.764040e+01	3.766688e+01
0.26          	back	1.146402e+01	1.706964e+01	1.402348e+01
0.26          	sides	9.716243e+00	2.962102e+01	2.200406e+01
0.27          	splitter	3.348336e+01	5.764097e+01	3.766657e+01
0.27          	back	1.147311e+01	1.808698e+01	1.426860e+01
0.27          	sides	9.715824e+00	2.963969e+01	2.200143e+01
0.28          	splitter	3.345723e+01	5.761906e+01	3.766275e+01
0.28          	back	1.150195e+01	1.879141e+01	1.444048e+01
0.28          	sides	9.716015e+00	3.098000e+01	2.201181e+01
0.29          	splitter	3.345572e+01	5.758879e+01	3.766091e+01
0.29          	back	1.150057e+01	1.891367e+01	1.450089e+01
0.29          	sides	9.716168e+00	3.085844e+01	2.202450e+01
0.3           	splitter	3.347344e+01	5.762286e+01	3.766306e+01
0.3           	back	1.149989e+01	1.812770e+01	1.446850e+01
0.3           	sides	9.715735e+00	3.023855e+01	2.202263e+01
0.31          	splitter	3.350687e+01	5.764413e+01	3.766625e+01
0.31          	back	1.150373e+01	1.748514e+01	1.442944e+01
0.31          	sides	9.716263e+00	2.992711e+01	2.200633e+01
0.32          	splitter	3.348035e+01	5.764118e+01	3.766547e+01
0.32          	back	1.147983e+01	1.828738e+01	1.444263e+01
0.32          	sides	9.715823e+00	2.969547e+01	2.199887e+01
0.33          	splitter	3.345550e+01	5.761772e+01	3.766190e+01
0.33          	back	1.149905e+01	1.882388e+01	1.448692e+01
0.33          	sides	9.716009e+00	3.086564e+01	2.200950e+01
0.34          	splitter	3.345559e+01	5.758960e+01	3.766042e+01
0.34          	back	1.148299e+01	1.886685e+01	1.448727e+01
0.34          	sides	9.716174e+00	3.087805e+01	2.202597e+01
0.35          	splitter	3.347388e+01	5.762331e+01	3.766277e+01
0.35          	back	1.147930e+01	1.804808e+01	1.443327e+01
0.35          	sides	9.715734e+00	3.027050e+01	2.202679e+01
0.36          	splitter	3.350740e+01	5.764393e+01	3.766602e+01
0.36          	back	1.146816e+01	1.746804e+01	1.439071e+01
0.36          	sides	9.716261e+00	2.996252e+01	2.200959e+01
0.37          	splitter	3.347972e+01	5.764076e+01	3.766530e+01
0.37          	back	1.148532e+01	1.826482e+01	1.441800e+01
0.37          	sides	9.715826e+00	2.972765e+01	2.200049e+01
0.38          	splitter	3.345536e+01	5.761726e+01	3.766183e+01
0.38          	back	1.151160e+01	1.880757e+01	1.447117e+01
0.38          	sides	9.716007e+00	3.087525e+01	2.201041e+01
0.39          	splitter	3.345573e+01	5.759004e+01	3.766045e+01
0.39          	back	1.151474e+01	1.884750e+01	1.447537e+01
0.39          	sides	9.716175e+00	3.089720e+01	2.202649e+01
0.4           	splitter	3.347425e+01	5.762365e+01	3.766283e+01
0.4           	back	1.145805e+01	1.802988e+01	1.442073e+01
0.4           	sides	9.715733e+00	3.028174e+01	2.202677e+01
0.41          	splitter	3.350781e+01	5.764405e+01	3.766606e+01
0.41          	back	1.146852e+01	1.747606e+01	1.439290e+01
0.41          	sides	9.716260e+00	2.996573e+01	2.200921e+01
0.42          	splitter	3.347938e+01	5.764059e+01	3.766529e+01
0.42          	back	1.151010e+01	1.827340e+01	1.441970e+01
0.42          	sides	9.715828e+00	2.972464e+01	2.200029e+01
0.43          	splitter	3.345520e+01	5.761691e+01	3.766180e+01
0.43          	back	1.147553e+01	1.881309e+01	1.446658e+01
0.43          	sides	9.716005e+00	3.089444e+01	2.201043e+01
0.44          	splitter	3.345585e+01	5.759046e+01	3.766046e+01
0.44          	back	1.148655e+01	1.884419e+01	1.447502e+01
0.44          	sides	9.716177e+00	3.090261e+01	2.202648e+01
0.45          	splitter	3.347459e+01	5.762400e+01	3.766288e+01
0.45          	back	1.152124e+01	1.801841e+01	1.443112e+01
0.45          	sides	9.715732e+00	3.028093e+01	2.202652e+01
0.46          	splitter	3.350821e+01	5.764417e+01	3.766608e+01
0.46          	back	1.147490e+01	1.748606e+01	1.439619e+01
0.46          	sides	9.716260e+00	2.996306e+01	2.200893e+01
0.47          	splitter	3.347904e+01	5.764042e+01	3.766526e+01
0.47          	back	1.151445e+01	1.828198e+01	1.441596e+01
0.47          	sides	9.715830e+00	2.971974e+01	2.200027e+01
0.48          	splitter	3.345505e+01	5.761655e+01	3.766176e+01
0.48          	back	1.151327e+01	1.881760e+01	1.446716e+01
0.48          	sides	9.716003e+00	3.090869e+01	2.201060e+01
0.49          	splitter	3.345598e+01	5.759086e+01	3.766047e+01
0.49          	back	1.148405e+01	1.883939e+01	1.447385e+01
0.49          	sides	9.716179e+00	3.090577e+01	2.202661e+01
0.5           	splitter	3.347493e+01	5.762434e+01	3.766293e+01
0.5           	back	1.151220e+01	1.800609e+01	1.442411e+01
0.5           	sides	9.715731e+00	3.027955e+01	2.202637e+01
0.51          	splitter	3.350860e+01	5.764427e+01	3.766610e+01
0.51          	back	1.148443e+01	1.749558e+01	1.439145e+01
0.51          	sides	9.716259e+00	2.996041e+01	2.200872e+01
0.52          	splitter	3.347870e+01	5.764023e+01	3.766522e+01
0.52          	back	1.151113e+01	1.829012e+01	1.441575e+01
0.52          	sides	9.715831e+00	2.971485e+01	2.200030e+01
0.53          	splitter	3.345490e+01	5.761619e+01	3.766172e+01
0.53          	back	1.150644e+01	1.882171e+01	1.447416e+01
0.53          	sides	9.716001e+00	3.092265e+01	2.201080e+01
0.54          	splitter	3.345611e+01	5.759127e+01	3.766048e+01
0.54          	back	1.153027e+01	1.883437e+01	1.448002e+01
0.54          	sides	9.716180e+00	3.090861e+01	2.202674e+01
0.55          	splitter	3.347528e+01	5.762467e+01	3.766297e+01
0.55          	back	1.152454e+01	1.799375e+01	1.442540e+01
0.55          	sides	9.715731e+00	3.027801e+01	2.202623e+01
0.56          	splitter	3.350853e+01	5.764438e+01	3.766612e+01
0.56          	back	1.148481e+01	1.750498e+01	1.439259e+01
0.56          	sides	9.716258e+00	2.995744e+01	2.200852e+01
0.57          	splitter	3.347836e+01	5.764004e+01	3.766519e+01
0.57          	back	1.149646e+01	1.829825e+01	1.441701e+01
0.57          	sides	9.715833e+00	2.970990e+01	2.200033e+01
0.58          	splitter	3.345475e+01	5.761583e+01	3.766168e+01
0.58          	back	1.147329e+01	1.882584e+01	1.446800e+01
0.58          	sides	9.715999e+00	3.093630e+01	2.201099e+01
0.59          	splitter	3.345624e+01	5.759168e+01	3.766050e+01
0.59          	back	1.145169e+01	1.882926e+01	1.447547e+01
0.59          	sides	9.716182e+00	3.091089e+01	2.202686e+01
0.6           	splitter	3.347562e+01	5.762501e+01	3.766301e+01
0.6           	back	1.151235e+01	1.798139e+01	1.442703e+01
0.6           	sides	9.715730e+00	3.027611e+01	2.202609e+01
0.61          	splitter	3.350815e+01	5.764447e+01	3.766613e+01
0.61          	back	1.152853e+01	1.751449e+01	1.439417e+01
0.61          	sides	9.716258e+00	2.995430e+01	2.200831e+01
0.62          	splitter	3.347802e+01	5.763985e+01	3.766516e+01
0.62          	back	1.151607e+01	1.830632e+01	1.442027e+01
0.62          	sides	9.715835e+00	2.970473e+01	2.200036e+01
0.63          	splitter	3.345461e+01	5.761546e+01	3.766165e+01
0.63          	back	1.149900e+01	1.882990e+01	1.447057e+01
0.63          	sides	9.715997e+00	3.094943e+01	2.201119e+01
0.64          	splitter	3.345637e+01	5.759208e+01	3.766050e+01
0.64          	back	1.150867e+01	1.882398e+01	1.447607e+01
0.64          	sides	9.716183e+00	3.091298e+01	2.202699e+01
0.65          	splitter	3.347597e+01	5.762534e+01	3.766306e+01
0.65          	back	1.147860e+01	1.796913e+01	1.442457e+01
0.65          	sides	9.715729e+00	3.027390e+01	2.202594e+01
0.66          	splitter	3.350777e+01	5.764457e+01	3.766615e+01
0.66          	back	1.150052e+01	1.752395e+01	1.439559e+01
0.66          	sides	9.716257e+00	2.995081e+01	2.200811e+01
0.67          	splitter	3.347768e+01	5.763966e+01	3.766512e+01
0.67          	back	1.147892e+01	1.831437e+01	1.441695e+01
0.67          	sides	9.715837e+00	2.969960e+01	2.200040e+01
0.68          	splitter	3.345447e+01	5.761509e+01	3.766161e+01
0.68          	back	1.147144e+01	1.883388e+01	1.447085e+01
0.68          	sides	9.715995e+00	3.096213e+01	2.201139e+01
0.69          	splitter	3.345651e+01	5.759249e+01	3.766052e+01
0.69          	back	1.144945e+01	1.881854e+01	1.447266e+01
0.69          	sides	9.716185e+00	3.091435e+01	2.202711e+01
0.7           	splitter	3.347631e+01	5.762567e+01	3.766310e+01
0.7           	back	1.148200e+01	1.795666e+01	1.442023e+01
0.7           	sides	9.715728e+00	3.027133e+01	2.202578e+01
0.71          	splitter	3.350738e+01	5.764466e+01	3.766616e+01
0.71          	back	1.146075e+01	1.753345e+01	1.439439e+01
0.71          	sides	9.716256e+00	2.994720e+01	2.200791e+01
0.72          	splitter	3.347735e+01	5.763947e+01	3.766509e+01
0.72          	back	1.145287e+01	1.832233e+01	1.441544e+01
0.72          	sides	9.715838e+00	2.969435e+01	2.200043e+01
0.73          	splitter	3.345433e+01	5.761473e+01	3.766157e+01
0.73          	back	1.148544e+01	1.883772e+01	1.447544e+01
0.73          	sides	9.715993e+00	3.097433e+01	2.201159e+01
0.74          	splitter	3.345665e+01	5.759290e+01	3.766053e+01
0.74          	back	1.147319e+01	1.881294e+01	1.447527e+01
0.74          	sides	9.716187e+00	3.091542e+01	2.202723e+01
0.75          	splitter	3.347666e+01	5.762599e+01	3.766315e+01
0.75          	back	1.153651e+01	1.794424e+01	1.442416e+01
0.75          	sides	9.715728e+00	3.026852e+01	2.202563e+01
0.76          	splitter	3.350700e+01	5.764475e+01	3.766618e+01
0.76          	back	1.145969e+01	1.754289e+01	1.438873e+01
0.76          	sides	9.716255e+00	2.994330e+01	2.200771e+01
0.77          	splitter	3.347702e+01	5.763927e+01	3.766506e+01
0.77          	back	1.148169e+01	1.833032e+01	1.441500e+01
0.77          	sides	9.715840e+00	2.968913e+01	2.200047e+01
0.78          	splitter	3.345419e+01	5.761436e+01	3.766153e+01
0.78          	back	1.147942e+01	1.884149e+01	1.447111e+01
0.78          	sides	9.715991e+00	3.098613e+01	2.201179e+01
0.79          	splitter	3.345679e+01	5.759332e+01	3.766054e+01
0.79          	back	1.150437e+01	1.880710e+01	1.447683e+01
0.79          	sides	9.716188e+00	3.091584e+01	2.202734e+01
0.8           	splitter	3.347701e+01	5.762630e+01	3.766319e+01
0.8           	back	1.151025e+01	1.793191e+01	1.442363e+01
0.8           	sides	9.715727e+00	3.026531e+01	2.202547e+01
0.81          	splitter	3.350661e+01	5.764483e+01	3.766619e+01
0.81          	back	1.146151e+01	1.755241e+01	1.439328e+01
0.81          	sides	9.716255e+00	2.993928e+01	2.200751e+01
0.82          	splitter	3.347668e+01	5.763907e+01	3.766502e+01
0.82          	back	1.152440e+01	1.833821e+01	1.442375e+01
0.82          	sides	9.715842e+00	2.968863e+01	2.200052e+01
0.83          	splitter	3.345406e+01	5.761399e+01	3.766150e+01
0.83          	back	1.148083e+01	1.884519e+01	1.447164e+01
0.83          	sides	9.715989e+00	3.099731e+01	2.201199e+01
0.84          	splitter	3.345694e+01	5.759374e+01	3.766056e+01
0.84          	back	1.149303e+01	1.880119e+01	1.447490e+01
0.84          	sides	9.716190e+00	3.091594e+01	2.202745e+01
0.85          	splitter	3.347737e+01	5.762662e+01	3.766324e+01
0.85          	back	1.148925e+01	1.791958e+01	1.441685e+01
0.85          	sides	9.715726e+00	3.026195e+01	2.202531e+01
0.86          	splitter	3.350623e+01	5.764491e+01	3.766620e+01
0.86          	back	1.150108e+01	1.756185e+01	1.439657e+01
0.86          	sides	9.716254e+00	2.993502e+01	2.200732e+01
0.87          	splitter	3.347635e+01	5.763886e+01	3.766499e+01
0.87          	back	1.149475e+01	1.834614e+01	1.442433e+01
0.87          	sides	9.715844e+00	2.969045e+01	2.200056e+01
0.88          	splitter	3.345393e+01	5.761362e+01	3.766146e+01
0.88          	back	1.150989e+01	1.884880e+01	1.447674e+01
0.88          	sides	9.715987e+00	3.100814e+01	2.201219e+01
0.89          	splitter	3.345709e+01	5.759415e+01	3.766057e+01
0.89          	back	1.149667e+01	1.879516e+01	1.447180e+01
0.89          	sides	9.716192e+00	3.091553e+01	2.202756e+01
0.9           	splitter	3.347772e+01	5.762692e+01	3.766328e+01
0.9           	back	1.150602e+01	1.790728e+01	1.441702e+01
0.9           	sides	9.715725e+00	3.025816e+01	2.202514e+01
0.91          	splitter	3.350584e+01	5.764499e+01	3.766622e+01
0.91          	back	1.146828e+01	1.757139e+01	1.439299e+01
0.91          	sides	9.716253e+00	2.993050e+01	2.200713e+01
0.92          	splitter	3.347602e+01	5.763865e+01	3.766495e+01
0.92          	back	1.145230e+01	1.835396e+01	1.441907e+01
0.92          	sides	9.715846e+00	2.969189e+01	2.200061e+01
0.93          	splitter	3.345381e+01	5.761325e+01	3.766143e+01
0.93          	back	1.152447e+01	1.885231e+01	1.447616e+01
0.93          	sides	9.715985e+00	3.101829e+01	2.201239e+01
0.94          	splitter	3.345724e+01	5.759457e+01	3.766059e+01
0.94          	back	1.150220e+01	1.878888e+01	1.447220e+01
0.94          	sides	9.716193e+00	3.091464e+01	2.202767e+01
0.95          	splitter	3.347807e+01	5.762722e+01	3.766333e+01
0.95          	back	1.148454e+01	1.789496e+01	1.441721e+01
0.95          	sides	9.715725e+00	3.025416e+01	2.202497e+01
0.96          	splitter	3.350545e+01	5.764507e+01	3.766623e+01
0.96          	back	1.146982e+01	1.758083e+01	1.439277e+01
0.96          	sides	9.716252e+00	2.992590e+01	2.200693e+01
0.97          	splitter	3.347570e+01	5.763844e+01	3.766491e+01
0.97          	back	1.150893e+01	1.836186e+01	1.442392e+01
0.97          	sides	9.715847e+00	2.969304e+01	2.200066e+01
0.98          	splitter	3.345368e+01	5.761287e+01	3.766139e+01
0.98          	back	1.150137e+01	1.885579e+01	1.447498e+01
0.98          	sides	9.715983e+00	3.102817e+01	2.201259e+01
0.99          	splitter	3.345740e+01	5.759499e+01	3.766060e+01
0.99          	back	1.147647e+01	1.878260e+01	1.447167e+01
0.99          	sides	9.716195e+00	3.091336e+01	2.202778e+01
1             	splitter	3.347843e+01	5.762752e+01	3.766337e+01
1             	back	1.149605e+01	1.788262e+01	1.441626e+01
1             	sides	9.715724e+00	3.024984e+01	2.202481e+01
