/*--------------------------------*- C++ -*----------------------------------*\
  =========                 |
  \\      /  F ield         | OpenFOAM: The Open Source CFD Toolbox
   \\    /   O peration     | Website:  https://openfoam.org
    \\  /    A nd           | Version:  8
     \\/     M anipulation  |
\*---------------------------------------------------------------------------*/
FoamFile
{
    version     2.0;
    format      ascii;
    class       volScalarField;
    location    "0.05";
    object      alphat;
}
// * * * * * * * * * * * * * * * * * * * * * * * * * * * * * * * * * * * * * //

dimensions      [1 -1 -1 0 0 0 0];

internalField   nonuniform List<scalar> 
3919
(
2.48846e-05
0.00480977
0.000200018
2.50969e-05
0.00263983
0.00558583
0.000250757
0.000202063
2.52722e-05
0.0018967
0.00514735
0.00567693
0.000271112
0.000256162
0.000204199
2.54075e-05
0.00161356
0.00466221
0.00570193
0.00566751
0.000268223
0.000279111
0.000261646
0.000206332
2.55146e-05
0.00150799
0.00424439
0.00563761
0.00575024
0.00565416
0.000264282
0.000276786
0.00028737
0.000267622
0.000208567
2.5602e-05
0.00148591
0.00390764
0.00550195
0.00580781
0.00571866
0.00564349
0.000325079
0.000270238
0.000286101
0.000296633
0.000273464
0.00021085
2.56157e-05
0.00150474
0.00362533
0.00532016
0.00582891
0.00577005
0.00566883
0.00560929
0.000618582
0.000325859
0.000277387
0.000296901
0.000305934
0.000280169
0.000212852
2.56033e-05
0.00155304
0.00337316
0.00511084
0.00580697
0.00579675
0.00565923
0.00548512
0.0053163
0.0013242
0.00061122
0.000327056
0.000286286
0.000308366
0.00031648
0.000286118
0.000214929
2.5554e-05
0.00162381
0.00314806
0.00488414
0.00573849
0.00578669
0.00560141
0.00526017
0.00448221
0.00225303
0.00239025
0.00130394
0.00060119
0.000329005
0.000296536
0.000321256
0.000327082
0.000292616
0.000216909
2.54968e-05
0.00168164
0.00294579
0.00464758
0.00562244
0.00572987
0.00547939
0.00493662
0.00371512
0.00118001
1.76384e-05
0.00352579
0.00235902
0.00127723
0.00058862
0.000331898
0.000308674
0.000334886
0.000338324
0.000299122
0.000219044
2.53954e-05
0.00173268
0.00278853
0.00440206
0.0054605
0.00561395
0.00528587
0.00448684
0.00299297
0.000844905
9.05392e-05
2.12806e-05
0.00449036
0.00348656
0.00231779
0.00124425
0.00057466
0.000336263
0.000322195
0.000349717
0.000349676
0.000306076
0.000221013
2.52991e-05
0.00177708
0.00267244
0.0041596
0.00525274
0.00543519
0.00498953
0.00398091
0.00220537
0.000601348
0.000308655
0.000266459
1.89312e-05
0.00517929
0.00444301
0.00343812
0.00226702
0.00120656
0.000559506
0.000342103
0.000337688
0.000364989
0.000361661
0.000312883
0.000223121
2.51745e-05
0.00181779
0.00259038
0.00393046
0.00500684
0.00518016
0.00462692
0.00331187
0.00166152
0.000427128
0.000576735
0.000575563
0.000260983
1.70504e-05
0.00560356
0.00512115
0.00438864
0.00338099
0.00220806
0.00116427
0.000544489
0.00035016
0.000354315
0.000381437
0.000373381
0.000320094
0.000225089
2.50017e-05
0.00185832
0.00253252
0.00372689
0.00471926
0.00486582
0.00414266
0.00275314
0.00108526
0.000372319
0.000690209
0.000826502
0.000623091
0.000252715
1.59858e-05
0.00578181
0.00553044
0.00505989
0.00432791
0.00331583
0.00214061
0.00111914
0.000530217
0.000360143
0.000372803
0.000397973
0.000385929
0.00032702
0.000226789
2.48164e-05
0.00190037
0.00249965
0.00354063
0.00442625
0.00446105
0.00365188
0.00209088
0.000820476
0.00031978
0.00076462
0.000890543
0.000977502
0.000618331
0.000244971
1.46323e-05
0.0058186
0.00569587
0.00545765
0.0049966
0.00426099
0.00324254
0.00206692
0.0010701
0.000517484
0.000372776
0.000392187
0.000415486
0.000397772
0.000333536
0.000228472
2.46149e-05
0.00194818
0.00248408
0.00338548
0.00407223
0.00406779
0.00304304
0.00163347
0.000555705
0.000341276
0.000814337
0.000856781
0.00125452
0.000998652
0.00060634
0.000236192
1.31034e-05
0.00576137
0.00573145
0.0056176
0.00538634
0.00493076
0.0041878
0.00316189
0.00198815
0.00101951
0.000507002
0.000387637
0.000412991
0.000433173
0.000409621
0.000340192
0.000230067
2.43754e-05
0.00199168
0.00247995
0.00322112
0.00374995
0.00352186
0.00256944
0.00116974
0.000445062
0.000365701
0.000844053
0.000835019
0.00135899
0.00135359
0.000992495
0.000591759
0.000224977
1.1378e-05
0.00563213
0.00567144
0.00564711
0.00554135
0.00531365
0.00486213
0.00410835
0.00307444
0.00190504
0.000968578
0.000499261
0.00040505
0.000434678
0.000451146
0.000421582
0.000346688
0.000231392
2.41361e-05
0.00247976
0.00204549
0.00306947
0.00334152
0.00309793
0.00190883
0.000880162
0.000354678
0.000427051
0.000861876
0.000840837
0.00131507
0.00164343
0.00137213
0.000976953
0.000570751
0.000211175
9.68592e-06
0.0054313
0.00554319
0.00558992
0.00556596
0.00546358
0.00524106
0.00479191
0.00402434
0.00298022
0.00181853
0.000918418
0.000494977
0.000424726
0.000457316
0.000468987
0.000433709
0.000352722
0.000232711
2.3843e-05
0.00289314
0.0024589
0.00210291
0.00301104
0.00248973
0.00151796
0.000593247
0.00032066
0.000522623
0.00087862
0.000862152
0.00123582
0.00182626
0.00172428
0.00136364
0.000949404
0.000543037
0.000196273
8.15927e-06
0.00518173
0.00535216
0.00545897
0.00550699
0.00548607
0.00538842
0.00517131
0.0047192
0.00393596
0.00288099
0.00172965
0.00087087
0.000494453
0.00044666
0.000480268
0.000487713
0.000445345
0.000358801
0.000233664
2.35215e-05
0.00260466
0.00264444
0.00242834
0.00212985
0.00209305
0.00104779
0.000469186
0.000317982
0.00062976
0.000888134
0.00089873
0.00117982
0.00188528
0.00202421
0.00173776
0.00133487
0.000909548
0.000511772
0.000181383
6.79189e-06
0.00488758
0.00511291
0.00527767
0.00538239
0.00542638
0.00541176
0.00531509
0.00510021
0.00464116
0.00384359
0.0027754
0.00164065
0.000826459
0.000498115
0.000470237
0.000504308
0.000505591
0.00045714
0.000364239
0.00023442
2.3196e-05
0.00155583
0.0021604
0.00236174
0.00231723
0.0021244
0.000788914
0.000359661
0.000362671
0.000742609
0.00091
0.00094388
0.00115672
0.00185939
0.00225295
0.00208609
0.00171509
0.00128662
0.000862469
0.00047953
0.000166535
5.56063e-06
0.00457352
0.00483478
0.00505002
0.00520829
0.00530916
0.00535269
0.00533619
0.00524332
0.00502839
0.00455962
0.00374616
0.00266455
0.00155213
0.000786799
0.000505961
0.000495876
0.000528244
0.000523333
0.000468142
0.000369373
0.000235123
2.28494e-05
0.000534171
0.00116209
0.0017558
0.00201959
0.0021776
0.00209689
0.000329168
0.000429657
0.000852188
0.000952492
0.000993794
0.00116052
0.00180361
0.0023952
0.00239381
0.00208108
0.0016635
0.0012261
0.000812621
0.000446557
0.00015151
4.43737e-06
0.00428374
0.00454052
0.00478804
0.00499253
0.00514348
0.00523993
0.00528164
0.00526395
0.00517228
0.00495763
0.00447442
0.00364306
0.0025479
0.00146365
0.000752634
0.000518363
0.000522523
0.000552736
0.000540747
0.000478925
0.000374455
0.000235637
2.24511e-05
0.000336597
0.000431415
0.000804029
0.00134187
0.00175167
0.00200239
0.00203876
0.000547943
0.000943444
0.00101596
0.00104789
0.00118468
0.00175209
0.00245781
0.00264956
0.00242367
0.00203266
0.00159324
0.00116014
0.000760736
0.000412528
0.000135761
3.3897e-06
0.00402386
0.00427021
0.00451308
0.00474666
0.00493988
0.00508285
0.00517426
0.00521327
0.00519506
0.00510558
0.00488632
0.00438331
0.00353436
0.00242934
0.00137568
0.000724454
0.000534685
0.000550777
0.000576934
0.000557892
0.000489738
0.000379193
0.000235699
2.20386e-05
0.000700111
0.000417187
0.00037315
0.000572642
0.00107202
0.00150778
0.00180675
0.00195052
0.00104703
0.00108959
0.00111457
0.00122464
0.00171773
0.00246354
0.00283947
0.00273491
0.00238744
0.00195742
0.00151393
0.00109027
0.000706552
0.000376154
0.000118016
2.93538e-06
0.00378251
0.00402707
0.00426135
0.00449044
0.00470994
0.00489152
0.00502597
0.00511178
0.00514758
0.00512877
0.00503733
0.0048133
0.00428968
0.00342131
0.00230909
0.00129032
0.000702728
0.000555156
0.000579708
0.000601535
0.000575078
0.000499975
0.000383109
0.000235606
2.16471e-05
0.00111123
0.000877709
0.000569851
0.000412581
0.000486515
0.000844239
0.00131894
0.00164242
0.00186104
0.00117817
0.0011888
0.00128145
0.00170348
0.00243851
0.00296358
0.00300519
0.00272288
0.00231388
0.00186857
0.00142828
0.00101654
0.000648311
0.000334276
0.000106168
4.13091e-06
0.0035584
0.00379939
0.00403414
0.00425647
0.00447188
0.00467726
0.0048469
0.00497243
0.00505215
0.00508444
0.00506413
0.00496947
0.00473962
0.00419248
0.00330258
0.00218747
0.00120934
0.000688067
0.000579176
0.000609424
0.000626065
0.000591809
0.00050901
0.000386766
0.000235559
2.12263e-05
0.0012713
0.00119779
0.00107893
0.000786545
0.000542681
0.000483763
0.000713743
0.00117394
0.00151954
0.0017681
0.00127303
0.00135676
0.00171029
0.00240366
0.00303141
0.00322515
0.00303127
0.00265766
0.00222058
0.00177072
0.00133697
0.000937103
0.00058183
0.000299565
0.000115798
2.9347e-06
0.00332491
0.00358932
0.0038198
0.00404451
0.0042549
0.00445673
0.00464798
0.00480549
0.00492179
0.00499509
0.00502355
0.0050008
0.00490368
0.00466533
0.00408911
0.00318031
0.00206613
0.0011346
0.000680686
0.000606189
0.000639918
0.000649806
0.000607017
0.000517954
0.000390459
0.000235142
2.07886e-05
0.00137316
0.00138285
0.00133116
0.00124883
0.000983098
0.000703347
0.000544441
0.000659819
0.00105639
0.00142682
0.00168779
0.00144583
0.00173955
0.00237209
0.00305597
0.0033903
0.00330549
0.00298307
0.00256498
0.00211421
0.00166502
0.00123854
0.000847572
0.000523113
0.000303715
0.000106152
3.39277e-06
0.00308444
0.00336615
0.00362312
0.00384325
0.00405761
0.00425604
0.00444433
0.0046215
0.0047668
0.00487365
0.00494029
0.00496455
0.004939
0.00483847
0.00458846
0.00398004
0.00305046
0.00194642
0.00106746
0.000680647
0.000635924
0.000670821
0.000672603
0.00062284
0.000526926
0.000393306
0.000234421
2.03848e-05
0.0015453
0.0015024
0.00152056
0.00148098
0.00139138
0.0011811
0.000894372
0.000672976
0.000672402
0.000979186
0.00137284
0.00162511
0.00179124
0.00235242
0.00305171
0.00350266
0.00353903
0.00328452
0.00289739
0.00245489
0.0019977
0.0015506
0.00112884
0.000767733
0.000515508
0.000299523
0.000118072
4.44446e-06
0.00286027
0.00313512
0.00341085
0.00365917
0.00386918
0.00407293
0.00425926
0.00443411
0.00459729
0.00473036
0.00482765
0.00488748
0.00490728
0.00487858
0.00477312
0.00451102
0.00386954
0.00291508
0.00182937
0.00100927
0.000687859
0.000668207
0.000700717
0.000695579
0.000638493
0.000534592
0.000395431
0.000233786
1.99744e-05
0.00186506
0.00167662
0.00165831
0.00167482
0.00163679
0.00154632
0.0013738
0.00108523
0.000826529
0.000737333
0.000956584
0.00133266
0.00159117
0.00235095
0.00303209
0.00356963
0.00372753
0.00355621
0.00321304
0.0027889
0.00233199
0.00187116
0.00142429
0.00103213
0.000748774
0.000523043
0.000334396
0.000135877
5.57648e-06
0.00265397
0.00291964
0.00318984
0.00345835
0.00369689
0.00389708
0.00408979
0.00426403
0.0044255
0.00457482
0.00469574
0.00478347
0.00483641
0.00485158
0.0048192
0.00470773
0.00442734
0.00375541
0.00277586
0.00171188
0.000961072
0.000702002
0.000701554
0.000732092
0.000718884
0.000652372
0.000541268
0.000397582
0.000232885
1.95674e-05
0.00237228
0.00197732
0.00184194
0.00182638
0.0018422
0.0018086
0.00171191
0.00153478
0.00125841
0.00100338
0.000848424
0.00097655
0.0013106
0.00158301
0.00300985
0.00360135
0.00387
0.00379274
0.0035068
0.00311201
0.00266452
0.00219773
0.00173246
0.00131553
0.00100432
0.000767642
0.000582004
0.00037642
0.000151707
0.00247273
0.00271989
0.00298415
0.00324747
0.00350802
0.00373584
0.00392625
0.00410781
0.00426981
0.00441799
0.00455366
0.00466257
0.00474083
0.00478688
0.00479726
0.00476075
0.00464234
0.00433833
0.00363658
0.00263485
0.00159888
0.00092302
0.00072269
0.000736156
0.000763307
0.000739301
0.000665262
0.000548004
0.000398991
0.000231768
1.91669e-05
0.00299572
0.00242987
0.00212332
0.00201836
0.00200786
0.00202575
0.0019899
0.00187771
0.00169773
0.00144401
0.00117514
0.000975339
0.00103472
0.00132017
0.00158741
0.00360821
0.00396916
0.00399006
0.00377338
0.00341953
0.00299138
0.00252727
0.00205121
0.00161655
0.0012819
0.00103203
0.000847803
0.000648749
0.000412968
0.00232236
0.00254304
0.00279309
0.0030512
0.00330755
0.00355942
0.00377544
0.0039564
0.00412638
0.00427608
0.00441115
0.00453343
0.00463058
0.00469952
0.00473872
0.00474426
0.00470302
0.00457663
0.00424458
0.00351179
0.00249355
0.001492
0.000896894
0.000747634
0.000773319
0.000791302
0.000759968
0.000678353
0.000553537
0.000399708
0.000230496
1.87877e-05
0.00360156
0.00300094
0.0025324
0.00229005
0.00221029
0.00220229
0.00221494
0.00217348
0.00204724
0.00186197
0.0015999
0.00132987
0.00112059
0.00112282
0.00135231
0.00160567
0.00403076
0.0041463
0.00400781
0.00370632
0.00330809
0.00285604
0.00237764
0.00193291
0.00158008
0.00131543
0.00112913
0.000937711
0.000707267
0.00220063
0.00239424
0.00262146
0.0028674
0.00312135
0.0033698
0.00361176
0.0038156
0.00398683
0.00414504
0.00428248
0.00440462
0.00451383
0.00459951
0.00465935
0.00469186
0.00469237
0.00464612
0.0045099
0.00414497
0.00338354
0.00235259
0.00139515
0.000880883
0.000779139
0.00080861
0.000820275
0.00078081
0.000689798
0.000557931
0.000399901
0.000229203
1.84028e-05
0.00406305
0.00359273
0.00304563
0.00266199
0.0024749
0.00241216
0.00240342
0.00241194
0.00236061
0.00221949
0.00201906
0.00175681
0.00149524
0.00126368
0.00122293
0.00141516
0.00163794
0.00426236
0.00420613
0.00396711
0.00360959
0.00317963
0.002708
0.00226138
0.00189631
0.00161648
0.00142466
0.00123934
0.00101754
0.00210344
0.00227257
0.00247541
0.00270362
0.00294687
0.00319443
0.00343346
0.00366521
0.00385569
0.00401718
0.00416355
0.00428874
0.00439816
0.00449465
0.0045692
0.00462024
0.00464616
0.00464173
0.00458969
0.00444134
0.00404121
0.00324726
0.00221526
0.0013102
0.000877363
0.000813074
0.000844545
0.000850467
0.000799611
0.000699717
0.000561471
0.000399846
0.000227642
1.80514e-05
0.00434212
0.00407955
0.00359909
0.00312454
0.00281834
0.00267217
0.00261994
0.00260913
0.00260947
0.00254731
0.00238823
0.00217292
0.0019129
0.00163656
0.0013982
0.00133887
0.00148876
0.00168675
0.00202655
0.0043662
0.0041969
0.00389037
0.00349287
0.00303775
0.00259778
0.00222698
0.00193288
0.00173293
0.00155161
0.00133825
0.00217708
0.00235599
0.00256327
0.00279098
0.00303038
0.00326956
0.00349867
0.00371858
0.00389568
0.00404743
0.00418172
0.00429468
0.00439163
0.00447574
0.00453956
0.00458209
0.00460172
0.00459212
0.00453346
0.00437149
0.0039304
0.00310431
0.00208165
0.00123894
0.000884002
0.000849082
0.00088354
0.000876771
0.000816698
0.000708612
0.000564494
0.000399007
0.000226254
1.76831e-05
0.00448843
0.0044026
0.00408507
0.00363405
0.00323655
0.00299366
0.00287634
0.00283031
0.00281471
0.00280481
0.00272745
0.00255199
0.00232451
0.00205934
0.00176539
0.0015343
0.00144897
0.00157742
0.00174986
0.00193436
0.00210035
0.00439175
0.0041448
0.00379
0.00336151
0.00293702
0.00256745
0.00226141
0.00205179
0.00187236
0.00166662
0.00226089
0.00244821
0.00265747
0.00288373
0.0031168
0.00334699
0.00356468
0.00377253
0.00393599
0.00407749
0.00419955
0.0043003
0.00438493
0.00445706
0.00451054
0.00454497
0.00455843
0.00454359
0.00447758
0.00429855
0.00381294
0.00295999
0.00194858
0.00118263
0.000899109
0.000890153
0.00091738
0.000902219
0.000832908
0.000716713
0.000566062
0.000398426
0.00022465
1.73358e-05
0.0045496
0.00459396
0.00443452
0.00410181
0.0037016
0.00337514
0.00318041
0.00308313
0.00303948
0.00301678
0.00299276
0.00289829
0.00270725
0.00246866
0.00218841
0.00190048
0.00164862
0.00157178
0.00167192
0.0018286
0.00201168
0.00218649
0.00436773
0.00406488
0.00367321
0.00327312
0.00291212
0.00259789
0.00237834
0.00219914
0.00199958
0.00235653
0.00254814
0.00275868
0.00298097
0.00320669
0.00342634
0.00363181
0.00382656
0.00397652
0.00410759
0.00421717
0.00430561
0.00437816
0.00443864
0.00448222
0.00450887
0.00451643
0.00449622
0.00442084
0.00422347
0.00369591
0.00281142
0.00182535
0.00114141
0.000924277
0.00093069
0.000951855
0.000927357
0.000847978
0.000722584
0.00056793
0.000397319
0.000223236
1.69908e-05
0.00455536
0.00469588
0.00466116
0.0044573
0.00414174
0.00379906
0.00353174
0.00337266
0.00328878
0.00324419
0.00321144
0.00316982
0.00305883
0.00285595
0.00260643
0.00231926
0.00201596
0.00177791
0.00168775
0.00177331
0.0019214
0.00210299
0.00228587
0.00431142
0.00396617
0.00359934
0.00325457
0.00293721
0.00270883
0.00252889
0.00233416
0.00246227
0.00265715
0.0028662
0.00308333
0.00329994
0.00350793
0.00370192
0.00388091
0.00401772
0.00413795
0.00423477
0.00431093
0.00437148
0.00442065
0.0044547
0.00447398
0.00447583
0.00444942
0.00436442
0.00414065
0.00357441
0.00267002
0.00171502
0.00111607
0.000955879
0.000970591
0.000986664
0.000950689
0.000860049
0.000728763
0.000568868
0.000396677
0.000221752
1.66623e-05
0.00452445
0.00473729
0.00479904
0.00470211
0.00448985
0.0042081
0.00391952
0.00369894
0.00356588
0.00349012
0.00344119
0.00339451
0.00333425
0.00320884
0.00299529
0.00273299
0.00243676
0.00213706
0.00189874
0.00180766
0.00188449
0.00202692
0.00220887
0.00239728
0.00423357
0.00390827
0.00358754
0.00327341
0.00303871
0.00285786
0.00266695
0.00257862
0.00277434
0.00298078
0.00319077
0.00339704
0.00359334
0.00377421
0.00393769
0.00406161
0.00416907
0.00425297
0.00431657
0.00436518
0.00440328
0.0044282
0.00444044
0.00443647
0.00440394
0.00430602
0.00404955
0.00345161
0.00253423
0.00161752
0.00110561
0.000991367
0.00101415
0.00101968
0.000970534
0.000872404
0.000733542
0.000570597
0.000395867
0.000220612
1.63513e-05
0.00446903
0.00473751
0.00487412
0.00486237
0.00473985
0.00454129
0.00429795
0.00405555
0.00387104
0.00375651
0.00368417
0.00362722
0.00356362
0.00348559
0.00335055
0.00312135
0.00284652
0.00254266
0.00224578
0.00201505
0.00193354
0.0020051
0.00214608
0.00232869
0.00252065
0.00419227
0.00390317
0.00359971
0.0033626
0.00318161
0.00299403
0.00270485
0.00290065
0.00310227
0.003304
0.0034999
0.00368238
0.00385151
0.00399655
0.00410835
0.00420195
0.00427221
0.00432295
0.0043596
0.00438684
0.00440295
0.00440838
0.0043988
0.0043587
0.00424599
0.00395564
0.00332505
0.00239973
0.00153833
0.00110839
0.00103179
0.00105469
0.00104855
0.000990691
0.00088292
0.000739495
0.00057182
0.000396092
0.000219496
1.59747e-05
0.00444413
0.00470962
0.00490499
0.0049603
0.00491109
0.00478814
0.00461307
0.00440565
0.0042008
0.00404371
0.00394149
0.00386812
0.00379989
0.00371839
0.00362477
0.00347969
0.00323366
0.00294793
0.00264059
0.00234682
0.00213447
0.0020629
0.00213773
0.00227931
0.00246182
0.00265527
0.00419335
0.00390872
0.0036744
0.00349499
0.00331092
0.00284215
0.00303597
0.00323177
0.00342502
0.00360807
0.00377946
0.00393271
0.00405837
0.00415844
0.00423692
0.00429293
0.00433056
0.00435511
0.00437165
0.00437922
0.00437807
0.00436249
0.0043136
0.00418579
0.00385398
0.00319192
0.00227394
0.00147662
0.00112217
0.00107546
0.00109147
0.00107799
0.00100876
0.000895034
0.000744268
0.000575104
0.000396261
0.000218142
1.56863e-05
0.00445049
0.00469982
0.00490488
0.00501298
0.00502202
0.00496246
0.00485236
0.00470219
0.00452538
0.00435035
0.00421353
0.00411815
0.0040396
0.00395781
0.00385978
0.00375264
0.003592
0.00333275
0.00303913
0.00273033
0.00244827
0.00225394
0.00220318
0.00228311
0.00242601
0.00260758
0.00280272
0.0041928
0.00396746
0.00379223
0.00361257
0.0029904
0.00318082
0.00337083
0.00355291
0.00372514
0.00387983
0.00401722
0.00412529
0.0042116
0.00427425
0.00431568
0.00433967
0.00435204
0.00435803
0.00435726
0.00434964
0.00432747
0.00426959
0.00412182
0.00374708
0.0030672
0.00215529
0.00143205
0.00114749
0.00111696
0.00113072
0.00110483
0.00102888
0.000904929
0.000752497
0.000577919
0.000396581
0.000216973
1.49216e-05
0.00444472
0.00470891
0.00490901
0.00503315
0.0050879
0.00507917
0.00502525
0.00493213
0.00480408
0.0046522
0.00450035
0.00437765
0.00428413
0.00419722
0.00410028
0.00398806
0.00386851
0.00368965
0.00342007
0.00312114
0.00281699
0.00255119
0.00238769
0.0023537
0.00244004
0.00258694
0.00276846
0.0029627
0.00423494
0.00406717
0.00389343
0.00314941
0.00333663
0.00351783
0.00369024
0.00384799
0.00398726
0.00410666
0.00419863
0.00426781
0.00431443
0.00434036
0.00435048
0.00435072
0.00434627
0.00433743
0.00432311
0.00429441
0.00422496
0.00405495
0.00364513
0.00294174
0.00205114
0.00140607
0.00117696
0.00116106
0.00116701
0.00113426
0.00104543
0.000919937
0.000759406
0.00058203
0.000395905
0.000211673
0.00447046
0.00470049
0.00491873
0.00504801
0.00512071
0.00515161
0.00514343
0.0051015
0.00502426
0.0049143
0.00478218
0.00464775
0.0045337
0.00443781
0.00434111
0.00422792
0.00410366
0.00396932
0.00377457
0.00349738
0.00319783
0.00290424
0.00266543
0.00252693
0.00251418
0.00261134
0.00276662
0.0029435
0.00313438
0.00431374
0.0041479
0.00332036
0.00350145
0.00367447
0.0038345
0.00397713
0.00410108
0.00420021
0.00427526
0.00432734
0.00435664
0.00436682
0.00436316
0.00435134
0.00433681
0.00431985
0.00429913
0.00426254
0.00418021
0.00398968
0.00354178
0.00282715
0.00196381
0.0013921
0.00121262
0.00120335
0.00120682
0.00115862
0.0010687
0.000932454
0.000769806
0.000582656
0.000388145
0.00452677
0.00471112
0.00490973
0.00505863
0.00514274
0.00519088
0.00521835
0.00521914
0.00518942
0.00512495
0.00502912
0.00491221
0.00479003
0.00467981
0.00457859
0.00446967
0.00434247
0.00420634
0.00405794
0.00384922
0.00356794
0.00327366
0.00300052
0.00278822
0.00267877
0.00269221
0.00280347
0.00295853
0.00313107
0.0033186
0.00437082
0.00350088
0.00367554
0.00383811
0.00398432
0.00411216
0.00421671
0.00429754
0.00435497
0.00438825
0.00440006
0.00439498
0.00437772
0.00435434
0.00432982
0.0043052
0.00427733
0.00423259
0.00413655
0.00391704
0.00344113
0.0027225
0.00188848
0.00139091
0.00124987
0.00125069
0.00124009
0.00119071
0.00108849
0.000951564
0.000772619
0.000574947
0.00455839
0.0047398
0.0049064
0.00504874
0.00515432
0.00521706
0.00526014
0.00529463
0.00530586
0.00528581
0.00523076
0.00514558
0.00503978
0.00492523
0.00481482
0.00470568
0.00458577
0.00444411
0.00429412
0.00413332
0.00391628
0.00363638
0.00335629
0.00310534
0.00292813
0.00285565
0.0028953
0.00301066
0.00316319
0.00333171
0.00351257
0.00369007
0.00385597
0.00400627
0.0041383
0.00424762
0.00433408
0.00439687
0.00443449
0.00444887
0.00444451
0.00442455
0.00439447
0.00435987
0.004326
0.00429333
0.00425877
0.00420446
0.00409336
0.00384172
0.00334412
0.00261729
0.00182784
0.00139853
0.0012943
0.00129163
0.00128071
0.00121968
0.00111807
0.00095811
0.000768921
0.00474023
0.00490719
0.00503465
0.00514347
0.00522952
0.00528841
0.00533707
0.00538137
0.00540099
0.00538748
0.00533894
0.00526133
0.0051629
0.0050518
0.00493803
0.00482108
0.00468616
0.00453471
0.0043724
0.00419949
0.00398026
0.00370951
0.00344612
0.00322794
0.00309137
0.00305119
0.00311127
0.00323099
0.00338142
0.00354197
0.00371446
0.00388453
0.00403955
0.00417588
0.00429054
0.00438289
0.00445122
0.00449349
0.00451117
0.00450936
0.00448931
0.00445565
0.00441349
0.0043686
0.00432539
0.00428553
0.0042428
0.00417912
0.00405004
0.00376733
0.00324773
0.00251791
0.00178216
0.00141571
0.00133545
0.00133732
0.00132186
0.00125999
0.00113044
0.000962492
0.00487689
0.00501506
0.00512215
0.00521774
0.00530161
0.00536636
0.00542395
0.00547657
0.00550155
0.0054918
0.00544729
0.00537447
0.00527996
0.0051689
0.00505043
0.00492339
0.00477381
0.004611
0.00444205
0.00426157
0.00404701
0.00378821
0.0035531
0.00337212
0.00326892
0.00326619
0.00334102
0.00346532
0.0036086
0.00375864
0.00392005
0.00408047
0.00422197
0.00434219
0.00444098
0.00451506
0.00456229
0.00458394
0.00458633
0.0045686
0.0045345
0.00448836
0.0044354
0.00438069
0.00432932
0.00428098
0.00423135
0.00415479
0.00400836
0.00369219
0.00315286
0.00243036
0.00174505
0.00143594
0.00138022
0.00139121
0.00137272
0.00128113
0.00114693
0.00496287
0.00508984
0.00519221
0.00528903
0.00538015
0.00545387
0.00551947
0.00557742
0.00560494
0.00559672
0.0055541
0.00548351
0.00538992
0.00527676
0.00515145
0.00501335
0.00485218
0.00467888
0.00450388
0.00432473
0.00411838
0.00388274
0.00367987
0.00353855
0.00347557
0.00349669
0.00358544
0.00370687
0.00384192
0.00397804
0.00412653
0.00427367
0.00439878
0.00450505
0.00458497
0.00463731
0.00466362
0.00467162
0.00465835
0.00462665
0.00458022
0.00452323
0.0044605
0.0043975
0.00433707
0.0042821
0.00422187
0.00413341
0.00396665
0.00361402
0.00306759
0.00234544
0.00171248
0.00146198
0.00143323
0.0014501
0.00140233
0.00131289
0.00502438
0.00515337
0.00526134
0.00536689
0.00546813
0.00554997
0.00562097
0.00568134
0.00570913
0.00570062
0.00565801
0.00558736
0.00549254
0.00537508
0.00524243
0.00509336
0.00492061
0.004744
0.00456496
0.00439166
0.00420328
0.00399484
0.00382921
0.00372574
0.00369674
0.00374364
0.00383472
0.00395103
0.00407483
0.00419574
0.0043277
0.00445805
0.00457099
0.00465766
0.00471524
0.00474829
0.00476131
0.00475429
0.00472736
0.00468396
0.00462703
0.00456077
0.00449014
0.00441849
0.00435117
0.00428602
0.00421672
0.00411363
0.00392312
0.0035446
0.00298029
0.00225491
0.00169152
0.00149665
0.00149471
0.00149726
0.00145019
0.00508128
0.0052199
0.00533811
0.00545431
0.0055646
0.00565217
0.00572586
0.00578627
0.0058126
0.00580228
0.00575801
0.00568557
0.00558754
0.00546513
0.00532245
0.00516398
0.00498281
0.00480758
0.00462858
0.00446946
0.00430345
0.00412789
0.00399843
0.00392996
0.00393459
0.00399244
0.00408481
0.0041924
0.00430223
0.00440565
0.00451768
0.00463649
0.00473193
0.00479319
0.00483298
0.00485205
0.00485249
0.00483209
0.00479439
0.00474107
0.00467573
0.00460235
0.00452405
0.00444609
0.0043688
0.00429553
0.00421404
0.004093
0.00387964
0.00346509
0.00288613
0.00217664
0.00168016
0.00154089
0.00156781
0.00155035
0.00514525
0.00529595
0.00542484
0.00555034
0.0056671
0.00575787
0.00583199
0.00589067
0.00591418
0.0059008
0.00585358
0.00577783
0.00567545
0.00554684
0.00539695
0.0052247
0.00504315
0.00487091
0.00470066
0.00456037
0.00442204
0.00427944
0.00418709
0.00415293
0.0041766
0.00424167
0.00432956
0.0044259
0.00451928
0.00460143
0.00470042
0.00480416
0.00486896
0.00491528
0.00494247
0.00494798
0.00493693
0.00490686
0.00485985
0.00479915
0.00472773
0.00464804
0.0045645
0.00447779
0.00439297
0.00430776
0.00421267
0.00407377
0.00382503
0.00339598
0.00278915
0.00210526
0.00167737
0.00160659
0.00161567
0.00522065
0.00538243
0.00552019
0.00565247
0.00577306
0.00586491
0.00593778
0.00599338
0.00601305
0.00599566
0.0059444
0.00586434
0.0057585
0.00562144
0.0054655
0.00528247
0.00510557
0.00493852
0.0047837
0.00466711
0.00455712
0.00444882
0.00438805
0.00438103
0.00441826
0.00448396
0.0045643
0.00464625
0.00471926
0.00478846
0.00487225
0.00494185
0.00499354
0.00502904
0.00503922
0.0050389
0.00501762
0.00497867
0.00492536
0.00485974
0.00478353
0.00469995
0.0046094
0.00451656
0.00441988
0.00432345
0.00421136
0.00405004
0.00377903
0.0033013
0.00268841
0.00203487
0.00169075
0.00167345
0.00530704
0.0054774
0.00562157
0.00575813
0.00588036
0.0059717
0.00604204
0.00609361
0.00610868
0.00608654
0.0060305
0.00594626
0.00583459
0.00569036
0.00552686
0.00534187
0.00517277
0.00501455
0.00488008
0.00478833
0.0047077
0.0046301
0.00459752
0.00460932
0.00465224
0.00471473
0.00478412
0.00484723
0.00490902
0.00496299
0.00501036
0.00506674
0.0051103
0.00512644
0.00513525
0.0051239
0.00509394
0.00504974
0.00499264
0.00492373
0.00484512
0.0047565
0.00466148
0.004558
0.00445179
0.00433804
0.0042086
0.00403375
0.00370119
0.00322261
0.00257788
0.00195716
0.00175181
0.00540189
0.00557808
0.00572639
0.00586519
0.00598741
0.00607704
0.00614397
0.00619086
0.0062008
0.00617336
0.00611231
0.00602633
0.0059036
0.00575548
0.00558381
0.00540398
0.0052454
0.00510119
0.00498897
0.00492283
0.00486901
0.00481894
0.00480841
0.0048299
0.00487406
0.00493032
0.0049826
0.00503609
0.00508112
0.00510138
0.00513497
0.00518558
0.0052082
0.00522439
0.00522395
0.00520317
0.00516893
0.00512198
0.00506298
0.00499312
0.00491144
0.00482008
0.00471614
0.00460517
0.00448172
0.00435333
0.00421126
0.00399009
0.00364605
0.00311685
0.00244119
0.00194914
0.00550224
0.00568193
0.00583256
0.00597205
0.00609304
0.00618013
0.00624304
0.00628483
0.00628924
0.00625627
0.0061933
0.00609527
0.00596925
0.00581636
0.0056413
0.00547007
0.00532491
0.00519798
0.00510915
0.00506678
0.00503668
0.005009
0.00501178
0.00503838
0.00507917
0.00512059
0.00516487
0.00520134
0.00521911
0.00522572
0.00525473
0.00528369
0.0053067
0.00531668
0.00530485
0.00528076
0.00524469
0.00519706
0.00513841
0.00506731
0.00498449
0.00488611
0.00477665
0.00464963
0.00451358
0.00437118
0.00419306
0.00396888
0.00354364
0.0029917
0.00233076
0.00560557
0.00578693
0.00593849
0.00607754
0.00619646
0.00628044
0.00633898
0.00637534
0.00637401
0.00633714
0.00626646
0.00616017
0.00603187
0.00587515
0.00570081
0.00554105
0.00541102
0.00530378
0.00523751
0.00521603
0.00520513
0.00519269
0.00520358
0.00522992
0.00526096
0.00529473
0.00532423
0.00533948
0.00534394
0.00534532
0.00535275
0.00538232
0.00540135
0.00539825
0.00538402
0.0053589
0.00532319
0.00527702
0.00521871
0.00514788
0.00505988
0.00495773
0.00483378
0.00469658
0.00454442
0.00437385
0.00418684
0.00390219
0.00346313
0.00282691
0.00570989
0.00589156
0.00604305
0.00618086
0.00629716
0.00637772
0.00643156
0.00646225
0.00645578
0.0064155
0.00632876
0.00622351
0.00608994
0.00593258
0.00576301
0.00561658
0.0055028
0.00541609
0.00537031
0.00536573
0.00536801
0.00536563
0.00537928
0.00540029
0.00542543
0.00544884
0.00546078
0.00546304
0.00546037
0.00544292
0.00545138
0.00547799
0.00548316
0.00547827
0.0054637
0.0054398
0.00540649
0.00536198
0.00530508
0.00523068
0.0051404
0.00502534
0.00489327
0.00473755
0.00456437
0.00437903
0.00415959
0.00384699
0.00330831
0.00581372
0.00599472
0.00614541
0.00628148
0.00639487
0.00647169
0.00652056
0.00654562
0.00653704
0.00647684
0.00639198
0.00628122
0.00614416
0.0059888
0.00582764
0.00569568
0.00559849
0.00553167
0.0055033
0.0055105
0.00552126
0.00552411
0.00553598
0.00555307
0.00557107
0.0055799
0.00558027
0.00557451
0.00555712
0.00554143
0.00554702
0.00555981
0.00556355
0.00555887
0.00554624
0.00552553
0.00549492
0.00545273
0.00539359
0.00531803
0.00521624
0.00509451
0.00494224
0.00477258
0.00457836
0.00437483
0.00413056
0.00371706
0.00591592
0.00609561
0.00624507
0.00637912
0.00648931
0.00656212
0.00660565
0.00662872
0.00660116
0.00653856
0.0064493
0.00633256
0.00619439
0.00604344
0.00589375
0.00577685
0.00569569
0.005647
0.00563193
0.00564668
0.00566151
0.00566566
0.00567564
0.00568908
0.00569504
0.00569399
0.00568654
0.00567108
0.00565494
0.00563597
0.00562868
0.00564027
0.00564467
0.0056425
0.0056337
0.00561653
0.00558893
0.00554553
0.00548603
0.00540006
0.00529248
0.00515041
0.00498819
0.00479181
0.00458894
0.00435756
0.00405808
0.00601567
0.00619369
0.00634169
0.00647349
0.00658021
0.00664843
0.00669017
0.00669708
0.00666016
0.00659573
0.00649798
0.00637745
0.00624018
0.00609588
0.00596009
0.00585811
0.00579181
0.00575823
0.00575299
0.00577143
0.00578735
0.00579223
0.00580116
0.00580456
0.00580311
0.00579604
0.00578304
0.00576621
0.00574613
0.00571726
0.00570901
0.0057216
0.005729
0.00573119
0.0057266
0.00571293
0.00568491
0.00564164
0.00557248
0.00548122
0.00535408
0.00520208
0.00501046
0.00481144
0.00457681
0.00431909
0.0061124
0.00628863
0.00643501
0.00656433
0.00666694
0.00673375
0.00676289
0.00675364
0.00671758
0.00664211
0.00653804
0.00641542
0.00628105
0.00614548
0.00602509
0.00593742
0.00588431
0.00586185
0.00586376
0.00588319
0.00590046
0.00590631
0.00590937
0.00590844
0.00590218
0.0058902
0.00587313
0.00585327
0.00582673
0.00579722
0.00579037
0.00580635
0.00581854
0.00582548
0.00582475
0.00581121
0.00578356
0.0057311
0.00565691
0.00554688
0.00540732
0.00522639
0.00503359
0.0047989
0.00455775
0.00620575
0.00638018
0.00652478
0.00665104
0.00675251
0.00680929
0.0068179
0.00681157
0.0067623
0.00667802
0.00656909
0.00644617
0.00631676
0.00619162
0.00608728
0.00601357
0.00597217
0.00595756
0.00596365
0.00598391
0.00600177
0.00600494
0.00600508
0.00600031
0.00599018
0.00597504
0.00595685
0.00593298
0.00590596
0.00587841
0.00587533
0.00589649
0.00591384
0.00592489
0.00592467
0.00591158
0.00587498
0.00581752
0.00572447
0.00559924
0.00543272
0.00524852
0.00501736
0.00478688
0.00629552
0.00646817
0.00661062
0.00673678
0.0068285
0.00686303
0.00687652
0.0068554
0.0067949
0.00670306
0.00659102
0.0064698
0.00634728
0.00623391
0.00614505
0.00608546
0.00605394
0.00604569
0.00605466
0.00607548
0.00609123
0.00609255
0.00609081
0.00608381
0.00607149
0.00605582
0.00603514
0.00601128
0.0059867
0.00596347
0.00596585
0.0059925
0.00601415
0.00602597
0.00602613
0.00600414
0.0059624
0.0058854
0.00577557
0.00562451
0.00545097
0.00522698
0.00500446
0.00638161
0.00655258
0.00669584
0.00681204
0.00688166
0.00692203
0.00692025
0.00688575
0.00681512
0.00671735
0.00660427
0.00648686
0.00637298
0.00627238
0.00619744
0.00615145
0.00612973
0.00612703
0.00613835
0.00615908
0.00617261
0.00617284
0.00616936
0.0061617
0.00614936
0.00613244
0.00611237
0.00609143
0.00607171
0.00605431
0.00606237
0.00609345
0.00611602
0.00612806
0.00611927
0.00609187
0.00602964
0.00593499
0.00579891
0.00563743
0.00542339
0.00520902
0.00646474
0.00663644
0.00676806
0.00686602
0.00694051
0.00696533
0.00694946
0.00690249
0.00682315
0.00672169
0.00660989
0.00649835
0.00639475
0.00630755
0.00624617
0.00621196
0.00619902
0.00620181
0.00621549
0.00623627
0.00624872
0.00624788
0.00624352
0.00623641
0.00622424
0.00620856
0.00619188
0.00617627
0.0061628
0.0061513
0.00616374
0.00619582
0.00621841
0.00622136
0.0062068
0.00615788
0.00607741
0.00595537
0.00580642
0.00560356
0.00539815
0.00654653
0.00670413
0.00682346
0.00692474
0.00698314
0.0069934
0.00696411
0.00690589
0.00682015
0.00671756
0.00660941
0.00650588
0.00641395
0.00634055
0.00629274
0.00626943
0.00626423
0.00627177
0.00628784
0.00630848
0.00632075
0.00631977
0.00631609
0.00630932
0.00629932
0.00628747
0.00627654
0.00626753
0.00626021
0.00625304
0.00626641
0.00629828
0.00631159
0.00630837
0.00627126
0.00620361
0.00609434
0.00595741
0.00576608
0.00556994
0.00660998
0.00676114
0.00688154
0.00696758
0.00701026
0.00700626
0.00696457
0.00689729
0.006808
0.00670694
0.00660501
0.00651153
0.00643252
0.00637349
0.00633874
0.00632554
0.00632737
0.00633931
0.00635696
0.00637748
0.00639038
0.00639085
0.00638792
0.00638326
0.00637776
0.00637199
0.00636794
0.00636524
0.00636224
0.00635591
0.00636878
0.00639117
0.00639789
0.00637114
0.00631484
0.00621694
0.006091
0.00591082
0.00572368
0.00666935
0.00681817
0.00692435
0.00699502
0.00702191
0.00700437
0.00695222
0.00687899
0.00678904
0.00669248
0.00659935
0.00651787
0.00645302
0.0064084
0.00638597
0.00638195
0.00639011
0.00640533
0.00642407
0.00644519
0.00645963
0.00646196
0.00646156
0.00646122
0.00646228
0.00646357
0.00646587
0.00646738
0.00646511
0.00645798
0.00646125
0.00647664
0.00645893
0.00641257
0.00632461
0.00620845
0.00603858
0.00585977
0.00672544
0.00686061
0.00695233
0.00700712
0.00701864
0.00698917
0.00692969
0.0068536
0.00676629
0.00667729
0.00659551
0.0065279
0.00647793
0.00644725
0.00643603
0.00644014
0.00645321
0.00647072
0.00649081
0.00651341
0.00652989
0.00653558
0.0065398
0.00654576
0.00655394
0.00656171
0.00656801
0.00657003
0.00656654
0.00654976
0.00654586
0.00653599
0.0064983
0.00641893
0.00631131
0.00615068
0.0059793
0.00676826
0.00688914
0.00696552
0.00700442
0.00700198
0.00696354
0.0068998
0.00682441
0.00674323
0.00666483
0.00659681
0.00654441
0.00650935
0.00649155
0.00649014
0.00650066
0.00651719
0.00653678
0.00655874
0.00658367
0.00660348
0.00661429
0.00662501
0.00663804
0.00665213
0.00666377
0.00667025
0.00667056
0.00665718
0.00663313
0.00660362
0.00657344
0.00650146
0.00640122
0.00624871
0.00608377
0.00679846
0.00690378
0.00696445
0.00698852
0.00697489
0.00693043
0.00686603
0.00679518
0.00672364
0.00665872
0.00660629
0.00656964
0.00654872
0.00654223
0.00654865
0.00656373
0.00658301
0.00660483
0.00662936
0.00665787
0.00668274
0.00670025
0.00671802
0.00673678
0.00675395
0.00676544
0.00676967
0.00675981
0.00673876
0.00668881
0.00663931
0.00657368
0.00647979
0.00633431
0.00617483
0.00681595
0.00690502
0.00695077
0.00696229
0.0069404
0.00689348
0.00683235
0.00676992
0.00671131
0.00666215
0.00662628
0.00660498
0.00659673
0.0065994
0.00661145
0.00662991
0.0066517
0.00667623
0.0067044
0.00673809
0.00676954
0.00679391
0.0068172
0.00683869
0.00685485
0.00686356
0.00685731
0.00683936
0.00679165
0.00672226
0.00663692
0.0065485
0.00640906
0.00625413
0.00682123
0.00689459
0.00692713
0.0069287
0.00690218
0.00685679
0.00680293
0.00675262
0.00670959
0.00667753
0.00665811
0.00665088
0.00665321
0.00666264
0.0066787
0.00669991
0.00672443
0.00675252
0.00678574
0.00682602
0.00686409
0.00689338
0.00691901
0.00693899
0.00695151
0.00694941
0.00693462
0.00688931
0.00682221
0.00671654
0.00660868
0.00647442
0.00632326
0.00681596
0.00687476
0.00689632
0.0068914
0.00686441
0.00682465
0.00678191
0.0067467
0.00672094
0.00670616
0.0067021
0.00670693
0.00671742
0.0067317
0.00675076
0.00677462
0.00680248
0.00683533
0.00687486
0.00692161
0.00696406
0.00699491
0.00701845
0.00703422
0.00703546
0.00702435
0.00698154
0.00691687
0.00681225
0.00668453
0.00653168
0.00638364
0.00671595
0.00680192
0.00684813
0.00686191
0.00685454
0.00683139
0.00680126
0.00677278
0.00675468
0.00674665
0.00674822
0.00675759
0.00677212
0.00678873
0.00680653
0.00682815
0.00685501
0.00688718
0.00692591
0.00697151
0.00702218
0.0070654
0.00709326
0.00711201
0.00711622
0.00710798
0.00706817
0.00700603
0.00690262
0.00677562
0.00660393
0.00643656
0.00659715
0.00670964
0.00678146
0.00681809
0.00682791
0.00682238
0.00680736
0.00679016
0.00677812
0.00677786
0.00678682
0.00680289
0.00682335
0.00684546
0.00686664
0.00688723
0.00691146
0.00694204
0.00697952
0.00702381
0.00707276
0.0071235
0.00716268
0.00718497
0.00719187
0.00718622
0.00714874
0.00708957
0.00698751
0.00686147
0.00669065
0.0065034
0.00646169
0.00660032
0.00669729
0.0067577
0.00678847
0.00679848
0.00679917
0.0067958
0.0067939
0.00679926
0.00681629
0.00684049
0.00686875
0.00689808
0.00692603
0.0069508
0.0069739
0.00700122
0.00703642
0.00707885
0.00712579
0.00717418
0.00721994
0.00725254
0.00726256
0.00725922
0.00722391
0.00716713
0.00706682
0.00694195
0.00677228
0.00658342
0.00647601
0.00659791
0.00668169
0.00673422
0.00676327
0.00677782
0.00678832
0.00679923
0.00681384
0.00683622
0.00686893
0.00690608
0.00694422
0.00698052
0.00701307
0.0070408
0.00706659
0.00709782
0.00713729
0.00718159
0.00722725
0.00726996
0.00730829
0.00732784
0.00732725
0.00729384
0.0072392
0.00714026
0.007017
0.0068487
0.0066584
0.00648535
0.00659226
0.00666607
0.00671476
0.00674654
0.0067692
0.00679234
0.00681899
0.00684997
0.00688793
0.00693407
0.00698182
0.00702779
0.00706953
0.00710568
0.00713617
0.00716537
0.0072002
0.00724074
0.00728298
0.00732221
0.00735705
0.00738172
0.00738989
0.00735886
0.00730605
0.00720826
0.00708644
0.00691985
0.00672822
0.0064915
0.00658618
0.00665387
0.00670327
0.00674138
0.00677507
0.00681256
0.00685504
0.00690115
0.00695259
0.00700979
0.00706596
0.00711799
0.00716381
0.0072029
0.00723661
0.00726899
0.00730414
0.00734185
0.00737686
0.00740781
0.00742889
0.00744163
0.00741858
0.00736811
0.00727117
0.00715048
0.0069856
0.00679283
0.00649671
0.00658269
0.00664887
0.00670256
0.00675014
0.00679676
0.00684898
0.00690624
0.00696556
0.00702816
0.00709417
0.0071568
0.00721321
0.00726202
0.00730416
0.00734083
0.00737294
0.00740461
0.00743429
0.00746067
0.00747781
0.00748705
0.00746802
0.00742492
0.00732941
0.00720965
0.00704607
0.00685216
0.00650349
0.00658542
0.00665355
0.00671493
0.00677413
0.00683429
0.00690047
0.00697071
0.00704107
0.00711261
0.00718532
0.00725247
0.00731178
0.00736333
0.00740815
0.00744405
0.00747216
0.0074951
0.00751592
0.00752853
0.00753403
0.00751158
0.007472
0.00738256
0.00726428
0.00710184
0.00690619
0.00651528
0.00659633
0.00667015
0.00674168
0.00681338
0.00688658
0.00696517
0.00704634
0.00712558
0.00720394
0.0072812
0.00735107
0.00741267
0.00746647
0.00750994
0.00754127
0.00755996
0.00757401
0.0075812
0.00758257
0.00755656
0.00751357
0.00742662
0.00731408
0.00715319
0.00695554
0.00643946
0.00653331
0.00661769
0.00670002
0.00678291
0.00686686
0.00695182
0.00704099
0.00713098
0.00721701
0.00729994
0.00737971
0.00745139
0.0075147
0.00756644
0.00760462
0.00762564
0.00763543
0.00763614
0.00763275
0.00760293
0.00755643
0.00746562
0.00735527
0.00719986
0.00700044
0.00635891
0.00646585
0.00656
0.00665093
0.00674336
0.00683767
0.00693285
0.00702798
0.00712579
0.00722252
0.00731307
0.00739841
0.00747953
0.00755233
0.00761281
0.00765848
0.00768525
0.00769701
0.0076937
0.00768481
0.00765072
0.0076005
0.00750577
0.00739167
0.00723831
0.00704074
0.00627676
0.00639514
0.00649873
0.00659684
0.00669637
0.00679935
0.00690437
0.00700942
0.007113
0.00721751
0.00731866
0.00741147
0.00749792
0.00757962
0.00764881
0.0077024
0.00773551
0.00775239
0.00775081
0.00773895
0.00770005
0.00764575
0.00754697
0.00742911
0.00727221
0.00707333
0.00632394
0.00643542
0.00653966
0.00664433
0.00675336
0.00686654
0.00698122
0.00709464
0.0072049
0.00731386
0.00741709
0.00751073
0.00759748
0.00767489
0.00773638
0.00777626
0.00779873
0.00780166
0.00779225
0.00775106
0.00769224
0.00758913
0.00746739
0.00730699
0.00710155
0.00637259
0.0064813
0.00658935
0.00670204
0.00682068
0.00694338
0.00706647
0.00718664
0.00730147
0.00741255
0.0075163
0.00760989
0.00769202
0.00776099
0.00780771
0.0078361
0.00784387
0.00783934
0.0078009
0.00774
0.00763225
0.00750637
0.00734239
0.00713011
0.00642429
0.00653373
0.00664761
0.00676898
0.00689701
0.00702834
0.00715844
0.00728336
0.0074005
0.00751208
0.00761532
0.00770386
0.00777723
0.00783049
0.00786487
0.00787772
0.00787818
0.00784458
0.00778634
0.00767629
0.00754594
0.0073782
0.00715863
0.0064802
0.00659278
0.00671373
0.00684414
0.0069811
0.00711995
0.00725523
0.0073827
0.00750053
0.00761145
0.00770904
0.00778839
0.0078456
0.00788571
0.0079037
0.0079092
0.00788034
0.00782668
0.00771872
0.00758596
0.00741427
0.00718676
0.00654067
0.00665806
0.00678708
0.00692662
0.0070718
0.00721659
0.00735495
0.0074833
0.00760052
0.00770555
0.00779323
0.00785589
0.0078996
0.00792251
0.00793294
0.00790872
0.00785955
0.00775539
0.00762402
0.00745039
0.00721419
0.0066056
0.00672933
0.00686714
0.00701564
0.00716782
0.00731659
0.00745633
0.00758402
0.00769532
0.00779011
0.00786032
0.00790899
0.00793509
0.00795014
0.00793035
0.00788557
0.00778505
0.00765647
0.00748437
0.00724057
0.00667519
0.00680652
0.00695357
0.0071103
0.00726779
0.00741884
0.00755814
0.0076797
0.0077806
0.00785757
0.00791298
0.00794353
0.00796167
0.00794598
0.00790538
0.00780837
0.00768237
0.00751299
0.00726419
0.00674978
0.00688975
0.00704597
0.00720964
0.00737079
0.00752199
0.00765518
0.0077659
0.00784888
0.00791056
0.00794709
0.00796933
0.00795648
0.00791973
0.00782604
0.0077025
0.0075356
0.00728303
0.00682991
0.00697914
0.00714383
0.00731295
0.00747533
0.00762082
0.00774289
0.00783528
0.00790267
0.00794499
0.00797247
0.00796331
0.00792941
0.00783877
0.00771756
0.00755298
0.00729713
0.0069162
0.00707471
0.00724673
0.00741866
0.00757621
0.00771061
0.00781408
0.0078902
0.00793795
0.00797054
0.00796599
0.00793564
0.00784733
0.00772828
0.00756585
0.00730735
0.00700917
0.00717635
0.00735304
0.00752159
0.00766854
0.00778432
0.00787085
0.0079267
0.00796403
0.00796421
0.00793789
0.00785269
0.00773538
0.00757488
0.0073144
0.00710904
0.00728248
0.00745769
0.00761668
0.00774541
0.00784368
0.00790927
0.00795358
0.00795821
0.00793601
0.00785441
0.0077397
0.00758079
0.00731899
0.00721432
0.00738818
0.00755545
0.00769715
0.00780804
0.00788478
0.00793751
0.00794849
0.00793013
0.00785251
0.00774086
0.00758426
0.00732167
0.00732036
0.00748816
0.00763971
0.00776363
0.00785255
0.00791499
0.00793366
0.00792072
0.00784696
0.00773887
0.00758495
0.007323
0.00742185
0.00757596
0.00771036
0.00781214
0.00788529
0.00791288
0.00790665
0.00783814
0.00773372
0.00758291
0.00732264
0.0075125
0.00765068
0.00776327
0.00784792
0.00788541
0.00788714
0.00782512
0.00772572
0.00757809
0.00732045
0.00759071
0.00770799
0.00780247
0.00785068
0.00786146
0.00780715
0.00771404
0.00757078
0.00731661
0.00765185
0.00775067
0.00780818
0.00782898
0.0077835
0.00769795
0.00756026
0.00731137
0.00769768
0.00775939
0.00778911
0.00775353
0.00767671
0.0075458
0.00730408
0.00770912
0.00774311
0.00771657
0.00764961
0.00752672
0.00729416
0.00769542
0.0076737
0.00761591
0.00750229
0.00728087
0.007629
0.0075764
0.00747174
0.00726348
0.00753477
0.00743564
0.00724113
0.00739728
0.0072138
0.00718372
)
;

boundaryField
{
    inlet
    {
        type            calculated;
        value           nonuniform List<scalar> 0();
    }
    outlet
    {
        type            calculated;
        value           nonuniform List<scalar> 
71
(
1.49216e-05
0.000211673
0.000388146
0.000574948
0.000768923
0.000962494
0.00114694
0.00131289
0.00145019
0.00155035
0.00161567
0.00167345
0.00175181
0.00194914
0.00233077
0.00282691
0.00330832
0.00371707
0.00405809
0.0043191
0.00455776
0.00478689
0.00500447
0.00520903
0.00539816
0.00556995
0.00572369
0.00585978
0.00597931
0.00608378
0.00617484
0.00625415
0.00632327
0.00638366
0.00643657
0.00650341
0.00658344
0.00665841
0.00672823
0.00679284
0.00685217
0.0069062
0.00695555
0.00700046
0.00704076
0.00707334
0.00710156
0.00713012
0.00715865
0.00718678
0.0072142
0.00724059
0.00726421
0.00728305
0.00729715
0.00730737
0.00731441
0.007319
0.00732169
0.00732302
0.00732265
0.00732047
0.00731662
0.00731139
0.0073041
0.00729418
0.00728088
0.0072635
0.00724114
0.00721382
0.00718373
)
;
    }
    splitter
    {
        type            compressible::alphatWallFunction;
        Prt             0.85;
        value           nonuniform List<scalar> 0();
    }
    fuel_inlet
    {
        type            calculated;
        value           nonuniform List<scalar> 9(0.00561796 0.00561835 0.00561866 0.00561884 0.005619 0.00561914 0.00561929 0.0056194 0.00562019);
    }
    back
    {
        type            compressible::alphatWallFunction;
        Prt             0.85;
        value           uniform 0;
    }
    sides
    {
        type            compressible::alphatWallFunction;
        Prt             0.85;
        value           uniform 0;
    }
    frontAndBack
    {
        type            empty;
    }
    procBoundary2to1
    {
        type            processor;
        value           nonuniform List<scalar> 
71
(
2.46267e-05
0.0010649
0.00019805
0.000661033
0.000245695
0.000523723
0.000263995
0.000483102
0.000261089
0.000458088
0.000259833
0.000473488
0.000324482
0.000518596
0.000622438
0.000602617
0.00133665
0.000708436
0.00241148
0.000825454
0.00355567
0.000948152
0.00453059
0.00107572
0.00523393
0.00120119
0.00567484
0.00132098
0.00586371
0.00142453
0.00590421
0.00150891
0.00585186
0.00158392
0.0057187
0.0016654
0.0055203
0.00174074
0.00525706
0.00180454
0.00494704
0.00185259
0.00461279
0.00188823
0.00430256
0.00191144
0.00402495
0.00191233
0.00376942
0.00189912
0.00353083
0.00187268
0.00328719
0.00184173
0.00303741
0.00181229
0.00280436
0.00178438
0.00259225
0.00176651
0.00241018
0.00175874
0.00225664
0.0017665
0.00213641
0.00178813
0.00204108
0.00182251
0.00196464
0.00187124
0.00187124
)
;
    }
    procBoundary2to3
    {
        type            processor;
        value           nonuniform List<scalar> 
83
(
6.81509e-06
0.000166805
0.000447164
0.000761682
0.00109155
0.00142989
0.00177265
0.00211644
0.00245739
0.00279164
0.00311495
0.0034226
0.00370949
0.00397031
0.00420008
0.00439486
0.00455262
0.00469877
0.00480174
0.00486486
0.00491335
0.00496443
0.00502687
0.00510273
0.00519025
0.0052863
0.00538775
0.00549203
0.00559714
0.00570153
0.00580399
0.0059036
0.00599978
0.00609215
0.0061805
0.00626494
0.0063475
0.0064258
0.00648686
0.00654858
0.00660405
0.00664811
0.00668114
0.00670297
0.0067141
0.0067141
0.00658651
0.00644077
0.00630791
0.00633547
0.00635892
0.00637931
0.00639816
0.00641735
0.00641735
0.00632497
0.00622971
0.00619524
0.00625395
0.00631158
0.00636971
0.00642974
0.00649223
0.0065574
0.00662588
0.00669835
0.00677576
0.00685911
0.00694935
0.00704705
0.00715092
0.00725663
0.00735895
0.00745173
0.00753282
0.0075972
0.00764596
0.00766009
0.0076491
0.00758588
0.00749484
0.00736066
0.00715523
)
;
    }
}


// ************************************************************************* //
