/*--------------------------------*- C++ -*----------------------------------*\
  =========                 |
  \\      /  F ield         | OpenFOAM: The Open Source CFD Toolbox
   \\    /   O peration     | Website:  https://openfoam.org
    \\  /    A nd           | Version:  8
     \\/     M anipulation  |
\*---------------------------------------------------------------------------*/
FoamFile
{
    version     2.0;
    format      ascii;
    class       volScalarField;
    location    "0.05";
    object      k;
}
// * * * * * * * * * * * * * * * * * * * * * * * * * * * * * * * * * * * * * //

dimensions      [0 2 -2 0 0 0 0];

internalField   nonuniform List<scalar> 
3919
(
1.3532
0.969418
4.66983
1.36481
1.04378
0.8864
4.15557
4.68178
1.37441
1.09912
0.962974
0.868487
3.32937
4.22782
4.68696
1.38186
1.16861
1.0386
0.917088
0.857917
2.40305
3.44327
4.29293
4.68596
1.38779
1.2606
1.11208
0.964506
0.888473
0.853565
1.59674
2.52443
3.55394
4.35593
4.68027
1.39267
1.39213
1.18322
1.01067
0.920798
0.874228
0.852202
1.11534
1.68803
2.65028
3.66805
4.40992
4.66958
1.39356
1.56174
1.25372
1.05654
0.953481
0.895573
0.868797
0.852233
0.993279
1.16982
1.78868
2.78616
3.77564
4.46332
4.64977
1.39306
1.75939
1.32471
1.10267
0.98559
0.916664
0.884657
0.868548
0.865824
1.06326
1.02929
1.23063
1.9029
2.92401
3.88607
4.50472
4.62664
1.39057
1.98877
1.39729
1.14903
1.01668
0.936986
0.899179
0.883127
0.889726
0.844698
1.21145
1.09176
1.06716
1.30037
2.02704
3.06876
3.98932
4.54224
4.59777
1.38768
2.1726
1.47651
1.19537
1.04676
0.956492
0.912455
0.895697
0.903992
0.858186
0.671822
1.40379
1.23655
1.1204
1.10788
1.37836
2.16454
3.21353
4.0895
4.57122
4.56847
1.38242
2.31761
1.55954
1.24188
1.07617
0.97547
0.925008
0.906938
0.916616
0.898372
1.26613
0.982917
1.64643
1.42604
1.26083
1.14952
1.15148
1.46784
2.31074
3.36114
4.18024
4.59876
4.5336
1.37746
2.42798
1.64125
1.28882
1.10558
0.994477
0.937443
0.917975
0.933483
0.993703
2.60213
2.04526
0.886069
1.95985
1.66542
1.44721
1.28438
1.17921
1.19947
1.56734
2.46893
3.50345
4.26762
4.61764
4.49891
1.37099
2.51161
1.71802
1.33642
1.1357
1.01421
0.950775
0.929308
0.959951
1.17956
4.75551
2.4961
2.05422
0.804625
2.3747
1.97459
1.68296
1.46737
1.30732
1.2101
1.25189
1.68092
2.63174
3.64553
4.34295
4.63424
4.46079
1.36192
2.57078
1.78847
1.38483
1.1672
1.03512
0.965284
0.943781
0.996058
1.46161
7.10351
3.02717
2.5607
1.96397
0.760126
2.88121
2.38344
1.98737
1.69921
1.4866
1.3297
1.24218
1.31122
1.80593
2.80229
3.7784
4.41418
4.64342
4.4176
1.35221
2.61534
1.85313
1.43423
1.2007
1.05753
0.982139
0.959314
1.04563
1.89242
9.53238
3.77762
2.89585
2.54097
1.89274
0.701752
3.44797
2.8812
2.38967
1.9985
1.71427
1.50492
1.35175
1.27543
1.37746
1.94565
2.97288
3.90662
4.47448
4.64307
4.37354
1.34164
2.64755
1.91428
1.48449
1.23632
1.08229
0.999892
0.981456
1.12366
2.39919
11.4705
4.74005
3.21334
2.90781
2.46847
1.79638
0.635135
4.08868
3.43826
2.87923
2.39382
2.008
1.72813
1.52237
1.37399
1.31038
1.45289
2.09716
3.14426
4.02619
4.5241
4.63914
4.32817
1.32902
2.67036
1.97144
1.53564
1.27396
1.10868
1.02183
1.00669
1.23368
3.19616
12.6555
5.81345
3.57308
3.18733
2.8573
2.36353
1.67945
0.558967
4.79822
4.06404
3.42406
2.87417
2.39543
2.01589
1.7409
1.53916
1.39644
1.34786
1.53845
2.26054
3.3125
4.13554
4.56538
4.63009
4.27884
1.31644
2.02517
2.69151
1.58615
1.31224
1.13828
1.04579
1.05323
1.41163
4.05093
13.2951
6.82622
3.99856
3.43383
3.15864
2.75636
2.22843
1.54099
0.483403
5.56821
4.75478
4.03478
3.40637
2.86559
2.39499
2.02256
1.75272
1.55531
1.41907
1.38894
1.63542
2.43362
3.47542
4.23309
4.59989
4.61289
4.2299
1.30094
1.63608
2.08375
2.70651
1.34968
1.16904
1.07636
1.1201
1.73971
5.6462
13.4656
7.69322
4.47374
3.67975
3.40883
3.07177
2.61502
2.06527
1.39736
0.414028
6.38688
5.5021
4.70665
4.00161
3.38536
2.85453
2.39332
2.02798
1.76349
1.57092
1.44276
1.43431
1.74556
2.61389
3.62914
4.32259
4.62321
4.5937
4.17572
1.2839
1.38615
1.69284
2.14101
2.71544
1.20259
1.11551
1.22297
2.17952
7.32009
13.3958
8.4226
4.96984
3.93745
3.62944
3.34089
2.93305
2.43941
1.89326
1.25906
0.350592
7.237
6.29482
5.43182
4.65471
3.96507
3.36154
2.84139
2.3897
2.03203
1.77334
1.58601
1.4675
1.48569
1.86941
2.79691
3.77588
4.39764
4.642
4.56539
4.11885
1.26665
1.24764
1.42888
1.7481
2.1847
2.71687
1.16755
1.41337
2.89763
9.05889
13.2035
9.02754
5.46808
4.21167
3.83631
3.57769
3.21275
2.7527
2.25138
1.72573
1.12608
0.292222
8.04639
7.11542
6.19927
5.3581
4.59964
3.92565
3.33531
2.82631
2.38443
2.03494
1.78236
1.60016
1.49462
1.54428
2.00696
2.98215
3.90918
4.46329
4.64808
4.53133
4.06171
1.24824
1.26057
1.29874
1.48084
1.78808
2.21493
2.71628
1.71315
4.01132
10.5529
13.0229
9.51406
5.95618
4.50197
4.03979
3.79108
3.46626
3.03453
2.55561
2.06675
1.56343
0.996893
0.237436
8.70776
7.89127
6.99131
6.10106
5.28173
4.54196
3.88388
3.30699
2.80946
2.37786
2.03681
1.79012
1.61377
1.52314
1.61191
2.15936
3.16239
4.0331
4.51465
4.64574
4.49464
4.0026
1.22699
2.23642
1.41929
1.38016
1.54209
1.81839
2.23784
2.71395
5.4736
11.5607
12.9377
9.90812
6.43601
4.80644
4.24646
3.98819
3.69925
3.29691
2.83402
2.36022
1.88731
1.40522
0.868161
0.184633
9.13056
8.51654
7.73518
6.86561
6.00098
5.20334
4.4822
3.84011
3.27686
2.79105
2.37002
2.03702
1.79699
1.62743
1.55368
1.69035
2.32322
3.33862
4.14276
4.5538
4.63788
4.45325
3.93808
1.20495
7.07628
3.06585
1.8117
1.50501
1.61104
1.8622
2.24994
2.70816
12.1974
12.8821
10.2555
6.90871
5.12625
4.45924
4.17532
3.91493
3.54498
3.09845
2.63256
2.16965
1.71255
1.24794
0.735189
0.14113
9.23779
8.90689
8.3274
7.57917
6.73913
5.89972
5.12348
4.42081
3.79467
3.2451
2.77121
2.36075
2.03654
1.80302
1.64175
1.58726
1.78076
2.4981
3.50574
4.23838
4.58369
4.62188
4.40256
3.87246
1.18402
12.4372
8.90465
4.68115
2.46534
1.73296
1.7095
1.91408
2.2618
2.70569
12.8266
10.5485
7.38431
5.46557
4.68138
4.35811
4.11587
3.78062
3.35418
2.89523
2.43498
1.98421
1.53999
1.08693
0.604384
0.13841
9.01828
8.99711
8.69036
8.14139
7.4241
6.61257
5.79781
5.04258
4.35813
3.74776
3.21191
2.74996
2.35032
2.03508
1.80822
1.65639
1.6254
1.88488
2.68064
3.66118
4.32102
4.60372
4.59278
4.34818
3.80954
1.16146
12.715
12.4688
10.2984
6.52245
3.51836
2.16259
1.83826
1.9913
2.28668
2.70247
10.7947
7.86871
5.83073
4.91801
4.54143
4.30481
4.00419
3.60307
3.15361
2.69416
2.24264
1.80228
1.36584
0.929197
0.55621
0.141098
8.49904
8.78898
8.76966
8.48158
7.95923
7.27072
6.48645
5.69565
4.96097
4.29437
3.69958
3.17737
2.7274
2.33873
2.03209
1.81287
1.67259
1.66954
2.00418
2.86599
3.80422
4.39064
4.60655
4.55771
4.29469
3.74387
1.13792
10.9759
12.5216
12.4438
11.0177
8.04979
4.75896
2.72484
2.05696
2.07991
2.32821
2.70507
8.34308
6.22821
5.17514
4.72937
4.48494
4.21567
3.84504
3.40985
2.95253
2.49789
2.05483
1.62099
1.19995
0.864123
0.604318
0.184787
7.77019
8.30693
8.57669
8.55494
8.28065
7.78154
7.11943
6.36114
5.59352
4.87883
4.22968
3.65021
3.14152
2.70355
2.32581
2.02809
1.81649
1.69084
1.72157
2.13878
3.05025
3.93419
4.44119
4.60203
4.52066
4.23488
3.67697
1.1162
8.78211
11.1016
12.3064
12.383
11.3674
9.1189
6.01924
3.5419
2.39021
2.19945
2.39382
2.7173
6.657
5.45998
4.92667
4.6599
4.41522
4.07885
3.66407
3.21252
2.75513
2.30673
1.86958
1.45383
1.13019
0.92917
0.735653
0.23784
6.95124
7.63459
8.13341
8.37951
8.35196
8.08772
7.60834
6.9705
6.23683
5.49154
4.79625
4.16411
3.59968
3.10437
2.6784
2.31166
2.02294
1.81939
1.71193
1.78381
2.28788
3.23021
4.04556
4.47689
4.59097
4.47353
4.17065
3.61491
1.09406
7.10876
9.23234
11.1703
12.1604
12.3097
11.5668
9.8139
7.0981
4.41684
2.82349
2.36773
2.4706
2.74403
5.77889
5.13924
4.83398
4.60371
4.30273
3.91483
3.47456
3.01694
2.56284
2.1196
1.7044
1.38435
1.19999
1.08761
0.869362
0.293053
6.14185
6.87873
7.51669
7.97546
8.19532
8.16005
7.90199
7.43972
6.82404
6.11355
5.38971
4.71319
4.09763
3.54797
3.06592
2.65191
2.29622
2.0167
1.82204
1.73489
1.85787
2.44965
3.39982
4.13927
4.50423
4.56572
4.41891
4.11006
3.55321
1.07206
6.13487
7.65042
9.63595
11.2344
12.0819
12.2769
11.7059
10.2371
7.88067
5.26867
3.34063
2.59262
2.56083
2.78909
5.37456
5.01247
4.78301
4.51505
4.15963
3.73749
3.28408
2.82577
2.37547
1.95824
1.63749
1.45397
1.36671
1.24965
0.999044
5.41132
6.12691
6.82228
7.41243
7.83012
8.02283
7.97729
7.72329
7.27545
6.67984
5.99119
5.28791
4.62956
4.03017
3.49502
3.02614
2.62411
2.27954
2.00937
1.82569
1.76167
1.94466
2.62176
3.55345
4.22076
4.51109
4.52971
4.36596
4.04728
3.49281
1.05036
5.63972
6.6009
8.21159
9.9683
11.3244
12.0817
12.2834
11.8014
10.5089
8.44655
5.98167
3.87676
2.85767
2.67765
2.8428
5.20098
4.95629
4.71491
4.3954
3.99871
3.55575
3.09657
2.63976
2.21924
1.89506
1.70465
1.62207
1.54215
1.40819
4.79821
5.44141
6.12765
6.7761
7.31872
7.69563
7.85929
7.8034
7.55075
7.11501
6.53766
5.86953
5.18595
4.54522
3.96161
3.44077
2.98498
2.59507
2.26161
2.00127
1.83059
1.79336
2.04746
2.79458
3.69628
4.27858
4.5063
4.49239
4.3079
3.98365
3.43439
1.02977
5.40633
5.99872
7.14839
8.70983
10.2726
11.458
12.1252
12.3138
11.8722
10.6979
8.82738
6.52352
4.37568
3.15272
2.81552
2.91238
5.12806
4.90265
4.61914
4.25455
3.82959
3.37481
2.91373
2.48987
2.16052
1.95862
1.8709
1.80484
1.71619
4.30955
4.85816
5.48642
6.13448
6.73829
7.23373
7.5686
7.7048
7.63646
7.38347
6.95796
6.39715
5.74828
5.08362
4.45997
3.89183
3.38516
2.94251
2.56479
2.24249
1.99311
1.83737
1.83296
2.16261
2.97024
3.81689
4.31815
4.49506
4.44623
4.24649
3.92058
3.37943
1.00883
5.3042
5.68125
6.45364
7.67667
9.16715
10.5746
11.6218
12.2166
12.3687
11.9329
10.8283
9.09029
6.9216
4.79746
3.431
2.97577
2.99585
5.08032
4.82866
4.50076
4.10186
3.65853
3.19735
2.77152
2.43621
2.21975
2.12116
2.05779
1.98845
3.93727
4.3874
4.93359
5.53902
6.14962
6.70707
7.15402
7.44996
7.55625
7.47553
7.22084
6.80378
6.25794
5.62718
4.98064
4.37363
3.82074
3.3282
2.89875
2.53332
2.22269
1.98394
1.84775
1.88095
2.2935
3.13764
3.91518
4.34869
4.47075
4.39359
4.18404
3.86037
3.32427
0.989681
5.25192
5.52955
6.03634
6.92621
8.18598
9.60102
10.8783
11.8119
12.33
12.4368
11.9815
10.9134
9.25775
7.19556
5.10219
3.68289
3.13116
3.09096
3.66682
5.02332
4.73325
4.36769
3.94418
3.48911
3.0644
2.7235
2.49052
2.37728
2.31008
2.24742
4.02588
4.48252
5.0199
5.59903
6.17024
6.67916
7.08046
7.3348
7.41367
7.31995
7.06222
6.65206
6.11971
5.50589
4.8768
4.28607
3.74829
3.2699
2.85379
2.501
2.2019
1.97442
1.86122
1.94012
2.43598
3.28944
4.00194
4.35792
4.43614
4.33795
4.12333
3.79855
3.27357
0.969568
5.20465
5.45822
5.8115
6.423
7.40753
8.6791
10.019
11.1843
12.0142
12.4555
12.5037
12.0144
10.9518
9.35366
7.34632
5.32933
3.88144
3.27876
3.19585
3.40385
3.76318
4.94901
4.62174
4.22672
3.78583
3.36725
3.02264
2.77232
2.64182
2.56656
2.5032
4.13349
4.59219
5.11543
5.66494
6.19319
6.65507
7.00889
7.22477
7.27641
7.16906
6.90723
6.50249
5.98217
5.38423
4.77196
4.19723
3.67452
3.21039
2.80791
2.46774
2.18053
1.96641
1.87676
2.01181
2.58298
3.43234
4.06348
4.35395
4.39598
4.28206
4.05933
3.74197
3.22119
0.950579
5.14707
5.41198
5.69896
6.11966
6.83532
7.89154
9.15724
10.4235
11.4868
12.2187
12.5787
12.559
12.0187
10.9475
9.36534
7.42467
5.46483
4.04484
3.41675
3.30999
3.5107
3.87952
4.85913
4.50008
4.0826
3.67703
3.33237
3.06534
2.91604
2.82985
2.76092
4.25903
4.71431
5.21886
5.73413
6.21885
6.63243
6.94093
7.11962
7.14399
7.02275
6.7557
6.35484
5.84517
5.26208
4.66608
4.10717
3.59956
3.14994
2.76118
2.43407
2.15908
1.95904
1.89797
2.09491
2.73667
3.55382
4.10623
4.34093
4.35228
4.22071
4.00083
3.68337
3.1709
0.931683
5.07663
5.36691
5.63581
5.95322
6.45643
7.26623
8.37298
9.62
10.8131
11.7792
12.4147
12.6876
12.5923
12.0006
10.9081
9.33216
7.41868
5.54923
4.17648
3.54647
3.43528
3.63729
4.0162
4.75801
4.37299
3.98872
3.64959
3.36833
3.1999
3.10099
3.02318
4.40062
4.84757
5.32801
5.80667
6.24627
6.61225
6.87743
7.01902
7.01686
6.88107
6.60753
6.20915
5.70874
5.13952
4.55929
4.01605
3.5237
3.08875
2.71411
2.40006
2.1375
1.95586
1.92595
2.19256
2.8864
3.65386
4.13421
4.31917
4.30022
4.16442
3.94022
3.62792
3.1198
0.913669
4.99533
5.31493
5.58961
5.85883
6.23027
6.8187
7.70811
8.84697
10.0653
11.184
12.0542
12.5906
12.7726
12.5997
11.9524
10.8179
9.23551
7.37334
5.58057
4.28024
3.67492
3.57369
3.78581
4.17201
4.64982
4.2954
3.96906
3.67824
3.49189
3.37955
3.29074
4.55698
4.99005
5.44278
5.88245
6.27618
6.59654
6.81832
6.92494
6.89686
6.74431
6.46315
6.06563
5.57308
5.01674
4.45182
3.92424
3.44729
3.02733
2.66696
2.36598
2.11669
1.95675
1.96238
2.30104
3.02662
3.73614
4.14991
4.28571
4.25183
4.10598
3.88356
3.57189
3.07083
0.896607
4.90628
5.25455
5.54635
5.79755
6.0955
6.53216
7.20034
8.15359
9.30891
10.4898
11.5309
12.3036
12.737
12.8285
12.5814
11.8614
10.6751
9.08108
7.27068
5.57465
4.37058
3.80709
3.73099
3.95633
4.34588
4.58903
4.28351
3.99005
3.78882
3.66355
3.56278
4.7265
5.14158
5.56339
5.96207
6.31135
6.58555
6.7672
6.83734
6.78401
6.61333
6.3229
5.92463
5.43855
4.89412
4.34415
3.83221
3.37087
2.96609
2.62016
2.3324
2.09735
1.96066
2.00905
2.41852
3.15404
3.80275
4.14863
4.25329
4.20104
4.05203
3.82629
3.52024
3.02276
0.875938
4.86164
5.18689
5.50045
5.7503
6.00909
6.35257
6.85591
7.59405
8.59596
9.75414
10.8889
11.8478
12.5197
12.8497
12.8532
12.5242
11.7222
10.4817
8.88427
7.13187
5.55528
4.45494
3.95449
3.90967
4.1485
4.5367
4.58438
4.29686
4.08578
3.94945
3.83696
4.90908
5.30238
5.69027
6.04852
6.35233
6.58459
6.72356
6.75706
6.67891
6.48847
6.18718
5.78659
5.30556
4.77226
4.23687
3.74058
3.295
2.90562
2.57412
2.30018
2.07841
1.96926
2.06728
2.53846
3.27087
3.84734
4.14401
4.21785
4.15486
3.99701
3.77551
3.46989
2.96837
0.860102
4.8633
5.15569
5.45031
5.70778
5.94799
6.23506
6.63049
7.19585
7.99261
9.02916
10.1777
11.2574
12.1283
12.6974
12.9274
12.8394
12.4169
11.5327
10.2438
8.65307
6.9817
5.52902
4.55423
4.12121
4.11157
4.3623
4.74459
4.59061
4.37635
4.23222
4.10952
5.10465
5.47238
5.82601
6.14225
6.40369
6.5903
6.68859
6.68633
6.58137
6.36991
6.05636
5.6518
5.17475
4.6518
4.13071
3.65005
3.2204
2.84636
2.52976
2.26875
2.06417
1.98331
2.13416
2.66327
3.3666
3.88429
4.13387
4.1865
4.10656
3.95048
3.72621
3.41486
2.92433
0.818173
4.86334
5.16063
5.42835
5.66576
5.89967
6.15369
6.47919
6.92567
7.54542
8.38944
9.44754
10.5744
11.5899
12.3681
12.8336
12.9641
12.7803
12.258
11.2951
9.96811
8.40573
6.83167
5.52824
4.67113
4.31172
4.33986
4.59844
4.96906
4.65336
4.50577
4.3756
5.31243
5.65341
5.97047
6.2465
6.46327
6.6054
6.66343
6.62593
6.49112
6.25773
5.93026
5.52068
5.04669
4.53351
4.02647
3.5615
3.14767
2.78929
2.48702
2.24027
2.05349
2.00373
2.21354
2.7808
3.45201
3.91259
4.1266
4.15122
4.06842
3.90539
3.67368
3.36614
2.82359
4.90998
5.15751
5.43315
5.64811
5.85747
6.09327
6.37417
6.74006
7.23271
7.89833
8.77857
9.84557
10.9387
11.8817
12.5654
12.9254
12.9538
12.6658
12.0473
11.0142
9.66854
8.15673
6.70914
5.54588
4.81496
4.53343
4.59663
4.85571
5.20848
4.76387
4.62987
5.53316
5.84422
6.1251
6.35899
6.53081
6.63015
6.64579
6.57253
6.40762
6.15083
5.80876
5.39348
4.92201
4.41825
3.92514
3.47564
3.07781
2.73471
2.44697
2.21399
2.04895
2.03303
2.29881
2.89441
3.52663
3.9424
4.11277
4.12702
4.03163
3.85842
3.62364
3.25389
5.00137
5.19078
5.4303
5.65228
5.83973
6.04496
6.2981
6.61016
7.01356
7.54593
8.24882
9.15446
10.2178
11.266
12.1308
12.7173
12.9686
12.8927
12.4964
11.7876
10.7007
9.35984
7.93264
6.61408
5.60005
4.99901
4.78809
4.87682
5.13123
5.46236
4.86746
5.76421
6.04416
6.28657
6.47717
6.60508
6.65954
6.63406
6.52466
6.32842
6.04814
5.69155
5.27047
4.80146
4.30705
3.82756
3.39359
3.01138
2.68331
2.40967
2.19115
2.04979
2.06942
2.39007
3.00253
3.60215
3.96178
4.10962
4.10426
3.99408
3.80959
3.50376
5.08516
5.26079
5.45437
5.65012
5.84286
6.02383
6.24023
6.51696
6.85883
7.29472
7.86004
8.59167
9.51188
10.5593
11.5533
12.3348
12.82
12.9602
12.7713
12.2734
11.4871
10.3683
9.06811
7.7351
6.56622
5.70899
5.2207
5.074
5.17874
5.42282
5.72659
6.00269
6.24843
6.45051
6.59778
6.67999
6.69055
6.62481
6.47824
6.25122
5.94881
5.57833
5.15212
4.68599
4.20074
3.73494
3.31602
2.94903
2.63559
2.37568
2.17105
2.05371
2.11296
2.48656
3.115
3.66503
3.98965
4.10883
4.08123
3.94946
3.6855
5.32369
5.50685
5.66992
5.84178
6.02551
6.21363
6.44802
6.74827
7.11592
7.57873
8.17027
8.92209
9.84602
10.8665
11.7983
12.4912
12.8666
12.8976
12.5925
12.003
11.158
10.0431
8.79394
7.5869
6.57635
5.85865
5.48042
5.3857
5.49846
5.72423
5.9961
6.24234
6.45123
6.61095
6.71352
6.75105
6.71916
6.6124
6.42966
6.17495
5.85187
5.46925
5.03917
4.57627
4.10064
3.64799
3.24374
2.89138
2.59183
2.34417
2.15503
2.06098
2.16522
2.59432
3.21939
3.73172
4.02272
4.10669
4.04522
3.82599
5.5553
5.7143
5.86168
6.02588
6.21349
6.41488
6.66797
6.98842
7.37706
7.86127
8.47231
9.23566
10.153
11.1366
11.9987
12.5963
12.8566
12.7715
12.3607
11.6949
10.8235
9.71938
8.56553
7.49643
6.6307
6.05654
5.76768
5.71617
5.82681
6.02618
6.26245
6.47532
6.64447
6.76156
6.81939
6.8137
6.73859
6.59212
6.3784
6.09804
5.75724
5.36478
4.93207
4.4737
4.00743
3.56774
3.17732
2.8387
2.551
2.31665
2.14105
2.07407
2.22845
2.70709
3.3241
3.80875
4.052
4.08675
3.92967
5.75938
5.90623
6.04916
6.21565
6.41261
6.62788
6.8971
7.23341
7.63825
8.13847
8.76224
9.52859
10.4297
11.3674
12.1515
12.6462
12.789
12.5877
12.083
11.3688
10.4794
9.4361
8.38985
7.4626
6.74596
6.2879
6.07526
6.05325
6.15659
6.32237
6.51976
6.69517
6.8225
6.89572
6.91045
6.86047
6.74367
6.5649
6.32241
6.02046
5.66528
5.26523
4.83228
4.37887
3.92236
3.49463
3.11721
2.78974
2.51491
2.28976
2.13257
2.09249
2.30411
2.82262
3.44288
3.88181
4.05244
3.98917
5.95714
6.09983
6.24438
6.41686
6.62324
6.85005
7.13167
7.47948
7.89599
8.40687
9.0366
9.79779
10.6736
11.5559
12.253
12.6374
12.6603
12.3516
11.7763
11.0263
10.1635
9.19584
8.27036
7.48257
6.89943
6.54454
6.38999
6.38614
6.47542
6.60405
6.75833
6.89319
6.97817
7.0089
6.97906
6.88772
6.73749
6.52838
6.26198
5.94271
5.57627
5.17217
4.74034
4.29329
3.8457
3.42941
3.06192
2.74671
2.47907
2.26719
2.12593
2.12033
2.38641
2.95802
3.56257
3.92339
3.98569
6.16286
6.30463
6.4521
6.62981
6.84288
7.07783
7.36807
7.72336
8.14718
8.6634
9.2925
10.0407
10.8821
11.699
12.2993
12.5675
12.4744
12.0765
11.4446
10.6953
9.87896
9.00547
8.20354
7.54745
7.0845
6.81164
6.69992
6.7029
6.77089
6.86062
6.97004
7.06407
7.10738
7.09375
7.02334
6.89745
6.71761
6.48339
6.19811
5.86514
5.49205
5.08621
4.65801
4.21697
3.77851
3.37025
3.01388
2.70414
2.44839
2.2423
2.12649
2.15393
2.49042
3.10369
3.66601
3.89091
6.38332
6.52342
6.67196
6.85194
7.06807
7.30777
7.60316
7.9622
8.38908
8.9054
9.52747
10.2547
11.052
11.7925
12.2893
12.4339
12.2415
11.7676
11.1102
10.3847
9.63487
8.86354
8.18552
7.65098
7.28524
7.07654
6.99286
6.99281
7.03481
7.08441
7.15072
7.20387
7.20338
7.15018
7.046
6.88955
6.68535
6.43175
6.13124
5.7901
5.4134
5.00936
4.58508
4.15131
3.71855
3.31977
2.96694
2.66804
2.41301
2.22472
2.12815
2.20201
2.61289
3.25688
3.67462
6.61926
6.75467
6.90104
7.07971
7.29542
7.53684
7.83421
8.19349
8.61929
9.13062
9.73902
10.4369
11.1797
11.8332
12.2204
12.2476
11.9664
11.4423
10.7849
10.1044
9.43236
8.76802
8.20321
7.77512
7.48883
7.32679
7.25854
7.2477
7.26053
7.27285
7.29663
7.30678
7.26773
7.18195
7.04504
6.86817
6.64366
6.37378
6.06441
5.71861
5.34266
4.94131
4.5233
4.0936
3.66855
3.27106
2.92787
2.62549
2.38722
2.20262
2.13455
2.26519
2.76071
3.32877
6.86791
6.9948
7.1356
7.30968
7.52197
7.76242
8.05885
8.41503
8.83572
9.33667
9.92429
10.5836
11.2599
11.8179
12.0913
12.0156
11.6628
11.1137
10.4794
9.85791
9.27134
8.70945
8.24851
7.9083
7.68257
7.55246
7.48908
7.462
7.4474
7.42256
7.40307
7.37563
7.30518
7.18571
7.0318
6.8339
6.59234
6.3135
5.99892
5.65334
5.27951
4.88413
4.46946
4.04662
3.62078
3.23157
2.88076
2.59505
2.34973
2.18931
2.14794
2.35006
2.88294
7.12505
7.23986
7.37208
7.53882
7.74518
7.98225
8.275
8.62491
9.03617
9.52088
10.0798
10.6901
11.2887
11.7463
11.906
11.7448
11.3431
10.7931
10.1995
9.6472
9.14592
8.68016
8.30903
8.03766
7.85684
7.74597
7.6797
7.63614
7.59277
7.53037
7.47382
7.41598
7.31177
7.17675
7.00308
6.78707
6.53674
6.25242
5.93782
5.59414
5.22635
4.83417
4.42634
4.00173
3.58312
3.18244
2.84789
2.54731
2.32336
2.17343
2.17537
2.4577
7.38635
7.48612
7.60733
7.76453
7.96285
8.19434
8.48084
8.82103
9.21803
9.67977
10.2011
10.7486
11.2647
11.6173
11.6739
11.4461
11.019
10.4883
9.9492
9.46952
9.05
8.66998
8.37168
8.15403
8.00428
7.90304
7.83143
7.76858
7.69533
7.60106
7.51494
7.42376
7.30476
7.15221
6.95886
6.73439
6.47842
6.19393
5.88113
5.54366
5.17918
4.79423
4.38451
3.967
3.53397
3.14897
2.79274
2.51387
2.2831
2.17119
2.22243
7.64788
7.73032
7.83864
7.98453
8.17301
8.39692
8.67443
9.00087
9.37795
9.80891
10.2798
10.7593
11.1858
11.4353
11.4042
11.1306
10.6997
10.2053
9.72854
9.32074
8.9757
8.66797
8.42817
8.25035
8.12096
8.02478
7.94371
7.85938
7.7605
7.64108
7.52266
7.41734
7.28251
7.10914
6.90759
6.6774
6.42109
6.13829
5.83176
5.49767
5.14085
4.75425
4.35202
3.91864
3.5008
3.08817
2.75426
2.45829
2.2627
2.16502
7.90612
7.96961
8.06361
8.19678
8.3739
8.58825
8.85328
9.16122
9.51154
9.90104
10.3123
10.719
11.0509
11.2069
11.1073
10.8084
10.3931
9.94696
9.53552
9.19509
8.91423
8.66623
8.47193
8.32279
8.20745
8.11127
8.01716
7.914
7.79463
7.64749
7.51595
7.3957
7.23964
7.05807
6.85077
6.62005
6.36524
6.08858
5.78533
5.45913
5.10086
4.72219
4.30353
3.88489
3.43509
3.04586
2.68594
2.42694
2.21828
8.15798
8.20144
8.28011
8.39949
8.56388
8.76573
9.01429
9.29773
9.61223
9.94803
10.2995
10.6234
10.8647
10.9404
10.7932
10.4888
10.1044
9.71361
9.36638
9.0857
8.85875
8.65901
8.49911
8.37117
8.26438
8.16307
8.05703
7.93828
7.79693
7.6395
7.49364
7.35233
7.18795
7.00058
6.7925
6.56301
6.31404
6.04037
5.74493
5.41726
5.06713
4.67174
4.26758
3.81438
3.38879
2.96516
2.64529
2.35271
8.40064
8.42353
8.48623
8.59094
8.74024
8.92635
9.15319
9.40429
9.67
9.95366
10.2334
10.4741
10.6337
10.6457
10.4721
10.1793
9.83679
9.50377
9.21603
8.98676
8.804
8.64227
8.50876
8.39671
8.29166
8.18505
8.06869
7.93493
7.78515
7.61495
7.44929
7.29948
7.12921
6.94079
6.7336
6.50952
6.26308
5.99688
5.69968
5.37999
5.01282
4.63205
4.19088
3.76241
3.29486
2.91493
2.54716
8.6316
8.63384
8.68001
8.76842
8.89998
9.06583
9.26419
9.47028
9.68757
9.90935
10.1131
10.2763
10.3665
10.3335
10.1533
9.88557
9.59106
9.31438
9.07978
8.89367
8.74653
8.61504
8.5027
8.39793
8.29402
8.18294
8.05801
7.91641
7.75515
7.56876
7.39496
7.23914
7.06752
6.87963
6.67734
6.45522
6.21571
5.94723
5.65755
5.32039
4.96801
4.54696
4.13178
3.65407
3.23381
2.79192
8.84861
8.83019
8.85883
8.92888
9.0388
9.17854
9.33668
9.49593
9.6593
9.811
9.94246
10.0373
10.0737
10.0144
9.84398
9.61083
9.36636
9.14208
8.95369
8.80333
8.68516
8.57822
8.47926
8.38159
8.27795
8.16208
8.02991
7.87933
7.70546
7.51201
7.33281
7.17535
7.0039
6.82037
6.61944
6.40358
6.16113
5.89949
5.59184
5.26935
4.87283
4.47989
4.00782
3.58068
3.08272
9.04934
9.00997
9.01954
9.06803
9.15103
9.25399
9.36822
9.47947
9.57737
9.66167
9.72789
9.76705
9.76638
9.698
9.54982
9.35695
9.16093
8.98386
8.83497
8.71441
8.61988
8.53022
8.44177
8.3482
8.2435
8.12341
7.98543
7.82516
7.64476
7.44714
7.26685
7.10922
6.94159
6.75881
6.56345
6.34394
6.10755
5.82738
5.53367
5.1635
4.79741
4.33945
3.92153
3.39854
9.23103
9.16981
9.15777
9.18018
9.22623
9.28797
9.36052
9.40978
9.4442
9.4668
9.47839
9.47658
9.45526
9.39201
9.27384
9.12421
8.97329
8.83739
8.72222
8.62636
8.54941
8.47342
8.39251
8.30114
8.19499
8.07121
7.9258
7.75983
7.57577
7.37807
7.19823
7.04393
6.87649
6.69859
6.49887
6.28462
6.02913
5.76183
5.41791
5.07961
4.64048
4.24044
3.70807
9.39023
9.30528
9.26765
9.25476
9.25992
9.28458
9.30005
9.28876
9.26458
9.23471
9.20482
9.17717
9.14967
9.10224
9.01777
8.91087
8.80184
8.702
8.61489
8.53844
8.47503
8.40919
8.33323
8.24279
8.13478
8.00554
7.85538
7.68629
7.50233
7.30604
7.13012
6.97549
6.81229
6.62938
6.43415
6.20029
5.95646
5.63715
5.32541
4.90709
4.52946
3.9971
9.52237
9.41006
9.33847
9.28804
9.25675
9.22865
9.18814
9.12064
9.04624
8.97593
8.91859
8.87911
8.85706
8.83254
8.78335
8.71595
8.6442
8.57554
8.51153
8.4507
8.39772
8.33855
8.26541
8.17468
8.0629
7.92984
7.77708
7.60826
7.42573
7.23414
7.0586
6.90764
6.73885
6.55974
6.34444
6.12103
5.82387
5.53641
5.13891
4.78506
4.25844
9.62059
9.47363
9.36862
9.2837
9.20109
9.12136
9.02857
8.91269
8.79933
8.70178
8.63049
8.59103
8.58292
8.58515
8.57088
8.53936
8.49986
8.457
8.41181
8.36293
8.31738
8.26223
8.18993
8.09677
7.98202
7.84683
7.69449
7.52708
7.34894
7.15859
6.98743
6.83041
6.66482
6.46526
6.25928
5.98155
5.71561
5.3376
5.00694
4.48905
9.67521
9.49718
9.35907
9.22688
9.09429
8.9663
8.82826
8.67477
8.53508
8.42334
8.34986
8.31958
8.33092
8.36143
8.37986
8.38013
8.36786
8.34605
8.31525
8.27466
8.2337
8.18046
8.10652
8.01109
7.89461
7.75993
7.60894
7.44556
7.26837
7.08316
6.90684
6.75251
6.56618
6.37492
6.1139
5.86659
5.5061
5.19685
4.68882
9.68989
9.47797
9.29687
9.11885
8.93993
8.77019
8.59683
8.41799
8.26468
8.15041
8.08421
8.06951
8.10338
8.1616
8.20958
8.23701
8.247
8.24137
8.2207
8.18534
8.14632
8.09254
8.01671
7.91984
7.80388
7.67042
7.52303
7.36029
7.18779
6.99834
6.82559
6.6503
6.47137
6.22456
5.99311
5.64793
5.35774
4.85949
9.65797
9.40573
9.18349
8.96326
8.74471
8.54255
8.34527
8.1536
7.99826
7.89101
7.83904
7.84399
7.90126
7.98522
8.05875
8.10839
8.13548
8.14128
8.1271
8.09417
8.05462
7.99959
7.92239
7.82597
7.71103
7.58068
7.43354
7.27495
7.09798
6.91293
6.72035
6.55169
6.31687
6.09875
5.76669
5.49304
5.00387
9.57267
9.28258
9.02288
8.76689
8.51817
8.29427
8.08492
7.89194
7.74419
7.65122
7.61812
7.6446
7.72449
7.83108
7.92547
7.99206
8.03113
8.04424
8.03329
8.00041
7.95939
7.90324
7.82627
7.73058
7.61818
7.48764
7.34405
7.18071
7.00781
6.80404
6.61854
6.39379
6.18679
5.86583
5.60627
5.12513
9.43669
9.11293
8.82204
8.53936
8.2711
8.03668
7.82625
7.64169
7.50896
7.43531
7.42356
7.47163
7.57195
7.69708
7.80717
7.88542
7.93197
7.94871
7.9383
7.9044
7.86199
7.80592
7.72934
7.6355
7.52239
7.39473
7.24605
7.0864
6.89488
6.69841
6.45789
6.26012
5.94849
5.70076
5.22651
9.25505
8.90424
8.59081
8.29138
8.01475
7.78028
7.57821
7.40965
7.29723
7.24573
7.25593
7.32407
7.44145
7.58036
7.70087
7.78604
7.83609
7.85348
7.8422
7.80724
7.76453
7.7084
7.63307
7.53791
7.42691
7.29378
7.14835
6.97012
6.78506
6.53461
6.32123
6.01741
5.77954
5.31108
9.03573
8.66662
8.33982
8.0342
7.75959
7.53411
7.34786
7.20075
7.11172
7.0833
7.11436
7.19973
7.32996
7.47765
7.60379
7.69171
7.74204
7.75836
7.74587
7.7108
7.66764
7.61189
7.53471
7.44082
7.32392
7.19353
7.02948
6.85681
6.61804
6.39445
6.07498
5.84526
5.38159
8.78925
8.41063
8.08025
7.77827
7.51463
7.30537
7.14037
7.01796
6.95344
6.94729
6.99668
7.0955
7.23402
7.38591
7.51344
7.60072
7.64935
7.66397
7.65095
7.61554
7.57214
7.51375
7.43703
7.33675
7.22201
7.0729
6.91346
6.68731
6.47407
6.14419
5.90022
5.4405
8.96404
8.526
8.14733
7.82246
7.53258
7.28704
7.09933
6.95888
6.86244
6.82181
6.83557
6.89978
7.00782
7.15037
7.30236
7.42785
7.51232
7.55838
7.57171
7.55774
7.52195
7.47541
7.41646
7.33289
7.23413
7.10051
6.95496
6.74226
6.54016
6.21968
5.96642
5.48989
9.19118
8.69101
8.25695
7.8869
7.57532
7.30429
7.08213
6.91921
6.80471
6.73371
6.71473
6.74504
6.82003
6.9333
7.07607
7.22482
7.34598
7.42659
7.47023
7.4817
7.46647
7.42745
7.37962
7.31322
7.23051
7.11266
6.98151
6.78289
6.5926
6.28254
6.03874
5.54965
9.46117
8.90604
8.41413
7.99208
7.63792
7.34583
7.0987
6.90305
6.76635
6.67745
6.62977
6.62912
6.67205
6.75396
6.86885
7.00872
7.15197
7.26762
7.34431
7.38484
7.39388
7.37456
7.33393
7.27834
7.21201
7.10995
6.99345
6.80938
6.63141
6.33266
6.09896
5.61499
9.1626
8.61956
8.14301
7.73961
7.4071
7.1392
6.91891
6.75115
6.64044
6.57519
6.54754
6.56135
6.61307
6.69841
6.81193
6.94671
7.08327
7.19325
7.26524
7.30182
7.30561
7.28362
7.23525
7.17926
7.09324
6.99136
6.82208
6.65679
6.37008
6.14701
5.66937
8.86603
8.34091
7.88551
7.50597
7.19944
6.95836
6.76625
6.62611
6.53959
6.49488
6.48338
6.50783
6.56488
6.6507
6.7607
6.88922
7.01887
7.12238
7.18862
7.21851
7.21828
7.1878
7.13886
7.06315
6.9761
6.82152
6.66908
6.39498
6.18293
5.71272
8.57986
8.07735
7.64763
7.29584
7.01756
6.80456
6.64043
6.52607
6.46076
6.43287
6.43369
6.46529
6.52471
6.60882
6.71408
6.8361
6.9581
7.05388
7.11174
7.13597
7.12628
7.09437
7.02585
6.94826
6.80858
6.66879
6.4077
6.20691
5.74507
8.3106
7.83435
7.4337
7.11149
6.86255
6.67747
6.5396
6.44801
6.40033
6.38554
6.39514
6.43088
6.49041
6.57148
6.67168
6.78651
6.89946
6.98503
7.03536
7.04893
7.03671
6.98463
6.91368
6.78377
6.65677
6.40873
6.21925
5.76659
8.06294
7.61581
7.24549
6.95384
6.73404
6.57526
6.46078
6.38833
6.35465
6.3495
6.36482
6.40235
6.46053
6.53813
6.63257
6.73862
6.84018
6.91624
6.95454
6.96427
6.93113
6.87545
6.75246
6.63351
6.39884
6.22044
5.77756
7.84016
7.42279
7.08378
6.82246
6.63016
6.49496
6.40035
6.34338
6.32033
6.32182
6.3404
6.37814
6.4344
6.50777
6.59466
6.68966
6.78036
6.84296
6.87594
6.86385
6.82579
6.71761
6.60414
6.37854
6.21119
5.77842
8.09693
7.64245
7.25599
6.94808
6.71545
6.54793
6.43296
6.35469
6.3098
6.29441
6.30008
6.32023
6.35745
6.41098
6.47814
6.55518
6.63941
6.71587
6.77162
6.78179
6.76328
6.67214
6.57146
6.35233
6.19199
5.76981
8.35269
7.89653
7.47041
7.11479
6.83643
6.62983
6.48378
6.38569
6.32044
6.2846
6.27444
6.28255
6.30343
6.33926
6.38788
6.4465
6.51368
6.5842
6.65288
6.68484
6.687
6.61473
6.52883
6.32286
6.16703
5.75219
8.55993
8.1545
7.7208
7.32332
6.99724
6.7459
6.56207
6.43416
6.34977
6.29461
6.26535
6.25866
6.2683
6.28896
6.32108
6.3624
6.41217
6.46687
6.52997
6.57451
6.59687
6.54448
6.47499
6.28432
6.13891
5.72915
8.37055
7.97929
7.5689
7.1992
6.90038
6.67293
6.50864
6.39577
6.32228
6.27479
6.25028
6.24608
6.2563
6.27429
6.30024
6.33371
6.37222
6.4205
6.4603
6.4943
6.46131
6.40911
6.23551
6.10224
5.70299
8.20163
7.82599
7.4388
7.09512
6.8207
6.61409
6.46631
6.36573
6.30081
6.25918
6.23838
6.23568
6.24397
6.25676
6.27578
6.29911
6.33225
6.35862
6.38814
6.36647
6.33109
6.17562
6.05572
5.66912
8.05193
7.69261
7.32763
7.00762
6.75483
6.56617
6.43226
6.34171
6.28363
6.2468
6.22861
6.22483
6.22864
6.23531
6.24517
6.26412
6.27665
6.29362
6.26818
6.24212
6.10448
5.99856
5.62635
7.91957
7.57643
7.23204
6.9334
6.69964
6.52647
6.40426
6.32204
6.26976
6.23658
6.21834
6.2109
6.20919
6.20752
6.21389
6.21339
6.21745
6.18056
6.14986
6.02312
5.93058
5.57386
7.80209
7.47426
7.14888
6.86946
6.65253
6.49283
6.38072
6.30579
6.25811
6.22587
6.20491
6.19271
6.18324
6.17887
6.16676
6.15867
6.10988
6.06755
5.93846
5.8527
5.51138
7.69656
7.38318
7.07527
6.8133
6.61149
6.46382
6.36078
6.29183
6.24605
6.21201
6.18717
6.16792
6.15632
6.13427
6.11535
6.05529
6.0011
5.86268
5.7715
5.43958
7.60036
7.3005
7.00889
6.76313
6.57523
6.43863
6.34326
6.27755
6.23087
6.19385
6.16278
6.14208
6.11337
6.08519
6.01504
5.94971
5.80125
5.69864
5.36431
7.51106
7.22414
6.9482
6.71783
6.54306
6.41608
6.3256
6.26024
6.21149
6.16905
6.13729
6.10012
6.06583
5.987
5.91178
5.75357
5.63942
5.29614
7.42681
7.15283
6.89234
6.67691
6.5138
6.39364
6.30506
6.23888
6.1855
6.14315
6.09559
6.05346
5.96899
5.88531
5.71819
5.5933
5.24007
7.34668
7.08604
6.84104
6.63918
6.48502
6.36856
6.28071
6.21103
6.15848
6.10097
6.04911
5.95739
5.86827
5.69334
5.55894
5.19568
7.27047
7.02379
6.79317
6.60235
6.45389
6.34003
6.25001
6.18221
6.1151
6.05403
5.95315
5.85719
5.6772
5.53469
5.16188
7.19851
6.96508
6.74668
6.56357
6.4198
6.30533
6.21851
6.13698
6.067
5.95745
5.85294
5.66659
5.51883
5.13775
7.13001
6.90814
6.69864
6.52241
6.37975
6.27005
6.17053
6.08707
5.96915
5.85674
5.66229
5.50832
5.12179
7.06351
6.85005
6.64893
6.47555
6.33946
6.21824
6.11799
5.98737
5.86744
5.66542
5.50391
5.11122
6.99608
6.79096
6.59377
6.42886
6.28255
6.16207
6.01564
5.88418
5.67494
5.50664
5.10654
6.92823
6.72665
6.53925
6.36546
6.2216
6.05612
5.91037
5.69007
5.51557
5.1084
6.85527
6.66344
6.46792
6.29843
6.1109
5.94799
5.71389
5.52993
5.11628
6.78378
6.58324
6.39344
6.18167
5.999
5.74818
5.55264
5.12964
6.69503
6.50045
6.26922
6.06497
5.79467
5.58537
5.15105
6.60423
6.36779
6.14662
5.85474
5.62975
5.18201
6.46328
6.23857
5.92897
5.68704
5.22336
6.32763
6.01237
5.75777
5.27619
6.09288
5.83711
5.34083
5.91356
5.41283
5.4818
)
;

boundaryField
{
    inlet
    {
        type            turbulentIntensityKineticEnergyInlet;
        intensity       0.05;
        value           nonuniform List<scalar> 0();
    }
    outlet
    {
        type            zeroGradient;
    }
    splitter
    {
        type            kqRWallFunction;
        value           nonuniform List<scalar> 0();
    }
    fuel_inlet
    {
        type            turbulentIntensityKineticEnergyInlet;
        intensity       0.05;
        value           uniform 0.84375;
    }
    back
    {
        type            kqRWallFunction;
        value           nonuniform List<scalar> 
20
(
0.671822
0.982917
0.886069
0.804625
0.760126
0.701752
0.635135
0.558967
0.483403
0.414028
0.350592
0.292222
0.237436
0.184633
0.14113
0.13841
0.141098
0.184787
0.23784
0.293053
)
;
    }
    sides
    {
        type            kqRWallFunction;
        value           nonuniform List<scalar> 
42
(
1.3532
1.36481
1.37441
1.38186
1.38779
1.39267
1.39356
1.39306
1.39057
1.38768
1.38242
1.37746
1.37099
1.36192
1.35221
1.34164
1.32902
1.31644
1.30094
1.2839
1.26665
1.24824
1.22699
1.20495
1.18402
1.16146
1.13792
1.1162
1.09406
1.07206
1.05036
1.02977
1.00883
0.989681
0.969568
0.950579
0.931683
0.913669
0.896607
0.875938
0.860102
0.818173
)
;
    }
    frontAndBack
    {
        type            empty;
    }
    procBoundary2to1
    {
        type            processor;
        value           nonuniform List<scalar> 
71
(
1.33913
1.05999
4.65129
2.11881
4.08052
2.13529
3.21994
2.06555
2.2932
1.996
1.51799
2.0363
1.06789
2.14341
0.959235
2.34033
1.03472
2.56906
1.18564
2.80262
1.38044
3.00599
1.62596
3.19197
1.94301
3.34418
2.36281
3.45134
2.87619
3.51376
3.45226
3.53086
4.10825
3.52428
4.83644
3.49949
5.62936
3.45063
6.47452
3.39866
7.35507
3.34686
8.19938
3.29888
8.89971
3.25752
9.36032
3.22026
9.49162
3.18899
9.26617
3.16178
8.71221
3.13961
7.92592
3.12319
7.04076
3.11507
6.17147
3.11718
5.39788
3.12783
4.7525
3.1525
4.24773
3.19152
3.86666
3.24546
3.58951
3.31553
3.31553
)
;
    }
    procBoundary2to3
    {
        type            processor;
        value           nonuniform List<scalar> 
83
(
0.351795
1.12901
1.56736
1.892
2.17497
2.44089
2.70059
2.95945
3.21988
3.48234
3.74562
4.00715
4.26326
4.50971
4.74243
4.9584
5.15667
5.37677
5.59969
5.80776
6.01936
6.24534
6.48941
6.75022
7.02371
7.30496
7.58925
7.87226
8.15016
8.41946
8.677
8.91997
9.14593
9.35237
9.5364
9.6944
9.82179
9.91079
9.95427
9.95628
9.90763
9.80533
9.65268
9.45549
9.2223
9.2223
9.46431
9.75147
9.74921
9.43844
9.13397
8.84313
8.57122
8.32184
8.32184
8.57441
8.77094
8.70258
8.52791
8.37048
8.22894
8.10165
7.98647
7.88086
7.78254
7.68938
7.5998
7.51317
7.4296
7.34979
7.27314
7.19859
7.1232
7.04783
6.96737
6.88866
6.79253
6.69489
6.54692
6.40604
6.16425
5.98173
5.54431
)
;
    }
}


// ************************************************************************* //
