/*--------------------------------*- C++ -*----------------------------------*\
  =========                 |
  \\      /  F ield         | OpenFOAM: The Open Source CFD Toolbox
   \\    /   O peration     | Website:  https://openfoam.org
    \\  /    A nd           | Version:  8
     \\/     M anipulation  |
\*---------------------------------------------------------------------------*/
FoamFile
{
    version     2.0;
    format      ascii;
    class       volScalarField;
    location    "0.05";
    object      N2;
}
// * * * * * * * * * * * * * * * * * * * * * * * * * * * * * * * * * * * * * //

dimensions      [0 0 0 0 0 0 0];

internalField   nonuniform List<scalar> 
3919
(
0.767
0.000267047
0.767
0.767
0.000866084
4.0198e-05
0.767
0.767
0.767
0.00161628
0.000135892
1.0192e-05
0.767
0.767
0.767
0.767
0.00245219
0.000269807
3.64065e-05
4.709e-06
0.767
0.767
0.767
0.767
0.767
0.00334235
0.000444012
7.62471e-05
1.73961e-05
6.5068e-06
0.767
0.767
0.767
0.767
0.767
0.767
0.00429052
0.000659981
0.000132612
3.82196e-05
2.41543e-05
1.80142e-05
0.766998
0.766999
0.767
0.767
0.767
0.767
0.767
0.00529694
0.000919838
0.000208633
7.02578e-05
5.32834e-05
6.58048e-05
6.47884e-05
0.766994
0.766998
0.766999
0.767
0.767
0.767
0.767
0.767
0.00637266
0.0012263
0.000307676
0.000117117
9.8069e-05
0.000140718
0.000229613
0.000308859
0.766985
0.766992
0.766997
0.766999
0.766999
0.767
0.767
0.767
0.767
0.00751159
0.00158402
0.000433415
0.000182876
0.000162986
0.000248098
0.000468371
0.0010429
0.00317889
0.76697
0.766982
0.766991
0.766996
0.766998
0.766999
0.767
0.767
0.767
0.767
0.00868217
0.00199799
0.000590112
0.000272054
0.000252662
0.000391821
0.000780388
0.00200951
0.00923346
0.240357
0.766945
0.766964
0.766978
0.766989
0.766995
0.766998
0.766999
0.766999
0.767
0.767
0.766999
0.009867
0.00247046
0.000782769
0.000389717
0.000371849
0.000575588
0.00116063
0.00316198
0.0154247
0.25917
0.374696
0.7669
0.766935
0.766958
0.766974
0.766986
0.766994
0.766998
0.766999
0.766999
0.766999
0.766999
0.766999
0.0110493
0.00300336
0.00101768
0.00054166
0.000526385
0.000802663
0.00161622
0.00446469
0.0219088
0.264905
0.361192
0.383705
0.766813
0.766883
0.766924
0.76695
0.766969
0.766984
0.766993
0.766997
0.766998
0.766999
0.766999
0.766999
0.766999
0.0122188
0.00359778
0.0013025
0.0007352
0.000723135
0.00108393
0.00214959
0.0060007
0.028508
0.261961
0.34982
0.377523
0.389185
0.766638
0.766786
0.766865
0.766912
0.766942
0.766964
0.766981
0.766991
0.766996
0.766998
0.766999
0.766999
0.766999
0.766999
0.0133655
0.00425586
0.00164645
0.000979669
0.000973526
0.00143009
0.00281277
0.00778995
0.0356677
0.25619
0.339747
0.37131
0.383865
0.394165
0.766292
0.766591
0.766756
0.766845
0.766898
0.766932
0.766958
0.766977
0.76699
0.766995
0.766997
0.766998
0.766998
0.766998
0.766998
0.014478
0.00498192
0.00206074
0.00128825
0.00129193
0.00187268
0.00363587
0.0100827
0.0435234
0.249637
0.330821
0.365031
0.379102
0.389079
0.3998
0.765683
0.766211
0.76654
0.766724
0.766824
0.766882
0.766922
0.766951
0.766974
0.766988
0.766994
0.766996
0.766997
0.766998
0.766998
0.766998
0.0155575
0.00578395
0.00256064
0.00167565
0.00170401
0.00244467
0.00473798
0.0130006
0.0521047
0.243206
0.322929
0.358742
0.374383
0.384622
0.394729
0.406706
0.764597
0.765548
0.766125
0.766486
0.766689
0.7668
0.766866
0.76691
0.766944
0.76697
0.766986
0.766993
0.766996
0.766997
0.766997
0.766997
0.766997
0.0166374
0.00667534
0.00316402
0.00216922
0.00223253
0.00321404
0.00622436
0.0168738
0.0615001
0.236723
0.315499
0.3525
0.369481
0.380311
0.390299
0.40156
0.415402
0.762691
0.764379
0.765407
0.766034
0.766428
0.766651
0.766774
0.766847
0.766897
0.766936
0.766966
0.766984
0.766991
0.766995
0.766996
0.766996
0.766996
0.766996
0.00768927
0.0180784
0.0038998
0.00279358
0.00293986
0.00424072
0.00828491
0.0219414
0.0717178
0.230642
0.3081
0.34625
0.364356
0.375861
0.386042
0.397046
0.410052
0.425391
0.759377
0.762345
0.764154
0.76526
0.765938
0.766366
0.76661
0.766745
0.766827
0.766884
0.766928
0.766962
0.766981
0.76699
0.766993
0.766995
0.766995
0.766995
0.766994
0.00481536
0.00921092
0.0196234
0.00360685
0.00387134
0.00568206
0.0111261
0.0283496
0.0826331
0.224876
0.300593
0.339853
0.358987
0.371157
0.381667
0.392709
0.405341
0.419737
0.43589
0.753654
0.758837
0.76199
0.76392
0.765106
0.765837
0.7663
0.766566
0.766714
0.766805
0.766869
0.766919
0.766957
0.766978
0.766988
0.766992
0.766993
0.766994
0.766994
0.766993
0.00467202
0.00633312
0.0109517
0.0213416
0.00514984
0.00766874
0.0150255
0.0362383
0.0940006
0.219486
0.292939
0.333135
0.353313
0.366143
0.377045
0.388255
0.400815
0.414739
0.429869
0.446746
0.743829
0.752834
0.758292
0.761628
0.763679
0.764946
0.76573
0.76623
0.766519
0.766681
0.766782
0.766853
0.76691
0.766952
0.766975
0.766985
0.76699
0.766992
0.766992
0.766992
0.766991
0.00689002
0.00660887
0.00818949
0.0128922
0.0232752
0.0104409
0.0202395
0.0455589
0.105648
0.214655
0.285197
0.32592
0.347247
0.360772
0.372105
0.383554
0.396175
0.409945
0.42453
0.440279
0.457823
0.727818
0.742632
0.75202
0.757742
0.761258
0.76343
0.764779
0.765618
0.766156
0.766468
0.766645
0.766756
0.766836
0.7669
0.766947
0.766972
0.766983
0.766988
0.76699
0.76699
0.76699
0.766989
0.0142595
0.0102678
0.00910144
0.0103447
0.0150466
0.0254693
0.0269579
0.0561835
0.117161
0.210527
0.277381
0.318275
0.340709
0.354993
0.366792
0.378529
0.391287
0.405042
0.419422
0.434535
0.450816
0.468832
0.704449
0.726216
0.741472
0.751213
0.757189
0.76088
0.763174
0.764605
0.7655
0.766077
0.766414
0.766607
0.766729
0.766819
0.76689
0.766941
0.766968
0.76698
0.766985
0.766987
0.766988
0.766987
0.766986
0.0353076
0.0213719
0.0146822
0.0121442
0.0128349
0.0174212
0.0279498
0.0678836
0.128071
0.207248
0.269545
0.310298
0.333669
0.348744
0.361063
0.373124
0.386069
0.399891
0.414215
0.429062
0.444586
0.461281
0.479536
0.672898
0.702579
0.724718
0.740351
0.750416
0.756632
0.760496
0.76291
0.764425
0.765377
0.765993
0.766356
0.766566
0.766701
0.7668
0.76688
0.766935
0.766964
0.766976
0.766982
0.766984
0.766985
0.766984
0.766982
0.0801616
0.0483907
0.0301346
0.0201958
0.0157965
0.0156344
0.0200114
0.0307118
0.137873
0.204909
0.26181
0.302002
0.326152
0.341986
0.354871
0.367295
0.380464
0.39441
0.408765
0.423509
0.438691
0.454505
0.471469
0.489804
0.633156
0.671114
0.70092
0.723321
0.73927
0.749628
0.756072
0.760104
0.762638
0.764237
0.765247
0.765905
0.766295
0.766522
0.76667
0.766781
0.766869
0.766929
0.766959
0.766972
0.766978
0.766981
0.766981
0.76698
0.766978
0.146287
0.0958477
0.0621639
0.0402142
0.0267277
0.0200041
0.0187276
0.0228181
0.0337769
0.203272
0.254394
0.293433
0.318193
0.334711
0.348175
0.361003
0.374425
0.388538
0.402986
0.417724
0.432748
0.448137
0.464108
0.481204
0.495332
0.586302
0.632009
0.669674
0.699458
0.722022
0.738226
0.748848
0.755509
0.759705
0.762359
0.764042
0.765112
0.765811
0.76623
0.766476
0.766638
0.766761
0.766859
0.766922
0.766954
0.766968
0.766974
0.766977
0.766977
0.766976
0.766973
0.202231
0.154963
0.109585
0.075514
0.0508225
0.0340304
0.0246961
0.0220859
0.0258469
0.0371701
0.247438
0.284709
0.309831
0.326945
0.340955
0.354214
0.367917
0.382228
0.396817
0.41162
0.426595
0.441764
0.457224
0.473141
0.486185
0.489805
0.534172
0.586447
0.631333
0.668539
0.698173
0.720812
0.737217
0.748076
0.754943
0.759299
0.762071
0.763841
0.764971
0.765713
0.766161
0.766427
0.766605
0.766741
0.766848
0.766915
0.766948
0.766963
0.76697
0.766972
0.766972
0.766971
0.766967
0.241037
0.201269
0.161173
0.120642
0.0874814
0.061265
0.0417657
0.0297655
0.0256562
0.0290918
0.0409393
0.275988
0.301122
0.318738
0.333216
0.346902
0.360908
0.37544
0.390208
0.405132
0.42014
0.435213
0.45039
0.465606
0.477595
0.481203
0.479498
0.478899
0.536237
0.587152
0.631054
0.667664
0.697042
0.719679
0.736241
0.747312
0.754373
0.758886
0.761777
0.763632
0.764824
0.76561
0.766088
0.766376
0.766571
0.766722
0.766837
0.766907
0.766941
0.766957
0.766964
0.766967
0.766967
0.766964
0.766961
0.267458
0.23401
0.199899
0.16531
0.129156
0.0976158
0.0709631
0.0494772
0.0350271
0.0293856
0.0325726
0.0451599
0.292129
0.310158
0.324998
0.339062
0.353376
0.368144
0.383118
0.398208
0.413316
0.428387
0.443421
0.458169
0.46959
0.473138
0.471429
0.468729
0.422875
0.483371
0.538896
0.588304
0.631096
0.667003
0.696039
0.718614
0.735292
0.746555
0.753801
0.758467
0.761476
0.763418
0.764672
0.765503
0.766013
0.766322
0.766536
0.766702
0.766826
0.766899
0.766934
0.76695
0.766958
0.76696
0.76696
0.766957
0.766953
0.283133
0.257613
0.227455
0.197901
0.167784
0.135353
0.105704
0.0793177
0.056667
0.0402982
0.0332337
0.0363092
0.0499242
0.301287
0.316369
0.330715
0.345312
0.360317
0.375514
0.390807
0.40607
0.421217
0.436215
0.450646
0.461727
0.4656
0.464066
0.46118
0.457668
0.368506
0.430024
0.488408
0.541992
0.589789
0.631383
0.666509
0.695141
0.717606
0.734368
0.745804
0.753227
0.758043
0.761169
0.763198
0.764514
0.765392
0.765934
0.766267
0.766501
0.766683
0.766815
0.766889
0.766925
0.766942
0.76695
0.766953
0.766952
0.766949
0.766944
0.292267
0.272576
0.247952
0.221345
0.19537
0.16879
0.139522
0.111806
0.0860957
0.0630338
0.0453373
0.0371456
0.0403665
0.05535
0.30742
0.321918
0.33673
0.351952
0.367373
0.38289
0.398355
0.413646
0.428699
0.442929
0.453819
0.458162
0.457182
0.454405
0.450665
0.317859
0.378325
0.43766
0.493822
0.545376
0.591498
0.631841
0.666138
0.694325
0.716647
0.733468
0.745061
0.752653
0.757616
0.760858
0.762974
0.764353
0.765276
0.765852
0.766211
0.766466
0.766664
0.766803
0.766879
0.766916
0.766934
0.766942
0.766944
0.766943
0.76694
0.766935
0.298275
0.28171
0.261559
0.239242
0.2155
0.192338
0.168551
0.14203
0.116105
0.0912324
0.0682778
0.0499392
0.0411339
0.0448726
0.0615457
0.31276
0.32767
0.343058
0.358684
0.374433
0.390132
0.405626
0.420813
0.434941
0.445755
0.450637
0.450347
0.448037
0.444439
0.272467
0.330046
0.388537
0.445572
0.499427
0.548907
0.593332
0.632406
0.665853
0.693572
0.715729
0.732591
0.744329
0.752082
0.757188
0.760544
0.762746
0.764188
0.765158
0.765768
0.766154
0.766431
0.766645
0.76679
0.766868
0.766905
0.766923
0.766932
0.766934
0.766933
0.76693
0.766924
0.303359
0.287622
0.270216
0.251602
0.231232
0.209802
0.188872
0.167336
0.143094
0.118746
0.0948586
0.0724202
0.0541142
0.0453497
0.0500238
0.0688488
0.31821
0.33367
0.349456
0.365423
0.381371
0.397111
0.412503
0.426614
0.43745
0.442919
0.443377
0.441666
0.438548
0.233179
0.286495
0.342562
0.398901
0.453541
0.505057
0.552465
0.595209
0.633022
0.665623
0.692869
0.714849
0.731739
0.74361
0.751518
0.756762
0.76023
0.762517
0.76402
0.765036
0.765682
0.766096
0.766397
0.766627
0.766777
0.766855
0.766893
0.766912
0.76692
0.766923
0.766922
0.766918
0.766913
0.308463
0.292389
0.27587
0.259727
0.242488
0.223755
0.204203
0.185055
0.165301
0.142921
0.120053
0.0973323
0.075795
0.0581191
0.0499955
0.0561714
0.0774995
0.323855
0.33972
0.355862
0.372053
0.388066
0.403718
0.417888
0.42883
0.434931
0.436172
0.435117
0.43261
0.200147
0.248408
0.300842
0.35513
0.409188
0.461385
0.510573
0.555951
0.597055
0.633649
0.665427
0.692209
0.714009
0.730917
0.742911
0.750964
0.756342
0.759918
0.762287
0.76385
0.764913
0.765595
0.766038
0.766363
0.766608
0.766762
0.766841
0.76688
0.766899
0.766908
0.76691
0.76691
0.766906
0.766901
0.313716
0.297021
0.280252
0.265088
0.250128
0.234062
0.216706
0.198663
0.180923
0.162566
0.141837
0.120313
0.0986225
0.0780854
0.0616505
0.0550888
0.0633926
0.0875535
0.172982
0.329535
0.345779
0.362177
0.378465
0.394417
0.408704
0.419826
0.426604
0.428657
0.428295
0.426463
0.215961
0.264021
0.315212
0.367515
0.419199
0.468953
0.515868
0.559282
0.598825
0.634258
0.665253
0.69159
0.713214
0.730132
0.742237
0.750427
0.755931
0.759611
0.762058
0.763679
0.764787
0.765507
0.76598
0.766331
0.766589
0.766745
0.766824
0.766864
0.766884
0.766893
0.766897
0.766896
0.766893
0.766888
0.318998
0.301738
0.284335
0.269111
0.255245
0.241275
0.226219
0.20999
0.193143
0.176486
0.159257
0.139743
0.119331
0.0987431
0.0795174
0.0649402
0.0607154
0.0717839
0.0990469
0.141398
0.188869
0.33523
0.351765
0.368301
0.384566
0.399012
0.410375
0.417877
0.420772
0.421129
0.420014
0.23228
0.279703
0.329347
0.379503
0.428773
0.476128
0.52085
0.562412
0.600489
0.634837
0.665099
0.691018
0.712471
0.729392
0.741597
0.749913
0.755535
0.759311
0.761832
0.763507
0.76466
0.765419
0.765924
0.766299
0.766568
0.766726
0.766806
0.766847
0.766868
0.766878
0.766882
0.766882
0.76688
0.766876
0.324304
0.306477
0.288423
0.272693
0.258985
0.246233
0.233079
0.218855
0.203514
0.187583
0.171724
0.155331
0.136811
0.117417
0.0980447
0.0804557
0.0682768
0.0670927
0.0814341
0.111959
0.156851
0.205415
0.340868
0.357589
0.37415
0.388773
0.400421
0.408694
0.412464
0.413563
0.413196
0.248782
0.29517
0.343018
0.390924
0.43779
0.482824
0.525481
0.565312
0.602037
0.635386
0.664974
0.690505
0.711793
0.728709
0.740999
0.749428
0.755156
0.75902
0.761609
0.763336
0.764533
0.765329
0.765867
0.766267
0.766546
0.766704
0.766786
0.766828
0.76685
0.766861
0.766866
0.766867
0.766865
0.766862
0.329574
0.311251
0.292526
0.276197
0.262153
0.249794
0.237936
0.225451
0.211851
0.197182
0.181885
0.166684
0.150927
0.133247
0.114873
0.0968441
0.0812898
0.0720262
0.0744205
0.0924157
0.126179
0.17321
0.222305
0.346371
0.363172
0.377962
0.389921
0.399004
0.403682
0.405548
0.405958
0.265158
0.310174
0.356042
0.40165
0.446168
0.489008
0.529739
0.567983
0.603477
0.635918
0.664895
0.690067
0.711196
0.728094
0.740453
0.748977
0.754798
0.758741
0.761391
0.763165
0.764404
0.76524
0.765811
0.766235
0.766521
0.76668
0.766763
0.766806
0.76683
0.766843
0.766849
0.766852
0.766851
0.766849
0.334734
0.316014
0.296676
0.279698
0.265148
0.252662
0.241412
0.230242
0.218246
0.205097
0.190852
0.176105
0.161405
0.146161
0.129264
0.111953
0.0955262
0.0823836
0.0765228
0.0829089
0.104738
0.141531
0.190176
0.239212
0.351669
0.366578
0.378847
0.388766
0.394384
0.397038
0.398251
0.281137
0.324513
0.368281
0.411607
0.453884
0.494677
0.533644
0.570447
0.604839
0.636465
0.664887
0.689727
0.710696
0.72756
0.739966
0.748566
0.754465
0.758474
0.761177
0.762995
0.764275
0.76515
0.765756
0.766201
0.766493
0.766653
0.766738
0.766784
0.76681
0.766824
0.766832
0.766836
0.766836
0.766836
0.339717
0.320705
0.300844
0.283252
0.268108
0.255252
0.244096
0.233703
0.223022
0.21135
0.198462
0.184548
0.170248
0.155938
0.141164
0.125068
0.108972
0.0944333
0.084132
0.0820788
0.0927096
0.118337
0.157768
0.20741
0.255844
0.354654
0.367197
0.377956
0.384537
0.387999
0.390036
0.296496
0.338034
0.379662
0.42078
0.460955
0.499873
0.537239
0.572762
0.606173
0.637067
0.664986
0.689511
0.710312
0.72712
0.739545
0.748199
0.754157
0.758219
0.760967
0.762825
0.764145
0.76506
0.7657
0.766166
0.766461
0.766623
0.766711
0.76676
0.766788
0.766805
0.766815
0.76682
0.766822
0.766823
0.342253
0.325263
0.304979
0.286843
0.271113
0.257757
0.246397
0.236307
0.226532
0.216158
0.204646
0.191869
0.178285
0.164325
0.15036
0.136089
0.120889
0.106236
0.0939432
0.0868862
0.088949
0.103889
0.13306
0.174584
0.22459
0.271949
0.355006
0.366575
0.374123
0.378404
0.381283
0.311059
0.350658
0.39018
0.429206
0.46745
0.50467
0.540614
0.575005
0.607543
0.637779
0.665232
0.689446
0.710063
0.726782
0.739196
0.747876
0.753874
0.757976
0.76076
0.762654
0.764013
0.764968
0.765644
0.766127
0.766427
0.766592
0.766682
0.766735
0.766766
0.766786
0.766797
0.766804
0.766808
0.766814
0.342346
0.327469
0.30903
0.290432
0.274163
0.260285
0.248552
0.238431
0.229143
0.219775
0.209543
0.198028
0.18539
0.172054
0.158373
0.144777
0.13111
0.116984
0.104069
0.0944035
0.0909435
0.0972949
0.116407
0.148673
0.19166
0.241428
0.287324
0.354651
0.363149
0.368246
0.371973
0.324734
0.362381
0.399883
0.43698
0.473477
0.509185
0.543874
0.577271
0.609026
0.63866
0.665666
0.689561
0.709962
0.726555
0.73892
0.747598
0.753614
0.757741
0.760553
0.76248
0.763878
0.764876
0.765586
0.766085
0.766389
0.766558
0.766653
0.76671
0.766745
0.766766
0.766779
0.766788
0.766796
0.76681
0.342252
0.327408
0.310965
0.293975
0.27723
0.262852
0.250692
0.240339
0.23119
0.22247
0.213324
0.203078
0.191518
0.179012
0.165868
0.152464
0.139329
0.126433
0.113631
0.102797
0.0961217
0.0965253
0.107174
0.13012
0.164895
0.208687
0.257678
0.301862
0.35165
0.357539
0.362105
0.337509
0.373259
0.408885
0.444237
0.479179
0.513559
0.547148
0.579669
0.61071
0.639775
0.666333
0.689879
0.710019
0.726439
0.738715
0.74736
0.753372
0.757511
0.760343
0.762301
0.76374
0.764781
0.765526
0.766041
0.76635
0.766524
0.766624
0.766685
0.766722
0.766746
0.766762
0.766774
0.766789
0.3397
0.327469
0.310888
0.295651
0.280278
0.265443
0.252854
0.242188
0.232949
0.224524
0.216172
0.207087
0.19671
0.185147
0.172736
0.159769
0.146706
0.134187
0.122294
0.111121
0.10272
0.0993491
0.103756
0.118516
0.144797
0.18142
0.22539
0.273207
0.315535
0.346328
0.3517
0.349439
0.38341
0.41734
0.451143
0.484729
0.517952
0.550586
0.582307
0.612679
0.641182
0.667264
0.690412
0.710236
0.726429
0.738574
0.747155
0.753143
0.757281
0.760129
0.762116
0.763597
0.764685
0.765466
0.765996
0.766311
0.766491
0.766596
0.76666
0.7667
0.766726
0.766745
0.766764
0.334696
0.325249
0.310965
0.295567
0.281707
0.26803
0.255033
0.244029
0.234596
0.226218
0.218308
0.210156
0.201002
0.190479
0.178922
0.166586
0.153834
0.141243
0.129558
0.118952
0.109739
0.104098
0.104254
0.112638
0.131157
0.160163
0.197964
0.241591
0.287951
0.328383
0.340811
0.36064
0.393002
0.425433
0.457894
0.490312
0.522534
0.554311
0.585291
0.61501
0.642926
0.668477
0.691162
0.710605
0.726515
0.738485
0.746973
0.752919
0.757047
0.759906
0.761925
0.763451
0.76459
0.765407
0.765951
0.766273
0.766459
0.766569
0.766636
0.766678
0.766707
0.766732
0.329522
0.320671
0.309019
0.295651
0.281623
0.269234
0.257214
0.245874
0.236201
0.227744
0.22001
0.212443
0.204356
0.195049
0.184425
0.172856
0.160614
0.148186
0.136259
0.125676
0.116672
0.109741
0.107126
0.110901
0.123074
0.14487
0.175949
0.214307
0.257189
0.301926
0.340518
0.371279
0.402227
0.433369
0.464691
0.496109
0.527448
0.558443
0.588711
0.617755
0.645023
0.669971
0.692116
0.711107
0.726677
0.738433
0.746801
0.75269
0.756801
0.759673
0.761727
0.763304
0.764498
0.76535
0.765909
0.766238
0.766429
0.766542
0.766611
0.766656
0.76669
0.315968
0.30495
0.293965
0.281707
0.269154
0.258221
0.247715
0.237787
0.229188
0.221483
0.214216
0.206856
0.198732
0.189289
0.178565
0.16698
0.154918
0.142982
0.131966
0.122787
0.115699
0.111332
0.111909
0.119255
0.134893
0.159399
0.191892
0.230303
0.27216
0.315224
0.352096
0.381551
0.411292
0.441356
0.471718
0.502265
0.532819
0.563078
0.592616
0.620924
0.647467
0.671723
0.693244
0.711714
0.726892
0.738397
0.746627
0.752449
0.756541
0.759429
0.761525
0.76316
0.764412
0.765301
0.765872
0.766206
0.7664
0.766514
0.766586
0.766635
0.300805
0.290406
0.280269
0.269234
0.258147
0.248559
0.239358
0.230585
0.222829
0.215695
0.208757
0.201502
0.193304
0.183735
0.172908
0.161372
0.149637
0.138419
0.128597
0.121128
0.11624
0.114647
0.118462
0.129195
0.147856
0.17446
0.2078
0.245879
0.286564
0.327984
0.363309
0.391657
0.420406
0.449581
0.479118
0.508911
0.538742
0.568254
0.597004
0.624497
0.650221
0.673691
0.694504
0.712388
0.72713
0.738359
0.746436
0.752188
0.756265
0.759176
0.761323
0.763023
0.764339
0.765262
0.765842
0.766178
0.766371
0.766487
0.766562
0.286808
0.277207
0.268022
0.25822
0.248493
0.240074
0.231949
0.224097
0.216997
0.210294
0.203584
0.196369
0.188101
0.1784
0.167512
0.15615
0.144948
0.134709
0.126379
0.120906
0.118444
0.11973
0.12671
0.140523
0.161704
0.189831
0.223554
0.261053
0.300507
0.340384
0.374353
0.401806
0.429755
0.458179
0.487021
0.516138
0.545238
0.573952
0.601838
0.628419
0.653221
0.675811
0.695843
0.713087
0.727362
0.738299
0.74622
0.751906
0.755975
0.758922
0.76113
0.762904
0.764285
0.765235
0.765817
0.76615
0.766342
0.766459
0.274131
0.265422
0.257206
0.248558
0.240016
0.232569
0.225309
0.218184
0.211597
0.205222
0.198669
0.19148
0.183135
0.173322
0.162471
0.151475
0.141045
0.132068
0.125517
0.12228
0.122378
0.126548
0.136502
0.15301
0.176192
0.205346
0.239113
0.275884
0.314138
0.352612
0.385428
0.41218
0.43947
0.467273
0.495514
0.523947
0.552278
0.580119
0.607041
0.632604
0.656384
0.678013
0.697202
0.713769
0.727559
0.738202
0.745974
0.751606
0.755682
0.758678
0.760956
0.762811
0.764253
0.76522
0.765797
0.766121
0.766311
0.262823
0.255013
0.247706
0.240072
0.232522
0.225861
0.219289
0.212742
0.206564
0.200447
0.194019
0.186851
0.178439
0.168566
0.157939
0.147525
0.138129
0.1307
0.126179
0.125332
0.128036
0.134987
0.147638
0.166413
0.191122
0.220905
0.254488
0.290485
0.327622
0.364857
0.396715
0.422906
0.449662
0.476953
0.504581
0.532299
0.559789
0.586654
0.612505
0.636946
0.659618
0.680219
0.698523
0.714396
0.727703
0.738064
0.745703
0.751299
0.7554
0.758458
0.760815
0.762752
0.764244
0.765214
0.765774
0.766091
0.252826
0.245855
0.239349
0.232567
0.225824
0.219795
0.213776
0.2077
0.20186
0.19596
0.189651
0.182509
0.174069
0.164282
0.154078
0.144484
0.136395
0.130774
0.128464
0.130081
0.135338
0.144884
0.159899
0.180526
0.206349
0.236472
0.269748
0.304988
0.341128
0.377289
0.408339
0.434091
0.460423
0.48719
0.514172
0.541113
0.567647
0.593429
0.618101
0.641331
0.662826
0.682355
0.69976
0.714945
0.727789
0.737893
0.745425
0.751008
0.75515
0.75828
0.760723
0.762733
0.764258
0.765211
0.765748
0.244003
0.237769
0.231941
0.225859
0.219771
0.214254
0.20869
0.203015
0.197469
0.191776
0.185589
0.1785
0.170132
0.160626
0.151048
0.142534
0.136015
0.1324
0.13241
0.136472
0.144151
0.156044
0.17308
0.195175
0.221793
0.252072
0.284992
0.319539
0.354813
0.390039
0.420405
0.445816
0.471719
0.497922
0.524205
0.550239
0.575709
0.600299
0.623701
0.645647
0.665921
0.684368
0.700887
0.715414
0.727833
0.737715
0.745171
0.750761
0.754956
0.758167
0.760684
0.762755
0.764287
0.765199
0.236176
0.230568
0.225301
0.219793
0.214244
0.209157
0.203983
0.198664
0.193398
0.187915
0.181872
0.174907
0.166757
0.157723
0.14902
0.141841
0.137105
0.135632
0.137986
0.144399
0.154309
0.168277
0.187004
0.21025
0.23744
0.26777
0.300341
0.334284
0.36881
0.403209
0.432977
0.458053
0.483482
0.509066
0.534514
0.559526
0.583821
0.607119
0.629174
0.649793
0.668841
0.68623
0.701905
0.715829
0.727871
0.737576
0.744982
0.750593
0.754849
0.758125
0.760706
0.762814
0.764307
0.229163
0.224081
0.219282
0.214253
0.209162
0.20445
0.199629
0.194648
0.189666
0.184411
0.178564
0.171834
0.16406
0.155733
0.148153
0.142525
0.139731
0.140463
0.14511
0.15372
0.165641
0.181414
0.201542
0.225704
0.253322
0.283657
0.315921
0.34935
0.383211
0.416839
0.446038
0.470732
0.495622
0.520453
0.544935
0.568811
0.591825
0.61375
0.634415
0.653707
0.671561
0.687949
0.702854
0.716242
0.727969
0.737531
0.744908
0.750544
0.754843
0.758168
0.760786
0.762881
0.222806
0.218169
0.213769
0.209155
0.204473
0.200106
0.195622
0.190984
0.186302
0.181316
0.175751
0.169384
0.162184
0.154813
0.148564
0.144661
0.143903
0.14683
0.153663
0.164282
0.177995
0.195324
0.216628
0.24154
0.269501
0.299837
0.331849
0.364811
0.398032
0.43093
0.459522
0.483754
0.507974
0.531906
0.555303
0.577928
0.599572
0.62008
0.639358
0.657364
0.6741
0.68958
0.703806
0.71674
0.728202
0.73765
0.744998
0.750637
0.754952
0.758287
0.760898
0.216975
0.212729
0.208685
0.204449
0.200149
0.196119
0.191976
0.187696
0.18335
0.178703
0.173525
0.16768
0.161298
0.155071
0.150334
0.148275
0.149581
0.154639
0.16351
0.175949
0.191246
0.209931
0.232243
0.257797
0.286055
0.316411
0.348181
0.380681
0.413291
0.44542
0.473319
0.496959
0.520352
0.543255
0.565445
0.586724
0.606951
0.626047
0.643987
0.660797
0.676525
0.691213
0.704867
0.717423
0.728662
0.737994
0.745288
0.750883
0.755169
0.758462
0.211576
0.207689
0.20398
0.200107
0.196185
0.192498
0.188714
0.184825
0.180872
0.176651
0.171989
0.166864
0.161497
0.15659
0.153501
0.153347
0.15669
0.163774
0.174528
0.188603
0.205317
0.225203
0.248404
0.274529
0.303073
0.333426
0.364938
0.396977
0.428928
0.460185
0.487271
0.510156
0.532577
0.554324
0.575205
0.595088
0.613905
0.631643
0.648347
0.66409
0.678949
0.692976
0.706159
0.7184
0.72942
0.73861
0.745784
0.751285
0.75546
0.206546
0.203006
0.199628
0.196122
0.192589
0.189266
0.185871
0.182423
0.178939
0.175251
0.171264
0.167052
0.162867
0.159419
0.158062
0.159822
0.165138
0.174127
0.18661
0.202173
0.220173
0.241143
0.26515
0.291806
0.320587
0.350899
0.382123
0.413635
0.444802
0.475074
0.501189
0.523158
0.544476
0.564959
0.584477
0.602969
0.620434
0.636926
0.652537
0.667371
0.681515
0.695008
0.707807
0.719753
0.730533
0.739502
0.746489
0.751776
0.201845
0.198659
0.195626
0.192504
0.189383
0.186457
0.183497
0.180557
0.177633
0.174608
0.171462
0.168337
0.165465
0.163568
0.163981
0.167628
0.174833
0.185607
0.199686
0.216619
0.235807
0.257775
0.28253
0.309649
0.338605
0.368814
0.399661
0.430506
0.460768
0.489895
0.514874
0.535793
0.555894
0.575054
0.593214
0.610377
0.626608
0.642008
0.6567
0.670797
0.684374
0.697441
0.709898
0.721542
0.732
0.740665
0.747297
0.197461
0.194651
0.191986
0.189276
0.186602
0.184116
0.181652
0.179301
0.177045
0.174824
0.172685
0.170787
0.169313
0.16902
0.171204
0.176691
0.1857
0.19815
0.21372
0.231933
0.252234
0.275132
0.300555
0.328053
0.357094
0.387089
0.417406
0.447446
0.476627
0.504438
0.528156
0.547906
0.566729
0.58457
0.601435
0.617392
0.632551
0.647045
0.661002
0.674526
0.687663
0.700367
0.712486
0.723753
0.733796
0.741943
0.1934
0.190995
0.18873
0.186471
0.18429
0.182302
0.180406
0.178737
0.177271
0.176001
0.175027
0.17443
0.174405
0.175737
0.179679
0.186952
0.197684
0.211721
0.228697
0.248121
0.269471
0.293213
0.319202
0.346969
0.375964
0.405578
0.435204
0.464246
0.492162
0.518536
0.540885
0.559401
0.576948
0.593535
0.60923
0.624148
0.638428
0.652209
0.665608
0.678697
0.69147
0.703823
0.715543
0.72634
0.735709
0.189679
0.187717
0.185896
0.184134
0.182503
0.18108
0.179836
0.178955
0.178408
0.178238
0.178527
0.179271
0.180717
0.183682
0.189364
0.198372
0.210759
0.226311
0.244623
0.265192
0.287507
0.311981
0.338411
0.366296
0.395062
0.424109
0.452839
0.480689
0.507208
0.532042
0.552965
0.570249
0.586585
0.602043
0.616739
0.630816
0.644415
0.657664
0.670649
0.683389
0.695819
0.707772
0.718997
0.729018
0.186328
0.184857
0.18353
0.182324
0.181307
0.180526
0.180027
0.180049
0.180555
0.181624
0.183194
0.185291
0.188226
0.192836
0.200233
0.210933
0.224917
0.241918
0.261496
0.283124
0.306292
0.33136
0.358063
0.385871
0.414203
0.442468
0.470096
0.496609
0.521621
0.544864
0.564374
0.580489
0.595741
0.610243
0.624139
0.637573
0.650675
0.663539
0.676197
0.688615
0.700658
0.712113
0.722491
0.183392
0.182468
0.181693
0.181106
0.180776
0.18072
0.18107
0.182117
0.183818
0.186162
0.189007
0.19247
0.196927
0.203186
0.212279
0.22463
0.240155
0.258535
0.279291
0.301862
0.325738
0.351221
0.377991
0.4055
0.433172
0.46044
0.486808
0.511866
0.535316
0.556986
0.575153
0.590228
0.604567
0.618312
0.631607
0.64458
0.657329
0.669894
0.682257
0.694308
0.705865
0.716422
0.18093
0.180613
0.180454
0.180554
0.180987
0.18175
0.183062
0.185266
0.188255
0.191829
0.195945
0.200823
0.206826
0.214735
0.225501
0.23946
0.256463
0.276133
0.297945
0.321306
0.345705
0.371389
0.397994
0.424969
0.451756
0.477855
0.502838
0.526381
0.548283
0.568455
0.585414
0.599619
0.613243
0.626426
0.639296
0.65195
0.664428
0.676725
0.688745
0.70033
0.710951
0.179012
0.179367
0.179889
0.180748
0.18203
0.183714
0.18611
0.189596
0.193816
0.198585
0.204036
0.210367
0.217934
0.227489
0.239901
0.255412
0.273806
0.294643
0.317351
0.341309
0.366011
0.391657
0.417854
0.444063
0.469785
0.494583
0.518113
0.540149
0.560574
0.579384
0.595311
0.608841
0.621941
0.634735
0.647315
0.659725
0.671961
0.683938
0.695514
0.706132
0.177718
0.178809
0.180081
0.181777
0.184
0.186717
0.190326
0.195079
0.200435
0.206477
0.213311
0.221123
0.230263
0.241449
0.255462
0.272446
0.292109
0.313952
0.337358
0.361687
0.386446
0.411808
0.43736
0.462614
0.48713
0.510551
0.53263
0.553225
0.572306
0.58993
0.605022
0.618063
0.630805
0.643337
0.655698
0.667887
0.679825
0.691378
0.701962
0.177136
0.179027
0.18112
0.183737
0.187003
0.190872
0.195744
0.201591
0.208173
0.215545
0.223796
0.233105
0.243814
0.256599
0.272142
0.290484
0.311258
0.333905
0.357778
0.382227
0.406794
0.431631
0.456344
0.480495
0.503722
0.525761
0.546449
0.565729
0.583635
0.600268
0.614712
0.627424
0.639928
0.652261
0.66442
0.676328
0.687859
0.698398
0.177361
0.180115
0.183104
0.186733
0.191152
0.196263
0.20217
0.209208
0.217081
0.225824
0.235512
0.246318
0.258568
0.272892
0.28986
0.309407
0.331092
0.35431
0.378396
0.402711
0.426847
0.450962
0.474681
0.49764
0.519565
0.540273
0.559686
0.577813
0.59473
0.610556
0.624515
0.63701
0.649332
0.661477
0.673369
0.684884
0.69538
0.178488
0.182171
0.18614
0.190881
0.196544
0.20265
0.20969
0.21799
0.227198
0.237334
0.248461
0.260739
0.274478
0.290246
0.308494
0.329053
0.351418
0.374953
0.398996
0.422938
0.446442
0.469677
0.492308
0.514053
0.534717
0.554201
0.572489
0.589638
0.605742
0.620923
0.634511
0.646838
0.658983
0.670871
0.682379
0.692839
0.180617
0.185302
0.190341
0.196263
0.202928
0.21012
0.218374
0.227982
0.23855
0.250079
0.26262
0.276319
0.29146
0.308539
0.327885
0.349232
0.372025
0.39562
0.419376
0.442744
0.465461
0.487715
0.509226
0.529789
0.549286
0.567683
0.585011
0.601346
0.616788
0.631438
0.644712
0.656869
0.668765
0.680275
0.690708
0.183855
0.189609
0.195744
0.202643
0.210389
0.218751
0.228269
0.239212
0.251139
0.264036
0.277938
0.292974
0.309393
0.327615
0.347846
0.369734
0.392702
0.41611
0.439375
0.462012
0.483841
0.505075
0.525487
0.544948
0.563402
0.580862
0.597382
0.613042
0.627928
0.64211
0.655076
0.666988
0.678509
0.688926
0.188264
0.19507
0.202156
0.210106
0.219011
0.228594
0.239405
0.251684
0.264943
0.279151
0.29433
0.310584
0.328127
0.347293
0.368173
0.390354
0.413251
0.436265
0.458874
0.480679
0.50158
0.521802
0.541182
0.55965
0.577197
0.593857
0.609694
0.624776
0.639162
0.652893
0.66549
0.677027
0.687436
0.193793
0.201561
0.209663
0.218732
0.228845
0.239679
0.251789
0.265374
0.279908
0.295341
0.311679
0.329004
0.347487
0.367378
0.388668
0.410902
0.433514
0.455965
0.477809
0.498737
0.518713
0.537977
0.556419
0.574013
0.590775
0.606749
0.621988
0.636541
0.650441
0.663673
0.675783
0.68619
0.191788
0.200384
0.20916
0.218336
0.228571
0.239921
0.252014
0.265396
0.280229
0.295947
0.312489
0.329843
0.348068
0.36729
0.387681
0.409149
0.431221
0.453377
0.475144
0.496165
0.516216
0.535313
0.553696
0.571301
0.588128
0.604203
0.619564
0.634249
0.648283
0.661651
0.674281
0.685148
0.188948
0.198511
0.208099
0.217929
0.228225
0.239655
0.252245
0.265575
0.280174
0.296163
0.312948
0.330456
0.348664
0.367603
0.387358
0.408029
0.429462
0.451197
0.472766
0.49378
0.513966
0.533176
0.55146
0.569047
0.585907
0.60205
0.6175
0.632284
0.64642
0.659891
0.672624
0.683896
0.185216
0.195845
0.206375
0.21699
0.227913
0.239357
0.251989
0.265795
0.280308
0.296038
0.313061
0.330773
0.34909
0.367977
0.38744
0.407527
0.428276
0.449497
0.470756
0.491657
0.51189
0.531261
0.549687
0.56723
0.584095
0.600278
0.615786
0.63064
0.644847
0.658392
0.671198
0.682523
0.192349
0.203904
0.215423
0.227097
0.239138
0.251741
0.265551
0.280517
0.296128
0.312873
0.33079
0.349272
0.368231
0.387621
0.407427
0.427659
0.448313
0.469177
0.489865
0.510054
0.529511
0.54811
0.565812
0.582671
0.598868
0.61441
0.629306
0.643557
0.657148
0.67
0.681352
0.200666
0.213157
0.22569
0.238445
0.251611
0.265351
0.280286
0.296324
0.312922
0.330544
0.349202
0.368293
0.387728
0.407452
0.427431
0.447647
0.46806
0.488461
0.50852
0.527984
0.546692
0.564563
0.581587
0.5978
0.613354
0.628268
0.642541
0.656153
0.669024
0.680379
0.210187
0.223631
0.237196
0.251037
0.265306
0.280134
0.296109
0.313102
0.330554
0.348906
0.368146
0.387686
0.40744
0.427344
0.447348
0.467412
0.487472
0.507336
0.526733
0.545482
0.563467
0.580645
0.597017
0.612596
0.62751
0.641783
0.655394
0.668263
0.679599
0.220933
0.235346
0.249946
0.264848
0.280168
0.296002
0.312906
0.330718
0.34888
0.36781
0.387476
0.407316
0.427245
0.447195
0.467099
0.4869
0.506522
0.5258
0.544525
0.562569
0.579853
0.596354
0.612075
0.627012
0.641267
0.65486
0.667706
0.679005
0.232917
0.248303
0.263914
0.279823
0.296109
0.312843
0.33054
0.349027
0.367751
0.387111
0.407059
0.427065
0.447046
0.466925
0.486626
0.506077
0.525198
0.543858
0.561905
0.579247
0.595836
0.611654
0.626709
0.640975
0.654534
0.667342
0.678586
0.246143
0.262477
0.279044
0.295874
0.313017
0.330519
0.348868
0.367881
0.387026
0.406678
0.42678
0.446836
0.46676
0.48647
0.505882
0.524914
0.543487
0.561504
0.57886
0.595494
0.611373
0.62649
0.640845
0.6544
0.667155
0.678332
0.243636
0.260584
0.277812
0.295249
0.312886
0.330753
0.348886
0.367742
0.387139
0.406573
0.426395
0.44654
0.466544
0.48632
0.50578
0.524833
0.543388
0.561368
0.578711
0.595355
0.611259
0.626405
0.640788
0.6544
0.66713
0.67823
0.241274
0.258415
0.276186
0.294223
0.312412
0.330721
0.349172
0.367793
0.387018
0.40667
0.426277
0.446163
0.466257
0.486123
0.505673
0.524812
0.54344
0.561459
0.5788
0.595433
0.611332
0.626476
0.640857
0.654466
0.667221
0.678265
0.239739
0.256453
0.27435
0.292862
0.31159
0.330392
0.349231
0.368121
0.387097
0.406566
0.426361
0.446041
0.465901
0.485861
0.505515
0.524767
0.543517
0.561654
0.579076
0.595723
0.611602
0.62672
0.641071
0.654649
0.667372
0.678404
0.255336
0.272775
0.291356
0.310492
0.329771
0.349038
0.368259
0.387456
0.406666
0.426271
0.446113
0.465781
0.485537
0.505291
0.524662
0.543549
0.561836
0.579409
0.596164
0.612061
0.627144
0.641445
0.654966
0.667632
0.678604
0.272049
0.290155
0.30931
0.32893
0.348605
0.368189
0.387658
0.407043
0.426385
0.446036
0.465845
0.485427
0.505007
0.524488
0.543507
0.561951
0.579696
0.596622
0.61264
0.627734
0.64198
0.655428
0.668013
0.678901
0.289796
0.308469
0.328061
0.348008
0.367928
0.387694
0.407294
0.426767
0.446155
0.465777
0.485485
0.504913
0.524251
0.54339
0.561979
0.579892
0.597003
0.613204
0.628419
0.642663
0.656035
0.668524
0.679308
0.308452
0.327562
0.347434
0.367554
0.387582
0.407412
0.427047
0.446529
0.465894
0.485423
0.504967
0.524178
0.543205
0.561922
0.579989
0.597275
0.613663
0.629061
0.64342
0.656773
0.669164
0.679831
0.327858
0.347251
0.367246
0.387399
0.40742
0.427223
0.44682
0.466249
0.485531
0.50491
0.524229
0.543155
0.561791
0.579991
0.597435
0.613999
0.62958
0.644114
0.657568
0.66992
0.680468
0.347827
0.367344
0.38732
0.407392
0.427317
0.447028
0.466532
0.485854
0.505003
0.524175
0.543204
0.561765
0.579913
0.597492
0.614213
0.629966
0.644674
0.658287
0.67072
0.681208
0.36816
0.38765
0.407494
0.427402
0.447173
0.466744
0.486113
0.505285
0.524248
0.543153
0.561814
0.579912
0.597464
0.61432
0.630226
0.645095
0.658867
0.671439
0.681983
0.388655
0.408001
0.427631
0.447324
0.466906
0.486307
0.505506
0.524483
0.543202
0.561763
0.579961
0.597486
0.614338
0.630374
0.645388
0.659307
0.672018
0.682676
0.409135
0.42825
0.447623
0.467079
0.486454
0.505662
0.524654
0.543386
0.561788
0.57991
0.597535
0.61438
0.63043
0.645568
0.65962
0.672463
0.683238
0.429448
0.448288
0.46739
0.486608
0.505767
0.524756
0.543501
0.561918
0.579911
0.597485
0.614428
0.63049
0.645656
0.659823
0.672785
0.683672
0.449481
0.468039
0.486881
0.505866
0.524799
0.543539
0.561973
0.579987
0.597462
0.614379
0.630536
0.64573
0.659936
0.673002
0.683993
0.469162
0.487452
0.506059
0.524819
0.543505
0.561942
0.579982
0.597488
0.614335
0.630489
0.645774
0.66002
0.673134
0.684217
0.488447
0.506504
0.524899
0.543427
0.561825
0.579883
0.597428
0.614317
0.630428
0.645729
0.660061
0.673224
0.684361
0.507321
0.525182
0.543374
0.561642
0.579685
0.597266
0.614207
0.63037
0.645654
0.660018
0.673261
0.684454
0.525785
0.543472
0.561447
0.579398
0.596992
0.613989
0.630219
0.645564
0.659934
0.673222
0.684487
0.543843
0.561354
0.579064
0.59661
0.61365
0.629956
0.64538
0.659818
0.673131
0.684453
0.561489
0.578786
0.596151
0.613189
0.629568
0.645085
0.659612
0.672997
0.684359
0.578695
0.595707
0.612626
0.629046
0.64466
0.659296
0.672777
0.684213
0.595415
0.612044
0.628403
0.644098
0.658852
0.672451
0.683986
0.611581
0.627714
0.643402
0.65827
0.672003
0.683662
0.627118
0.642641
0.657549
0.67142
0.683224
0.64195
0.656749
0.670699
0.68266
0.656002
0.669893
0.681964
0.669128
0.681183
0.680434
)
;

boundaryField
{
    inlet
    {
        type            fixedValue;
        value           nonuniform List<scalar> 0();
    }
    outlet
    {
        type            zeroGradient;
    }
    splitter
    {
        type            zeroGradient;
    }
    fuel_inlet
    {
        type            fixedValue;
        value           uniform 0;
    }
    back
    {
        type            zeroGradient;
    }
    sides
    {
        type            zeroGradient;
    }
    frontAndBack
    {
        type            empty;
    }
    procBoundary2to1
    {
        type            processor;
        value           nonuniform List<scalar> 
71
(
0.767
0.00541957
0.767
0.015615
0.767
0.0236525
0.767
0.0293838
0.767
0.0333312
0.767
0.0361448
0.766999
0.0379631
0.766995
0.0390777
0.766988
0.0396894
0.766976
0.0399951
0.766954
0.0402036
0.766914
0.0403097
0.766838
0.0403967
0.766681
0.0404396
0.766368
0.0404274
0.765811
0.0403575
0.764808
0.0402953
0.763029
0.0402534
0.75991
0.0404733
0.754478
0.0410589
0.745059
0.0420693
0.729522
0.0435446
0.706538
0.0455331
0.675056
0.0480554
0.63484
0.0511203
0.586829
0.054761
0.532859
0.0590232
0.475202
0.0639771
0.416462
0.069702
0.359347
0.0763046
0.306276
0.0839152
0.259041
0.0925564
0.218609
0.102622
0.185115
0.11414
0.158031
0.127099
0.127099
)
;
    }
    procBoundary2to3
    {
        type            processor;
        value           nonuniform List<scalar> 
83
(
0.446563
0.440104
0.434367
0.428901
0.423356
0.417579
0.411482
0.405002
0.398088
0.390695
0.382787
0.374339
0.365338
0.355786
0.345711
0.335168
0.324249
0.311202
0.296634
0.283214
0.271078
0.260252
0.25066
0.242157
0.234565
0.227713
0.221453
0.215666
0.210266
0.205197
0.200426
0.195948
0.191776
0.18793
0.184444
0.181369
0.178775
0.176742
0.175356
0.174719
0.174932
0.176094
0.178306
0.18166
0.186162
0.186162
0.183183
0.179253
0.180636
0.188093
0.196757
0.206633
0.217734
0.230067
0.230067
0.227292
0.22531
0.239331
0.255324
0.272395
0.290463
0.309406
0.329064
0.349247
0.369749
0.390364
0.410906
0.43122
0.451191
0.470748
0.489855
0.508507
0.526719
0.54451
0.561887
0.57884
0.595331
0.611304
0.626688
0.641407
0.655387
0.668479
0.679787
)
;
    }
}


// ************************************************************************* //
