/*--------------------------------*- C++ -*----------------------------------*\
  =========                 |
  \\      /  F ield         | OpenFOAM: The Open Source CFD Toolbox
   \\    /   O peration     | Website:  https://openfoam.org
    \\  /    A nd           | Version:  8
     \\/     M anipulation  |
\*---------------------------------------------------------------------------*/
FoamFile
{
    version     2.0;
    format      ascii;
    class       volScalarField;
    location    "0.05";
    object      nut;
}
// * * * * * * * * * * * * * * * * * * * * * * * * * * * * * * * * * * * * * //

dimensions      [0 2 -1 0 0 0 0];

internalField   nonuniform List<scalar> 
3919
(
6.34831e-05
0.00861555
0.000510252
6.40258e-05
0.00472957
0.0100042
0.000639675
0.000515476
6.44742e-05
0.00339901
0.00921923
0.0101667
0.000691584
0.000653468
0.000520932
6.48209e-05
0.00289239
0.00835068
0.0102116
0.0101495
0.0006842
0.000711989
0.000667463
0.000526382
6.5096e-05
0.00270395
0.00760271
0.0100965
0.0102977
0.0101253
0.000674142
0.000706038
0.000733057
0.000682715
0.000532097
6.53212e-05
0.00266516
0.00699995
0.00985369
0.0104008
0.0102408
0.010106
0.00082923
0.000689321
0.000729792
0.00075669
0.000697631
0.000537937
6.53586e-05
0.00269979
0.00649471
0.0095283
0.0104387
0.0103329
0.0101515
0.0100446
0.00157793
0.000831194
0.000707542
0.000757339
0.000780423
0.000714749
0.000543061
6.53302e-05
0.00278741
0.0060435
0.00915367
0.0103995
0.0103809
0.0101346
0.00982279
0.00952057
0.00337786
0.00155909
0.000834222
0.00073023
0.000786582
0.000807333
0.000729943
0.000548381
6.52076e-05
0.0029155
0.00564077
0.00874793
0.0102771
0.0103631
0.0100314
0.00942071
0.0080289
0.00403821
0.00609714
0.00332605
0.00153344
0.000839168
0.000756365
0.000819464
0.000834394
0.000746546
0.000553458
6.50657e-05
0.00302047
0.005279
0.00832458
0.0100695
0.0102616
0.0098133
0.00884219
0.00665706
0.00211942
3.41665e-05
0.00899341
0.00601717
0.00325775
0.00150132
0.000846524
0.000787315
0.000854236
0.00086309
0.000763171
0.000558934
6.48113e-05
0.00311334
0.0049979
0.00788523
0.00977975
0.0100544
0.00946729
0.0080376
0.00536518
0.00152079
0.000176418
4.30524e-05
0.011453
0.00889283
0.00591169
0.00317347
0.00146565
0.000857636
0.000821797
0.000892077
0.000892073
0.000780949
0.000563992
6.45704e-05
0.00319434
0.00479062
0.00745143
0.00940804
0.00973467
0.00893719
0.0071324
0.0039551
0.00108482
0.000602507
0.000536632
3.8417e-05
0.0132086
0.0113315
0.00876875
0.00578188
0.0030772
0.00142695
0.000872511
0.000861311
0.000931049
0.000922682
0.000798355
0.000569411
6.42579e-05
0.00326876
0.00464439
0.00704154
0.00896812
0.00927844
0.00828845
0.00593479
0.00298134
0.000772273
0.00112475
0.00115477
0.000528493
3.46654e-05
0.0142872
0.0130593
0.0111921
0.00862251
0.00563118
0.0029692
0.0013886
0.000893042
0.000903724
0.000973025
0.00095262
0.000816804
0.000574478
6.38228e-05
0.00334288
0.00454159
0.00667753
0.00845363
0.00871609
0.0074218
0.00493467
0.00194852
0.000674815
0.00134357
0.00165272
0.00125911
0.000512857
3.25573e-05
0.0147348
0.0140993
0.012902
0.0110364
0.00845579
0.00545887
0.00285397
0.00135216
0.00091849
0.000950887
0.00101524
0.000984682
0.000834536
0.000578867
6.33566e-05
0.00341976
0.0044837
0.00634462
0.00792951
0.00799184
0.0065435
0.0037487
0.00147427
0.000581129
0.00148531
0.00177557
0.0019711
0.00125278
0.000498035
2.98597e-05
0.0148165
0.0145136
0.0139122
0.0127395
0.010865
0.00826836
0.00527063
0.00272879
0.00131964
0.0009507
0.00100034
0.00105995
0.00101496
0.000851231
0.000583217
6.28491e-05
0.00350702
0.00445692
0.00606756
0.00729618
0.00728829
0.0054536
0.00292972
0.00099951
0.000621986
0.00157865
0.00170385
0.00252436
0.00202009
0.00123081
0.000481132
2.6805e-05
0.0146499
0.0145914
0.0143119
0.0137288
0.0125705
0.0106775
0.00806217
0.00506949
0.00259966
0.00129288
0.000988598
0.00105343
0.00110513
0.00104526
0.000868292
0.000587351
6.22452e-05
0.00358658
0.00445079
0.00577409
0.00671981
0.00631123
0.00460603
0.00209904
0.00080156
0.000668595
0.00163288
0.00165655
0.00272887
0.0027335
0.00201169
0.00120358
0.000459389
2.33479e-05
0.014286
0.0144166
0.0143734
0.0141153
0.0135419
0.0123943
0.0104741
0.00783865
0.00485729
0.00246968
0.00127311
0.00103301
0.00110878
0.00115104
0.00107587
0.000884961
0.000590805
6.16423e-05
0.00445193
0.00368521
0.00550356
0.00598913
0.00555283
0.00342299
0.00158052
0.000639878
0.000783413
0.00166413
0.00166409
0.0026352
0.00331308
0.00277694
0.00198409
0.00116359
0.000432507
1.99476e-05
0.0137188
0.0140536
0.0142046
0.0141635
0.0139149
0.0133552
0.0122141
0.0102591
0.0075979
0.00463646
0.00234169
0.00126216
0.00108321
0.00116658
0.00119664
0.00110692
0.000900461
0.000594245
6.09022e-05
0.00518898
0.0044167
0.00379058
0.00539825
0.00446408
0.00272339
0.00106633
0.000579762
0.0009622
0.00169334
0.00170213
0.00247114
0.003675
0.00348402
0.00276523
0.00193262
0.00111034
0.000403388
1.68685e-05
0.012997
0.0135093
0.0138333
0.013989
0.0139569
0.013721
0.0131757
0.0120276
0.0100329
0.00734441
0.00440962
0.00222038
0.00126082
0.00113917
0.00122519
0.00124452
0.00113673
0.000916089
0.000596761
6.009e-05
0.00467134
0.00474531
0.00436432
0.00384131
0.00375444
0.00188112
0.000844461
0.000576453
0.00116379
0.00170873
0.00176996
0.00235393
0.00378653
0.0040831
0.00351831
0.00271308
0.00185676
0.00104993
0.000374164
1.40985e-05
0.01212
0.0128113
0.0133117
0.0136323
0.0137794
0.0137643
0.0135318
0.0129928
0.0118274
0.00979664
0.00707476
0.0041825
0.00210709
0.00127016
0.00119935
0.0012866
0.00129025
0.00116696
0.000930092
0.000598776
5.92675e-05
0.00279244
0.0038771
0.00424065
0.00416732
0.00383392
0.00141769
0.000648482
0.00065953
0.00137756
0.00174809
0.00185424
0.00230236
0.00372696
0.00453625
0.00421642
0.00348018
0.00262224
0.00176637
0.000987267
0.000344857
1.15913e-05
0.0111489
0.0119726
0.012641
0.0131273
0.01344
0.0135874
0.0135686
0.0133466
0.012808
0.0116184
0.0095475
0.00679172
0.00395664
0.00200593
0.00129018
0.0012648
0.00134777
0.00133567
0.00119519
0.000943334
0.000600662
5.8391e-05
0.000961156
0.00208813
0.00315365
0.00362893
0.00391903
0.00378703
0.000594852
0.000784124
0.00158676
0.0018273
0.0019474
0.00230415
0.00360729
0.00481328
0.00482962
0.00421554
0.00338458
0.00250674
0.00166995
0.00092276
0.000314989
9.28933e-06
0.0102136
0.0110501
0.0118412
0.0124847
0.0129546
0.0132579
0.013402
0.0133813
0.0131632
0.0126259
0.0114
0.00928394
0.00649397
0.00373094
0.0019188
0.00132183
0.00133284
0.00141038
0.00138027
0.00122289
0.000956453
0.000602067
5.73821e-05
0.000609995
0.000778138
0.0014469
0.00241267
0.00315015
0.00360656
0.00368509
0.00100389
0.00176287
0.001947
0.00204823
0.002346
0.00349608
0.00492875
0.00533525
0.00490042
0.00412819
0.00325142
0.00237966
0.00156882
0.000855634
0.000283377
7.12615e-06
0.00935018
0.0101642
0.0109665
0.0117239
0.0123409
0.0127927
0.0130849
0.0132236
0.0132026
0.0129908
0.0124425
0.0111666
0.00900616
0.00619139
0.00350655
0.00184695
0.0013635
0.00140502
0.00147228
0.00142421
0.00125068
0.000968705
0.000602323
5.63366e-05
0.00128789
0.00075937
0.000675044
0.00103243
0.00192985
0.00271411
0.00325702
0.00352883
0.00196259
0.00208651
0.00217316
0.00241858
0.00341903
0.00492909
0.00570571
0.00551872
0.00483933
0.00398697
0.00309931
0.00224386
0.00146226
0.000783119
0.000247314
6.19662e-06
0.00855304
0.00934486
0.0101281
0.010896
0.011619
0.0122084
0.0126404
0.01292
0.0130519
0.0130305
0.0128145
0.0122547
0.0109268
0.00871733
0.00588459
0.00328889
0.00179157
0.00141578
0.00147895
0.00153524
0.00146829
0.00127701
0.000978864
0.00060218
5.53441e-05
0.00208854
0.0016229
0.00104202
0.00074891
0.000879091
0.00152196
0.00237664
0.00296358
0.00337037
0.00225492
0.00231239
0.00252378
0.00338181
0.00486724
0.00594173
0.00605118
0.00550782
0.00470338
0.00381749
0.00293338
0.00209921
0.00134648
0.000698505
0.000223346
8.74014e-06
0.00783341
0.00858479
0.00935097
0.0101034
0.0108368
0.0115249
0.0120856
0.0124967
0.0127625
0.0128867
0.0128625
0.0126392
0.0120652
0.010678
0.00841413
0.00557435
0.00308241
0.00175423
0.00147714
0.00155492
0.00159805
0.00151123
0.0013003
0.000988367
0.000602156
5.42763e-05
0.00243231
0.00225744
0.00200388
0.00144462
0.000988566
0.00087627
0.00128875
0.00211775
0.00274462
0.00320565
0.00247072
0.00266458
0.00338606
0.00478535
0.00606308
0.00647921
0.00611801
0.00539036
0.0045268
0.00362872
0.00275468
0.00194163
0.00121258
0.000628182
0.000244092
6.1952e-06
0.00713768
0.00790186
0.00862702
0.00936688
0.0100882
0.0107869
0.0114399
0.0119713
0.0123605
0.0126115
0.0127273
0.0126979
0.0124692
0.0118743
0.0104136
0.00810197
0.00526491
0.00289189
0.00173549
0.00154617
0.00163293
0.0016589
0.00155031
0.00132336
0.000997968
0.000601181
5.31644e-05
0.00265957
0.00264482
0.00251372
0.00232773
0.00181271
0.00128569
0.00098874
0.00119341
0.00190799
0.00257993
0.00306387
0.00283152
0.00343423
0.00470975
0.00609649
0.00679428
0.0066556
0.00603625
0.00521684
0.00432264
0.00342258
0.00255998
0.00176183
0.00109373
0.000638007
0.000223312
7.13255e-06
0.00647074
0.00723271
0.00797899
0.00867823
0.00939092
0.0100808
0.0107448
0.0113625
0.0118641
0.0122308
0.0124663
0.0125727
0.0125373
0.0123007
0.0116768
0.0101347
0.00777061
0.00495967
0.00272078
0.00173549
0.00162218
0.00171202
0.00171736
0.00159099
0.00134651
0.0010054
0.000599425
5.21384e-05
0.00301803
0.00290332
0.00290685
0.00280024
0.00260051
0.00218501
0.00164012
0.00122532
0.00121832
0.00177076
0.00248522
0.00295421
0.00352597
0.00465759
0.00607145
0.00700109
0.00710774
0.00662967
0.00587843
0.00500693
0.00409636
0.00319696
0.00234035
0.0016006
0.00107951
0.000628096
0.000247431
9.30395e-06
0.00587674
0.00658845
0.00733733
0.00806306
0.00873677
0.00942155
0.0100796
0.0107088
0.0112912
0.0117628
0.0121067
0.0123263
0.0124226
0.0123802
0.0121319
0.0114779
0.00985229
0.00742526
0.00466131
0.00257252
0.00175401
0.00170474
0.00178859
0.00177632
0.00163125
0.00136633
0.00101099
0.000597884
5.10947e-05
0.00366062
0.00326416
0.00319784
0.00319961
0.0030972
0.00289579
0.00254815
0.00199558
0.00150849
0.00133832
0.00173211
0.00241548
0.00289705
0.00464123
0.0060153
0.00711519
0.00746607
0.00715898
0.00650178
0.00567346
0.00476952
0.00384782
0.002945
0.00214567
0.00156321
0.00109359
0.000698751
0.000283612
1.1624e-05
0.00535194
0.00601392
0.00671669
0.00744978
0.00815238
0.00880113
0.00945691
0.010083
0.0106774
0.0112247
0.0116664
0.0119873
0.0121908
0.0122765
0.0122258
0.0119631
0.0112633
0.00956074
0.00707024
0.00436187
0.00244978
0.00179025
0.00179007
0.00186898
0.00183616
0.001667
0.00138362
0.00101664
0.000595655
5.00587e-05
0.00466962
0.00386776
0.00357492
0.00351502
0.00351643
0.0034233
0.00321012
0.00285234
0.00231915
0.00183511
0.00154255
0.00177056
0.00237869
0.00288736
0.00595369
0.00715756
0.00772925
0.00761361
0.00707648
0.00631338
0.0054348
0.0045071
0.00357233
0.00272691
0.00209038
0.00160041
0.00121294
0.000783658
0.00031539
0.00490446
0.00550284
0.00616363
0.00685276
0.00756832
0.00824558
0.00886932
0.00949578
0.0100895
0.0106493
0.011162
0.011574
0.0118721
0.0120593
0.0121341
0.0120739
0.0117944
0.0110352
0.00925733
0.00671078
0.00407397
0.00235293
0.00184324
0.00187866
0.00194901
0.00188865
0.00170023
0.00140105
0.00102038
0.000592865
4.90384e-05
0.0059081
0.00476667
0.00413866
0.00390639
0.00385702
0.00386296
0.00376605
0.00352376
0.0031595
0.00266564
0.00215295
0.001776
0.0018785
0.00239963
0.00290127
0.00714962
0.00790347
0.00798584
0.00759199
0.00691706
0.00608395
0.00516812
0.00421749
0.00334098
0.00266002
0.00214547
0.0017623
0.00134737
0.000856529
0.00453997
0.00506371
0.00567038
0.00632022
0.0069953
0.00769159
0.00834098
0.00894041
0.00953655
0.0100977
0.0106233
0.0111019
0.0114849
0.0117605
0.0119316
0.0119952
0.011924
0.011625
0.0107952
0.0089389
0.00635069
0.00380175
0.00228653
0.00190713
0.00197384
0.00202087
0.0019418
0.00173398
0.00141541
0.00102234
0.000589671
4.80718e-05
0.00711451
0.00589794
0.00494942
0.0044494
0.00426687
0.00422274
0.00421896
0.00411179
0.00384312
0.00346803
0.00295684
0.00243973
0.0020433
0.0020413
0.00246222
0.00294168
0.0080011
0.0082726
0.00803859
0.00747415
0.00670767
0.00582293
0.00487407
0.00398263
0.00326864
0.00272673
0.00234096
0.00194287
0.00146372
0.00424896
0.00470128
0.00524106
0.00584181
0.00648451
0.00714333
0.00781753
0.00843809
0.00901249
0.00957793
0.0101068
0.0105987
0.011044
0.0113985
0.011652
0.0118073
0.0118593
0.0117763
0.0114532
0.0105405
0.00861183
0.00599158
0.00355511
0.00224596
0.00198781
0.0020643
0.00209526
0.0019954
0.00176352
0.00142684
0.00102295
0.000586412
4.70897e-05
0.00803941
0.00707174
0.00596305
0.00518517
0.00479453
0.00464543
0.0046001
0.0045885
0.00446278
0.00416613
0.00376213
0.0032494
0.00274609
0.00230723
0.0022267
0.00258187
0.00300929
0.00847655
0.0084089
0.00797416
0.00729559
0.00646219
0.00553398
0.00464472
0.0039104
0.00334085
0.00294577
0.0025616
0.00210123
0.00401923
0.00440889
0.00488285
0.00542756
0.00602504
0.00665579
0.00729492
0.00794616
0.00853516
0.00908455
0.00961923
0.0101159
0.0105747
0.0109876
0.0113144
0.0115466
0.0116863
0.0117268
0.0116301
0.0112769
0.0102754
0.00826449
0.00564186
0.00333887
0.00223729
0.00207476
0.00215646
0.00217279
0.00204381
0.00178914
0.00143607
0.00102291
0.000582459
4.61927e-05
0.00860636
0.00804194
0.00705642
0.00609635
0.00547286
0.00516275
0.00503421
0.00498494
0.00495766
0.00481142
0.00448119
0.00404904
0.00353951
0.00300785
0.00255578
0.00244189
0.0027226
0.00310912
0.00383919
0.00869939
0.00840748
0.00783667
0.00707527
0.00618756
0.00531817
0.00457729
0.00398259
0.0035733
0.00319901
0.00275731
0.00418066
0.00459323
0.00507939
0.0056259
0.00621749
0.00683187
0.00745
0.0080746
0.00863193
0.0091564
0.00965992
0.0101247
0.0105511
0.0109325
0.0112326
0.0114441
0.0115689
0.0115972
0.0114845
0.0110975
0.00999252
0.00790033
0.0053017
0.00315756
0.00225457
0.00216707
0.00225647
0.00224041
0.00208783
0.00181214
0.00144396
0.00102084
0.000578939
4.52517e-05
0.00891181
0.00869205
0.00801968
0.00709938
0.00629495
0.00579685
0.00554328
0.00542674
0.00536819
0.00532113
0.00514611
0.00478512
0.00433004
0.00381052
0.00324606
0.00280754
0.00264756
0.00289266
0.00323747
0.00362787
0.00399897
0.00876687
0.00831985
0.00765045
0.00682359
0.00599206
0.00525922
0.00464481
0.0042187
0.00385029
0.00342585
0.0043639
0.0047967
0.00529004
0.00583618
0.00641654
0.00701299
0.00760667
0.00820404
0.00872919
0.00922774
0.00970003
0.0101332
0.0105278
0.0108787
0.011153
0.0113447
0.0114547
0.0114707
0.0113402
0.0109105
0.00969297
0.00753288
0.00496302
0.00301441
0.00229351
0.00227235
0.00234337
0.00230585
0.00212959
0.00183308
0.00144811
0.00101942
0.00057486
4.43641e-05
0.0090491
0.00908387
0.00871715
0.00802226
0.00720782
0.00654557
0.00614235
0.00592784
0.00581571
0.00574329
0.00566898
0.00546146
0.00507135
0.0045956
0.00404832
0.00349543
0.00301997
0.00287794
0.0030756
0.00339725
0.00379146
0.00418471
0.00873535
0.0081755
0.00742957
0.0066539
0.00594425
0.00531842
0.00487553
0.00450999
0.00410023
0.00457215
0.00501704
0.00551593
0.00605633
0.00662302
0.00719803
0.00776544
0.00833327
0.00882662
0.00929912
0.00973989
0.0101415
0.0105051
0.0108263
0.0110759
0.0112485
0.0113443
0.0113475
0.0111939
0.0107183
0.00939476
0.00715474
0.00464946
0.00290977
0.00235817
0.00237633
0.00243191
0.00237051
0.00216843
0.00184829
0.001453
0.00101665
0.000571257
4.34818e-05
0.00907639
0.00929995
0.00917486
0.00872727
0.00807285
0.00737579
0.0068311
0.00649779
0.0063091
0.00619484
0.0061027
0.0059946
0.00575573
0.00534365
0.00484794
0.00428858
0.00370874
0.00326074
0.00309767
0.00327376
0.00358599
0.00398412
0.0043982
0.00863866
0.00799211
0.00728973
0.00661885
0.0059925
0.00553572
0.00517144
0.00477397
0.004802
0.00525673
0.00575542
0.00628733
0.00683651
0.00738752
0.00793011
0.00846275
0.00892528
0.0093711
0.0097801
0.0101505
0.0104835
0.0107759
0.0110016
0.0111561
0.011238
0.0112261
0.0110488
0.0105068
0.00908538
0.00679501
0.00436884
0.00284562
0.0024393
0.00247873
0.00252132
0.00243053
0.00219956
0.00186427
0.00145548
0.00101504
0.000567471
4.26411e-05
0.0090303
0.00939668
0.00945903
0.00921698
0.00875968
0.00817722
0.00758927
0.00713694
0.00685426
0.00668091
0.0065577
0.00643862
0.00629482
0.00602866
0.00559703
0.00507842
0.00450378
0.00393282
0.00348739
0.0033269
0.00349289
0.00380151
0.00420717
0.00463712
0.00849781
0.0078846
0.00726808
0.00665453
0.00618956
0.00582665
0.00543979
0.00505436
0.00551391
0.00600981
0.00652894
0.00705779
0.00758466
0.00809902
0.00859711
0.00902976
0.00944501
0.0098223
0.0101613
0.0104639
0.0107281
0.0109307
0.0110677
0.0111354
0.0111085
0.010899
0.0102745
0.00877293
0.00644969
0.00412095
0.00281948
0.0025304
0.00259051
0.00260615
0.00248162
0.0022314
0.00187663
0.00145998
0.00101299
0.000564558
4.18453e-05
0.00893455
0.00941168
0.0096201
0.00954207
0.00925619
0.00883186
0.0083289
0.00783332
0.0074518
0.0072048
0.00703744
0.00689828
0.00674666
0.00656892
0.00628467
0.00582456
0.0052841
0.00469771
0.00413513
0.00370764
0.00356989
0.00373273
0.0040458
0.00445952
0.00490135
0.00842341
0.00787601
0.00729054
0.00682585
0.00646627
0.00608941
0.0053277
0.00579025
0.00627864
0.00678249
0.00729084
0.0077891
0.00827829
0.00873584
0.00914071
0.00952339
0.00986774
0.0101748
0.0104473
0.0106838
0.010864
0.0109838
0.0110376
0.0109919
0.0107453
0.0100353
0.00845111
0.00610776
0.00391975
0.00282712
0.00263414
0.00269457
0.00268038
0.00253347
0.00225849
0.00189197
0.00146315
0.00101358
0.000561703
4.08813e-05
0.00889233
0.00937041
0.00969415
0.00974561
0.00959987
0.00931935
0.00894599
0.00851635
0.00809531
0.00776717
0.00754344
0.00737327
0.00721215
0.00702625
0.0068189
0.00651613
0.00602584
0.00546735
0.00487769
0.00432494
0.00393608
0.00382246
0.00399841
0.00431991
0.00474
0.00518939
0.00842662
0.00788558
0.00743207
0.00707964
0.00671351
0.00562423
0.00608546
0.00656411
0.0070521
0.00753483
0.00801033
0.00846586
0.00888117
0.00925957
0.00960732
0.00991773
0.0101926
0.0104347
0.0106438
0.010802
0.0109051
0.0109438
0.0108761
0.0105916
0.00977671
0.00811275
0.00578807
0.00376309
0.00286288
0.0027462
0.00278904
0.00275602
0.00257996
0.00228964
0.00190426
0.00147158
0.00101402
0.000558236
4.01428e-05
0.00890537
0.00935777
0.00970683
0.00986062
0.00982639
0.00966645
0.00941644
0.00909557
0.00872779
0.00836544
0.0080763
0.0078649
0.00768418
0.00749687
0.00727944
0.00704668
0.0067155
0.00620249
0.00563235
0.00504404
0.00451771
0.00416757
0.00409885
0.00429162
0.00462278
0.0050473
0.00550433
0.00842455
0.00799482
0.00765504
0.00730173
0.00594368
0.00640052
0.00686942
0.00733604
0.00779747
0.0082387
0.00866087
0.00903825
0.00938617
0.00969786
0.00997391
0.0102156
0.010427
0.010609
0.0107455
0.0108318
0.0108537
0.0107634
0.0104285
0.00950503
0.0077959
0.0054866
0.00365013
0.00292807
0.00285274
0.00288982
0.002825
0.00263164
0.00231508
0.00192536
0.0014788
0.00101483
0.00055524
3.8186e-05
0.0088936
0.00937573
0.00972121
0.00991177
0.00996519
0.00990196
0.00975859
0.00954604
0.00927115
0.00895328
0.0086361
0.00837358
0.00816491
0.00796771
0.00775132
0.00750703
0.00725143
0.00688751
0.0063579
0.00578175
0.00520687
0.00471603
0.00442892
0.00439815
0.00461027
0.00495594
0.00538622
0.00584552
0.00850068
0.00818022
0.00784299
0.00628574
0.0067385
0.00719147
0.00763993
0.0080727
0.00848263
0.00886735
0.00921056
0.00952104
0.00979655
0.0100364
0.0102444
0.0104252
0.01058
0.0106953
0.010764
0.0107691
0.0106494
0.0102583
0.00924605
0.00747727
0.00522204
0.00358454
0.00300389
0.00296593
0.00298301
0.00290053
0.00267414
0.00235356
0.00194307
0.00148932
0.0010131
0.000541677
0.00893754
0.0093592
0.00974026
0.00994648
0.0100394
0.0100516
0.00999499
0.00987965
0.00970138
0.00946367
0.00918494
0.00890121
0.00865448
0.00844058
0.00822429
0.00797692
0.00771023
0.00742792
0.00703644
0.00649613
0.00592347
0.0053736
0.00493864
0.00470428
0.00472006
0.00495979
0.0053281
0.00575493
0.00621142
0.00864344
0.00832625
0.00665288
0.00709566
0.00753412
0.00795903
0.0083621
0.0087414
0.00908423
0.00939186
0.00966529
0.00990202
0.0101052
0.0102796
0.0104297
0.010558
0.0106515
0.0107032
0.0106878
0.0105354
0.0100924
0.00898366
0.00718631
0.00500034
0.00354958
0.0030955
0.00307446
0.00308514
0.00296309
0.0027338
0.00238563
0.00196969
0.00149091
0.000993238
0.00903509
0.00937353
0.00972274
0.00996717
0.0100873
0.0101367
0.0101477
0.0101134
0.0100255
0.00987451
0.00966557
0.00941658
0.00915592
0.00891563
0.008691
0.00845113
0.00817736
0.00788916
0.00758227
0.00716764
0.00662401
0.00606645
0.00556042
0.00518087
0.00500714
0.00507901
0.00535256
0.00572684
0.00615039
0.00660386
0.00874172
0.00704064
0.00747295
0.00789246
0.00829113
0.00866557
0.00900598
0.00931149
0.00958234
0.00981525
0.0100128
0.0101802
0.0103212
0.0104415
0.0105431
0.0106158
0.0106483
0.0106116
0.0104243
0.00990793
0.00872818
0.00692067
0.00480915
0.00354721
0.00319117
0.00319588
0.00317052
0.00304535
0.00278451
0.00243455
0.00197688
0.00147118
0.00908266
0.0094164
0.00970999
0.00994803
0.0101098
0.0101918
0.0102362
0.0102658
0.0102557
0.0101893
0.0100584
0.00987089
0.00964327
0.00939646
0.0091551
0.00891488
0.008654
0.00835348
0.00804071
0.00771324
0.00728692
0.00675085
0.00622546
0.00576688
0.00545904
0.00536114
0.00548953
0.00577783
0.00615321
0.00657378
0.00701757
0.0074476
0.0078649
0.00826198
0.00863404
0.00897237
0.00927694
0.00954602
0.00977551
0.0099676
0.0101288
0.010261
0.01037
0.0104608
0.010537
0.0105875
0.0106018
0.0105402
0.0103144
0.00971673
0.008482
0.00665364
0.00465538
0.00356728
0.00330518
0.00330092
0.00327466
0.00311958
0.00286023
0.00245129
0.00196741
0.00940275
0.00969869
0.00991487
0.0100888
0.0102159
0.0102945
0.0103542
0.0104069
0.0104161
0.0103646
0.0102474
0.0100749
0.00986113
0.00962022
0.00937175
0.00911627
0.0088272
0.00850938
0.00817579
0.00782919
0.00740341
0.00688994
0.00640178
0.00601057
0.00578516
0.00575475
0.00592881
0.00623201
0.00660898
0.00701858
0.00744927
0.00786739
0.00826562
0.00863712
0.00897621
0.00928192
0.00955085
0.00977826
0.009966
0.010123
0.0102485
0.0103477
0.0104259
0.010489
0.0105393
0.0105696
0.0105619
0.0104758
0.0102043
0.00952788
0.00823742
0.00640142
0.00453968
0.00361173
0.00341079
0.00341805
0.00338008
0.00322275
0.00289188
0.00246249
0.00962581
0.00986491
0.0100423
0.0101932
0.01032
0.0104138
0.0104945
0.0105666
0.0105885
0.0105457
0.0104372
0.010274
0.0100672
0.00982572
0.00956768
0.00929293
0.00897693
0.00863966
0.00829679
0.00794044
0.00752864
0.00704344
0.00661431
0.00629901
0.00614274
0.00618973
0.00639865
0.00671693
0.0070854
0.0074788
0.00789098
0.00829293
0.00866698
0.00900874
0.0093182
0.00958881
0.00981587
0.0100012
0.010157
0.010279
0.0103719
0.0104404
0.0104901
0.0105262
0.0105532
0.0105599
0.0105332
0.0104138
0.0100982
0.00933714
0.00799672
0.00617929
0.00444581
0.00366398
0.00352561
0.0035561
0.00351028
0.00327686
0.00293405
0.00975093
0.00996917
0.0101394
0.0102958
0.0104404
0.0105549
0.010654
0.0107389
0.0107674
0.0107287
0.0106243
0.0104653
0.0102598
0.0100136
0.00974214
0.00944677
0.0091104
0.00875617
0.00840602
0.0080573
0.00766663
0.00723083
0.00686834
0.0066338
0.00655987
0.00665886
0.00690099
0.00721972
0.00757726
0.00794752
0.00833758
0.00871627
0.00906054
0.00937718
0.00965098
0.00987921
0.0100645
0.0102223
0.0103449
0.0104357
0.0104991
0.0105398
0.010563
0.0105752
0.0105765
0.0105641
0.0105092
0.0103591
0.00999191
0.00913879
0.00778045
0.00596391
0.00436354
0.00373102
0.00366143
0.00370686
0.00358607
0.00335809
0.00983127
0.0100552
0.0102386
0.010415
0.0105823
0.010715
0.0108269
0.0109183
0.0109486
0.0109101
0.010806
0.0106468
0.0104385
0.0101836
0.00989809
0.009583
0.00922711
0.00887027
0.00851741
0.00818537
0.00783438
0.00745575
0.00716943
0.00701257
0.00700945
0.00716418
0.00741716
0.00773161
0.00807202
0.00841643
0.00877716
0.00912565
0.00944891
0.00972895
0.00995982
0.0101505
0.0103099
0.0104369
0.0105299
0.0105937
0.010631
0.0106468
0.0106471
0.0106343
0.010615
0.0105748
0.0104958
0.0103082
0.00988108
0.00896268
0.00755915
0.00573432
0.00431082
0.00382006
0.00381885
0.00382756
0.00370847
0.00990635
0.0101509
0.0103563
0.0105558
0.0107431
0.0108889
0.0110077
0.0111006
0.0111291
0.0110877
0.0109807
0.0108179
0.0106031
0.0103383
0.0100345
0.00970337
0.00933477
0.00898494
0.00863771
0.00833833
0.0080355
0.00772483
0.00751286
0.00742852
0.00749579
0.00767798
0.00793945
0.00824231
0.00855993
0.00887376
0.00919829
0.00952745
0.00981894
0.0100503
0.0102473
0.0104113
0.0105459
0.0106449
0.0107139
0.0107538
0.0107689
0.010764
0.0107416
0.0107091
0.0106618
0.010599
0.0104882
0.0102552
0.00977053
0.00876127
0.00732068
0.005536
0.00428261
0.0039335
0.00400586
0.00396334
0.00999881
0.0102685
0.0104964
0.0107158
0.0109176
0.0110711
0.011192
0.0112827
0.0113066
0.0112598
0.0111473
0.0109781
0.0107548
0.0104784
0.0101622
0.00980768
0.00944231
0.00910327
0.00877843
0.00852074
0.00827614
0.00803374
0.00789812
0.00788522
0.00799529
0.00819756
0.00845608
0.00874206
0.00903175
0.00930719
0.00960951
0.00991231
0.0101448
0.0103488
0.0105226
0.0106604
0.0107717
0.0108499
0.0108971
0.0109178
0.0109152
0.010891
0.0108512
0.0107931
0.010724
0.0106296
0.0104839
0.0102059
0.00963224
0.00858652
0.00707531
0.00535532
0.00427623
0.00410168
0.00412831
0.0101166
0.0104091
0.0106556
0.0108896
0.0111002
0.0112569
0.0113765
0.0114622
0.0114795
0.0114255
0.0113055
0.0111281
0.0108983
0.0106068
0.0102811
0.00990969
0.00955777
0.00923422
0.00894464
0.00873792
0.00855295
0.00838145
0.00831194
0.00835704
0.00849937
0.00870881
0.0089581
0.00922071
0.00947437
0.009728
0.0100038
0.0102409
0.0104502
0.0106351
0.010776
0.0109032
0.0109932
0.0110514
0.0110826
0.0110887
0.0110706
0.0110322
0.0109707
0.0108936
0.0107924
0.0106686
0.0104799
0.0101457
0.00951623
0.00834763
0.00682069
0.00517727
0.00431106
0.00427267
0.0102582
0.0105684
0.0108282
0.0110716
0.0112866
0.0114432
0.0115588
0.0116377
0.0116468
0.0115843
0.0114556
0.0112706
0.0110302
0.0107266
0.0103895
0.0100187
0.00968671
0.0093859
0.00914101
0.00898753
0.0088642
0.00875701
0.00874732
0.00883463
0.00899398
0.00920291
0.00943599
0.00966609
0.00990181
0.010129
0.0103345
0.0105485
0.0107448
0.0108922
0.0110325
0.0111373
0.0112084
0.0112535
0.0112732
0.0112678
0.0112391
0.0111836
0.0111067
0.0110001
0.0108731
0.0107053
0.0104731
0.010105
0.00932082
0.00814971
0.0065415
0.0049806
0.00446733
0.0104181
0.0107403
0.0110089
0.0112575
0.0114734
0.0116275
0.0117374
0.0118082
0.0118083
0.0117363
0.0115986
0.0114109
0.0111509
0.0108423
0.0104934
0.0101371
0.00983078
0.00956268
0.00936619
0.00926748
0.0092011
0.00915233
0.00919087
0.00930291
0.00947051
0.00967276
0.00987722
0.0100929
0.0102994
0.010462
0.010643
0.0108491
0.0110051
0.0111553
0.0112776
0.0113624
0.0114231
0.0114596
0.0114714
0.011459
0.011418
0.011351
0.0112485
0.0111206
0.0109495
0.0107446
0.0104809
0.00999695
0.00918352
0.00788393
0.00619611
0.00496116
0.0105901
0.0109196
0.0111932
0.011444
0.0116583
0.0118083
0.0119114
0.0119733
0.0119638
0.0118821
0.0117416
0.0115323
0.011268
0.0109535
0.0106026
0.0102679
0.00999298
0.00976389
0.009618
0.00957063
0.00955546
0.00955544
0.00962558
0.00975342
0.00992013
0.0100986
0.010292
0.0104783
0.0106336
0.0107718
0.0109471
0.0111118
0.0112716
0.0114107
0.0115093
0.0115863
0.011641
0.0116727
0.0116809
0.0116607
0.0116121
0.011524
0.0114046
0.0112354
0.0110321
0.0107921
0.0104386
0.00994657
0.00892812
0.0075695
0.00591735
0.0107689
0.0111021
0.011378
0.0116286
0.0118397
0.0119847
0.0120803
0.0121329
0.0121135
0.0120255
0.0118717
0.0116486
0.0113828
0.011065
0.0107204
0.0104131
0.0101729
0.00998743
0.00989064
0.00988924
0.00991675
0.00995196
0.0100437
0.0101768
0.0103299
0.0104983
0.0106671
0.0108148
0.0109468
0.0110776
0.0112114
0.0113806
0.0115343
0.0116467
0.0117398
0.0118131
0.0118658
0.0118969
0.0119013
0.0118769
0.0118116
0.0117107
0.0115539
0.0113583
0.0111146
0.0108046
0.0104282
0.00978375
0.00872874
0.00715493
0.0109504
0.0112846
0.0115609
0.0118098
0.0120169
0.0121562
0.0122439
0.0122869
0.0122591
0.0121661
0.0119837
0.0117651
0.0114929
0.0111784
0.0108482
0.010572
0.0103689
0.0102287
0.0101771
0.0102141
0.010273
0.0103335
0.0104364
0.0105647
0.0107115
0.0108643
0.0110024
0.0111277
0.0112486
0.0113433
0.011482
0.0116477
0.0117733
0.0118819
0.0119732
0.0120468
0.0121015
0.0121321
0.0121353
0.0120984
0.012024
0.0118898
0.0117116
0.01147
0.0111739
0.0108263
0.0103676
0.00965115
0.00834239
0.0111316
0.011465
0.0117404
0.0119868
0.0121892
0.0123225
0.0124019
0.0124358
0.0124056
0.0122768
0.0121005
0.0118748
0.0116001
0.0112944
0.0109857
0.010743
0.0105777
0.0104815
0.0104694
0.0105351
0.0106163
0.0106928
0.010798
0.0109242
0.011062
0.0111903
0.0113092
0.0114218
0.0115153
0.011616
0.0117508
0.0118889
0.0120119
0.0121202
0.0122139
0.0122916
0.0123487
0.0123806
0.0123749
0.0123318
0.0122279
0.012076
0.0118483
0.0115717
0.0112227
0.0108279
0.0103049
0.00933162
0.0113102
0.0116417
0.0119155
0.012159
0.0123565
0.0124833
0.0125541
0.012586
0.0125219
0.0123911
0.0122096
0.0119766
0.0117045
0.0114124
0.0111313
0.0109233
0.0107947
0.0107393
0.0107588
0.0108453
0.0109404
0.0110253
0.0111324
0.0112566
0.0113754
0.0114882
0.0115949
0.0116907
0.0117893
0.0118848
0.0119936
0.0121299
0.0122539
0.0123662
0.0124658
0.0125483
0.0126087
0.0126347
0.0126251
0.0125557
0.0124366
0.0122355
0.0119829
0.0116402
0.0112672
0.0108002
0.0101345
0.0114848
0.0118139
0.0120857
0.012326
0.0125184
0.0126379
0.0127071
0.0127106
0.0126313
0.0125001
0.0123064
0.0120708
0.0118055
0.0115315
0.0112825
0.011109
0.011015
0.0109947
0.0110393
0.0111392
0.0112424
0.0113345
0.011445
0.0115545
0.0116629
0.0117675
0.0118662
0.0119618
0.012054
0.0121294
0.0122364
0.0123747
0.0125041
0.0126239
0.0127302
0.0128177
0.0128744
0.0128983
0.0128648
0.0127821
0.0126165
0.0123911
0.0120667
0.0117148
0.0112598
0.0107211
0.0116543
0.0119809
0.0122507
0.0124877
0.0126739
0.0127926
0.01284
0.0128155
0.012741
0.0125926
0.0123914
0.0121567
0.0119021
0.0116502
0.0114365
0.0112963
0.0112338
0.0112411
0.0113058
0.0114137
0.0115256
0.0116253
0.0117296
0.0118352
0.0119381
0.0120363
0.0121294
0.0122206
0.0123001
0.0123739
0.0124832
0.0126281
0.0127664
0.0128945
0.0130072
0.0130928
0.0131487
0.0131505
0.0131049
0.0129783
0.0127833
0.0124883
0.0121585
0.0117157
0.0112368
0.0118182
0.0121425
0.0124103
0.0126431
0.0128291
0.0129309
0.0129419
0.0129261
0.0128303
0.0126696
0.0124641
0.0122338
0.0119938
0.0117675
0.0115903
0.011483
0.0114492
0.011478
0.011557
0.0116728
0.0117917
0.0118917
0.0119952
0.0120975
0.0121963
0.0122909
0.0123837
0.0124676
0.012546
0.012623
0.0127392
0.0128941
0.0130421
0.0131776
0.0132898
0.0133754
0.0134105
0.013401
0.0133124
0.0131507
0.0128917
0.0125869
0.0121606
0.0117192
0.0119762
0.0122986
0.0125639
0.0127985
0.0129684
0.0130305
0.0130539
0.0130137
0.0129009
0.0127308
0.0125243
0.0123023
0.0120807
0.0118826
0.011741
0.011667
0.0116585
0.011706
0.011797
0.01192
0.0120406
0.0121421
0.0122465
0.0123483
0.0124458
0.0125415
0.0126303
0.0127144
0.0127972
0.0128818
0.0130082
0.0131739
0.0133301
0.0134664
0.013579
0.0136447
0.0136689
0.0136156
0.0134891
0.0132672
0.0129901
0.0125863
0.0121717
0.0121285
0.0124495
0.0127183
0.0129363
0.013067
0.0131432
0.0131411
0.0130799
0.0129527
0.0127764
0.0125728
0.012363
0.0121634
0.0119955
0.0118868
0.0118452
0.0118621
0.0119268
0.0120287
0.0121575
0.0122794
0.0123836
0.0124887
0.0125925
0.0126924
0.0127869
0.0128775
0.0129672
0.0130591
0.0131543
0.0132914
0.0134661
0.0136239
0.0137608
0.0138541
0.013909
0.0138881
0.0137958
0.013609
0.0133617
0.0129851
0.0125949
0.0122767
0.0126012
0.0128502
0.0130364
0.0131795
0.0132296
0.0132049
0.0131248
0.0129863
0.0128078
0.0126114
0.012418
0.0122437
0.0121074
0.012031
0.0120187
0.0120591
0.0121409
0.0122535
0.0123883
0.0125132
0.0126197
0.0127267
0.0128343
0.0129363
0.0130342
0.0131317
0.0132318
0.0133355
0.0134415
0.013587
0.0137639
0.0139224
0.0140404
0.0141227
0.014131
0.0140705
0.0139161
0.013699
0.0133511
0.0129855
0.0124243
0.0127245
0.0129529
0.0131486
0.0132647
0.0132912
0.0132456
0.0131494
0.0130036
0.0128276
0.0126432
0.0124704
0.0123242
0.0122205
0.0121767
0.012192
0.012254
0.0123515
0.0124748
0.0126148
0.0127441
0.0128543
0.0129657
0.013076
0.0131836
0.0132897
0.0133987
0.0135117
0.0136271
0.013741
0.0138881
0.0140658
0.0142055
0.0143121
0.0143463
0.0143145
0.0141895
0.0140009
0.0136817
0.0133401
0.0125393
0.0128303
0.0130638
0.0132341
0.0133245
0.0133283
0.0132642
0.013156
0.0130079
0.0128397
0.0126723
0.0125243
0.0124087
0.0123391
0.0123271
0.0123687
0.0124509
0.0125632
0.0126954
0.0128401
0.012975
0.0130914
0.0132067
0.0133229
0.0134404
0.0135591
0.013682
0.0138074
0.013931
0.0140459
0.0141926
0.0143515
0.0144796
0.0145365
0.0145302
0.0144313
0.0142686
0.0139767
0.0136577
0.0126495
0.0129393
0.0131494
0.0132945
0.0133594
0.0133424
0.0132636
0.0131484
0.0130039
0.0128492
0.0127041
0.0125848
0.0125025
0.0124671
0.0124857
0.0125519
0.012653
0.0127776
0.0129172
0.0130676
0.0132093
0.0133323
0.0134546
0.0135807
0.0137123
0.0138456
0.0139815
0.0141153
0.0142401
0.0143534
0.0144804
0.0146273
0.0147041
0.0147202
0.0146442
0.0145045
0.0142376
0.0139392
0.0127566
0.0130242
0.0132108
0.0133301
0.0133708
0.0133363
0.0132478
0.0131319
0.0129973
0.0128624
0.0127444
0.0126577
0.0126103
0.0126086
0.0126558
0.0127445
0.0128614
0.0129961
0.0131431
0.0133005
0.0134494
0.0135815
0.0137149
0.0138549
0.0140017
0.0141487
0.0142931
0.014428
0.0145506
0.0146436
0.0147574
0.0148517
0.0148874
0.0148313
0.0147116
0.0144672
0.014187
0.0128424
0.0130869
0.0132486
0.0133426
0.013362
0.0133145
0.0132224
0.0131128
0.0129951
0.0128859
0.0128
0.0127486
0.0127366
0.0127667
0.0128398
0.0129475
0.013077
0.0132209
0.0133759
0.0135414
0.0136998
0.0138444
0.0139925
0.0141481
0.0143079
0.0144636
0.0146088
0.0147409
0.0148431
0.0149219
0.0149816
0.0150344
0.0149955
0.0148933
0.0146686
0.0144041
0.0129083
0.0131277
0.0132643
0.0133352
0.0133375
0.013283
0.0131944
0.0130985
0.0130046
0.0129269
0.0128769
0.0128622
0.0128842
0.0129431
0.0130382
0.013161
0.0133014
0.0134543
0.0136182
0.013794
0.0139652
0.0141255
0.0142897
0.0144584
0.0146257
0.014782
0.0149236
0.015035
0.0151224
0.0151456
0.0151637
0.0151396
0.0150526
0.014845
0.0145939
0.0129549
0.0131481
0.013261
0.0133122
0.0133032
0.0132487
0.0131714
0.0130969
0.0130334
0.0129917
0.0129799
0.0130013
0.0130547
0.0131382
0.0132507
0.0133859
0.0135363
0.0136987
0.0138733
0.0140625
0.0142497
0.0144262
0.0146035
0.0147795
0.0149461
0.0150981
0.0152187
0.0153147
0.0153451
0.0153269
0.0152663
0.0151924
0.0149996
0.0147597
0.0129831
0.0131511
0.013243
0.0132797
0.0132666
0.0132199
0.0131616
0.0131159
0.0130881
0.0130854
0.0131117
0.013167
0.0132477
0.013351
0.0134775
0.0136235
0.0137838
0.0139571
0.0141452
0.0143508
0.0145543
0.0147432
0.0149275
0.0151021
0.0152629
0.0153937
0.0154982
0.0155358
0.0155251
0.0154262
0.0153153
0.0151352
0.0149048
0.0129959
0.0131404
0.0132158
0.0132447
0.0132357
0.0132048
0.0131733
0.0131623
0.0131737
0.0132107
0.0132732
0.0133586
0.0134618
0.013581
0.0137191
0.0138753
0.0140465
0.0142331
0.0144373
0.0146592
0.0148747
0.0150694
0.0152516
0.0154197
0.0155586
0.0156725
0.0157174
0.0157141
0.0156198
0.0154706
0.0152545
0.015032
0.0127971
0.0129964
0.0131214
0.0131864
0.0132155
0.0132189
0.0132118
0.0132133
0.0132412
0.0132931
0.0133681
0.0134633
0.0135742
0.0136958
0.0138279
0.0139764
0.0141433
0.0143272
0.0145294
0.0147495
0.0149829
0.0152031
0.0153943
0.0155692
0.0157152
0.0158364
0.0158894
0.0158935
0.015804
0.0156587
0.0154056
0.0151439
0.0125595
0.0128125
0.0129894
0.0131006
0.0131628
0.0132004
0.0132247
0.013248
0.013287
0.0133555
0.0134466
0.0135563
0.0136797
0.0138118
0.0139486
0.014092
0.0142508
0.0144297
0.0146285
0.0148458
0.0150764
0.0153136
0.0155287
0.0157113
0.0158637
0.0159915
0.0160509
0.0160632
0.0159785
0.0158373
0.0155884
0.0152858
0.0122871
0.0125932
0.0128212
0.0129808
0.0130855
0.013153
0.0132078
0.01326
0.0133185
0.0133972
0.0135056
0.0136327
0.0137727
0.0139198
0.0140698
0.0142197
0.0143736
0.0145436
0.0147363
0.0149494
0.0151762
0.0154094
0.0156399
0.0158449
0.0160046
0.0161382
0.0162034
0.0162223
0.016143
0.0160061
0.0157617
0.0154571
0.0123424
0.0126211
0.0128285
0.0129777
0.013084
0.0131653
0.0132444
0.0133299
0.0134264
0.0135443
0.0136896
0.0138485
0.0140142
0.0141815
0.0143467
0.0145084
0.0146731
0.014856
0.015062
0.0152833
0.0155115
0.0157368
0.0159557
0.0161366
0.0162769
0.0163472
0.0163719
0.0162969
0.0161651
0.0159253
0.0156186
0.0123931
0.0126477
0.0128407
0.0129874
0.0131041
0.0132063
0.0133155
0.0134374
0.0135718
0.0137264
0.0139043
0.0140905
0.0142781
0.0144625
0.014641
0.014814
0.014991
0.0151864
0.0153993
0.0156207
0.0158395
0.0160524
0.0162462
0.0164065
0.0164829
0.0165126
0.0164412
0.0163137
0.0160791
0.0157703
0.0124428
0.0126786
0.0128646
0.0130177
0.0131519
0.013281
0.0134239
0.0135827
0.0137528
0.0139401
0.0141463
0.0143556
0.0145617
0.0147605
0.0149511
0.0151365
0.0153255
0.0155266
0.0157384
0.0159489
0.0161545
0.0163421
0.0165144
0.0166095
0.0166451
0.0165765
0.0164525
0.0162228
0.0159121
0.0124957
0.0127196
0.0129077
0.0130743
0.0132324
0.0133923
0.0135699
0.0137637
0.0139661
0.0141818
0.0144119
0.0146405
0.0148618
0.0150731
0.0152761
0.0154736
0.0156676
0.0158665
0.0160661
0.0162628
0.0164431
0.0166093
0.0167152
0.0167684
0.0167037
0.0165826
0.0163565
0.0160437
0.0125569
0.0127778
0.0129749
0.0131619
0.0133483
0.0135405
0.0137515
0.0139772
0.0142077
0.0144476
0.0146976
0.0149419
0.0151756
0.015399
0.015614
0.015816
0.0160072
0.0161926
0.0163781
0.0165496
0.0167089
0.0168087
0.0168717
0.0168218
0.0167045
0.0164816
0.0161649
0.0126331
0.0128575
0.013071
0.0132834
0.0134999
0.0137238
0.0139654
0.014219
0.0144736
0.0147338
0.0149996
0.0152561
0.0155013
0.0157361
0.0159549
0.0161534
0.0163301
0.0165016
0.0166621
0.0168135
0.0169067
0.0169634
0.0169208
0.0168175
0.0165986
0.0162773
0.0124762
0.012727
0.0129631
0.0131987
0.013439
0.0136856
0.0139387
0.0142076
0.0144852
0.0147601
0.0150362
0.015314
0.0155811
0.0158369
0.0160744
0.0162887
0.0164714
0.0166344
0.0167818
0.0169236
0.0170094
0.0170593
0.0170091
0.0169123
0.0167066
0.0163811
0.0123108
0.0125869
0.0128434
0.0130977
0.0133587
0.0136273
0.0139021
0.0141816
0.0144742
0.0147719
0.0150627
0.0153507
0.0156383
0.0159151
0.0161723
0.0164041
0.0166008
0.0167696
0.0169092
0.0170399
0.0171171
0.0171597
0.0171014
0.0169968
0.016797
0.0164759
0.0121459
0.0124415
0.012716
0.0129855
0.0132621
0.0135496
0.0138453
0.0141458
0.0144487
0.0147612
0.0150748
0.0153772
0.0156747
0.0159711
0.0162479
0.016498
0.0167102
0.016892
0.0170373
0.0171628
0.0172303
0.0172645
0.0171978
0.0170852
0.0168776
0.016554
0.0122986
0.0125858
0.0128668
0.0131544
0.0134552
0.0137687
0.0140897
0.0144132
0.014736
0.0150645
0.0153894
0.0157009
0.0160067
0.0163019
0.0165702
0.0167986
0.0169947
0.0171523
0.0172854
0.0173493
0.0173741
0.0172981
0.0171771
0.0169617
0.0166227
0.0124601
0.0127471
0.0130406
0.0133494
0.0136748
0.014013
0.0143571
0.0147007
0.0150396
0.0153796
0.015713
0.0160323
0.0163365
0.0166218
0.0168664
0.0170773
0.0172478
0.0173944
0.0174669
0.0174885
0.0174026
0.0172724
0.0170487
0.0166934
0.0126335
0.012927
0.0132372
0.0135685
0.0139183
0.0142798
0.0146444
0.0150045
0.0153553
0.0157039
0.0160442
0.0163611
0.016655
0.0169148
0.0171404
0.0173242
0.0174844
0.0175707
0.0176009
0.0175111
0.0173709
0.0171384
0.0167656
0.0128211
0.0131259
0.0134552
0.0138099
0.0141834
0.0145663
0.0149481
0.0153206
0.0156805
0.0160357
0.0163726
0.0166785
0.0169462
0.0171855
0.0173824
0.0175561
0.0176557
0.0176993
0.0176168
0.0174721
0.0172304
0.0168384
0.0130234
0.0133429
0.0136934
0.0140719
0.0144679
0.0148695
0.0152648
0.0156467
0.0160135
0.0163649
0.0166893
0.0169681
0.0172148
0.017424
0.0176105
0.017723
0.0177796
0.0177088
0.0175698
0.0173242
0.0169112
0.0132403
0.0135774
0.0139507
0.014353
0.0147696
0.0151864
0.0155921
0.0159809
0.0163438
0.0166824
0.0169782
0.0172352
0.017451
0.0176494
0.0177739
0.0178429
0.0177834
0.0176537
0.0174138
0.016983
0.0134718
0.0138291
0.0142266
0.0146516
0.015086
0.0155151
0.0159281
0.0163127
0.0166626
0.016972
0.0172444
0.0174697
0.0176749
0.0178102
0.0178908
0.0178418
0.0177208
0.01749
0.017049
0.0137186
0.0140985
0.0145203
0.0149662
0.0154156
0.0158532
0.0162622
0.016633
0.0169537
0.0172388
0.0174781
0.0176923
0.017834
0.0179251
0.0178858
0.017773
0.0175504
0.0171027
0.0139817
0.0143859
0.0148313
0.0152958
0.0157559
0.0161903
0.016585
0.0169258
0.0172219
0.0174732
0.0176998
0.0178499
0.0179478
0.0179173
0.0178119
0.017597
0.0171437
0.0142624
0.0146915
0.0151591
0.0156375
0.0160963
0.0165167
0.016881
0.0171959
0.0174578
0.0176952
0.0178565
0.0179627
0.017938
0.0178393
0.0176314
0.0171738
0.0145619
0.0150157
0.0155009
0.0159811
0.0164269
0.0168171
0.0171543
0.0174338
0.0176806
0.0178522
0.0179685
0.0179513
0.0178573
0.0176555
0.0171949
0.0148814
0.0153558
0.0158466
0.0163161
0.0167328
0.0170949
0.0173955
0.0176578
0.0178384
0.0179638
0.0179559
0.0178685
0.0176712
0.0172089
0.0152182
0.015702
0.0161856
0.0166281
0.0170163
0.0173409
0.0176216
0.0178165
0.0179499
0.0179511
0.0178718
0.0176806
0.0172173
0.0155632
0.0160435
0.0165037
0.0169181
0.0172683
0.0175701
0.0177822
0.0179281
0.0179376
0.0178668
0.0176828
0.0172218
0.0159057
0.0163668
0.0168005
0.017177
0.0175016
0.0177334
0.0178946
0.0179165
0.0178539
0.0176776
0.0172215
0.0162326
0.0166699
0.0170667
0.0174151
0.0176685
0.0178476
0.0178846
0.017834
0.0176653
0.017216
0.0165404
0.0169429
0.01731
0.017586
0.0177853
0.0178401
0.0178046
0.0176466
0.0172058
0.0168188
0.0171911
0.0174852
0.0177062
0.0177812
0.0177635
0.0176192
0.0171915
0.0170709
0.0173702
0.0176091
0.0177062
0.017709
0.0175812
0.0171714
0.0172532
0.0174978
0.0176138
0.0176394
0.0175309
0.0171437
0.0173838
0.0175073
0.0175529
0.0174665
0.0171066
0.0173976
0.0174522
0.0173861
0.0170582
0.0173474
0.0172919
0.0169965
0.0171931
0.0169221
0.0168417
)
;

boundaryField
{
    inlet
    {
        type            calculated;
        value           nonuniform List<scalar> 0();
    }
    outlet
    {
        type            calculated;
        value           nonuniform List<scalar> 
71
(
3.8186e-05
0.000541677
0.000993238
0.00147118
0.00196741
0.00246249
0.00293405
0.00335809
0.00370847
0.00396334
0.00412831
0.00427267
0.00446733
0.00496116
0.00591735
0.00715493
0.00834239
0.00933162
0.0101345
0.0107211
0.0112368
0.0117192
0.0121717
0.0125949
0.0129855
0.0133401
0.0136577
0.0139392
0.014187
0.0144041
0.0145939
0.0147597
0.0149048
0.015032
0.0151439
0.0152858
0.0154571
0.0156186
0.0157703
0.0159121
0.0160437
0.0161649
0.0162773
0.0163811
0.0164759
0.016554
0.0166227
0.0166934
0.0167656
0.0168384
0.0169112
0.016983
0.017049
0.0171027
0.0171437
0.0171738
0.0171949
0.0172089
0.0172173
0.0172218
0.0172215
0.017216
0.0172058
0.0171915
0.0171714
0.0171437
0.0171066
0.0170582
0.0169965
0.0169221
0.0168417
)
;
    }
    splitter
    {
        type            nutkWallFunction;
        Cmu             0.09;
        kappa           0.41;
        E               9.8;
        value           nonuniform List<scalar> 0();
    }
    fuel_inlet
    {
        type            calculated;
        value           uniform 0.0100623;
    }
    back
    {
        type            nutkWallFunction;
        Cmu             0.09;
        kappa           0.41;
        E               9.8;
        value           uniform 0;
    }
    sides
    {
        type            nutkWallFunction;
        Cmu             0.09;
        kappa           0.41;
        E               9.8;
        value           uniform 0;
    }
    frontAndBack
    {
        type            empty;
    }
    procBoundary2to1
    {
        type            processor;
        value           nonuniform List<scalar> 
71
(
6.28243e-05
0.00191185
0.000505229
0.00119061
0.00062676
0.000945745
0.00067343
0.000874043
0.000666009
0.00082986
0.000662808
0.000858532
0.000827733
0.000940855
0.00158783
0.00109366
0.0034098
0.00128593
0.0061516
0.00149844
0.00907012
0.00172125
0.0115564
0.00195285
0.013349
0.00218065
0.0144704
0.00239808
0.0149456
0.002586
0.0150377
0.00273906
0.0148847
0.00287511
0.0145124
0.0030229
0.0139535
0.00315983
0.0131995
0.00327623
0.012285
0.00336454
0.0112646
0.00343091
0.0102779
0.00347534
0.00936826
0.00347983
0.00853274
0.00345927
0.0077751
0.0034152
0.00705278
0.00336345
0.00636306
0.00331506
0.00574894
0.00327012
0.00521169
0.00324437
0.00476274
0.00323809
0.00439289
0.00326151
0.00410614
0.0033122
0.00388165
0.00338843
0.00370431
0.00349351
0.00349351
)
;
    }
    procBoundary2to3
    {
        type            processor;
        value           nonuniform List<scalar> 
83
(
1.41463e-05
0.000345411
0.000924
0.00157075
0.00224647
0.00293667
0.00363267
0.00432722
0.00501208
0.0056791
0.00631944
0.00692342
0.0074807
0.00798078
0.00841407
0.00877332
0.00905538
0.00930596
0.00946465
0.00954727
0.00960459
0.00967059
0.00976203
0.00988232
0.0100274
0.0101906
0.0103654
0.0105465
0.0107298
0.0109122
0.0110913
0.0112655
0.0114338
0.0115955
0.0117504
0.0118992
0.0120459
0.0121864
0.0122966
0.0124109
0.0125168
0.0126048
0.0126763
0.0127313
0.0127707
0.0127707
0.0125162
0.0122239
0.0119772
0.0120583
0.0121365
0.0122139
0.0122937
0.0123794
0.0123794
0.0121903
0.0119991
0.0119865
0.0121623
0.012342
0.0125287
0.012725
0.0129319
0.0131497
0.0133793
0.0136219
0.0138793
0.0141535
0.0144467
0.0147606
0.0150929
0.0154353
0.0157773
0.0161061
0.0164173
0.0166998
0.0169554
0.0171407
0.0172746
0.0172931
0.0172481
0.0170997
0.0167664
)
;
    }
}


// ************************************************************************* //
