/*--------------------------------*- C++ -*----------------------------------*\
  =========                 |
  \\      /  F ield         | OpenFOAM: The Open Source CFD Toolbox
   \\    /   O peration     | Website:  https://openfoam.org
    \\  /    A nd           | Version:  8
     \\/     M anipulation  |
\*---------------------------------------------------------------------------*/
FoamFile
{
    version     2.0;
    format      ascii;
    class       volScalarField;
    location    "0.05";
    object      p;
}
// * * * * * * * * * * * * * * * * * * * * * * * * * * * * * * * * * * * * * //

dimensions      [1 -1 -2 0 0 0 0];

internalField   nonuniform List<scalar> 
3919
(
101319
101275
101319
101319
101276
101282
101319
101319
101319
101277
101282
101288
101319
101319
101319
101319
101279
101282
101288
101291
101319
101319
101319
101319
101319
101281
101283
101288
101291
101294
101319
101319
101319
101319
101319
101319
101283
101284
101288
101291
101294
101297
101319
101319
101319
101319
101319
101319
101319
101286
101286
101289
101291
101294
101297
101299
101319
101319
101319
101319
101319
101319
101319
101319
101288
101288
101290
101292
101294
101297
101299
101301
101318
101319
101319
101319
101319
101319
101319
101319
101320
101290
101290
101291
101292
101294
101297
101299
101301
101316
101318
101318
101319
101319
101319
101319
101319
101319
101320
101320
101292
101291
101292
101293
101295
101297
101299
101300
101313
101294
101318
101318
101318
101319
101319
101319
101319
101319
101320
101320
101320
101294
101293
101293
101294
101295
101297
101299
101300
101310
101300
101301
101318
101318
101318
101319
101319
101319
101319
101319
101320
101320
101320
101321
101296
101295
101294
101295
101296
101297
101299
101300
101308
101301
101300
101301
101318
101318
101318
101319
101319
101319
101319
101319
101320
101320
101320
101321
101321
101297
101296
101296
101296
101296
101297
101299
101300
101306
101301
101300
101301
101302
101318
101318
101318
101318
101319
101319
101319
101319
101320
101320
101320
101321
101321
101321
101299
101298
101297
101297
101297
101298
101299
101300
101305
101301
101301
101301
101302
101302
101317
101318
101318
101318
101319
101319
101319
101319
101320
101320
101320
101321
101321
101321
101322
101300
101299
101298
101298
101298
101298
101300
101300
101304
101301
101301
101301
101302
101302
101302
101317
101318
101318
101318
101319
101319
101319
101319
101320
101320
101320
101321
101321
101321
101322
101322
101301
101300
101299
101299
101299
101299
101300
101300
101303
101301
101301
101301
101301
101302
101302
101303
101317
101317
101318
101318
101318
101319
101319
101319
101320
101320
101320
101321
101321
101321
101322
101322
101323
101302
101301
101300
101300
101299
101299
101300
101300
101303
101301
101301
101301
101301
101302
101302
101303
101303
101316
101317
101317
101318
101318
101319
101319
101319
101320
101320
101320
101321
101321
101321
101322
101322
101323
101323
101302
101303
101301
101301
101300
101300
101300
101301
101303
101301
101301
101301
101301
101302
101302
101302
101303
101303
101316
101317
101317
101318
101318
101319
101319
101319
101320
101320
101320
101321
101321
101321
101322
101322
101323
101323
101324
101302
101303
101304
101301
101301
101300
101301
101301
101303
101301
101301
101301
101301
101302
101302
101302
101303
101303
101303
101316
101316
101317
101317
101318
101318
101319
101319
101320
101320
101320
101321
101321
101321
101322
101322
101323
101323
101324
101324
101302
101303
101304
101305
101301
101301
101301
101301
101303
101301
101301
101301
101301
101301
101302
101302
101302
101303
101303
101303
101315
101316
101317
101317
101318
101318
101319
101319
101320
101320
101320
101321
101321
101321
101322
101322
101323
101323
101324
101324
101324
101302
101303
101303
101304
101305
101301
101301
101302
101303
101302
101301
101301
101301
101301
101302
101302
101302
101303
101303
101303
101303
101315
101315
101316
101317
101318
101318
101319
101319
101320
101320
101320
101321
101321
101321
101322
101322
101323
101323
101324
101324
101324
101325
101302
101302
101303
101304
101305
101305
101302
101302
101302
101302
101301
101301
101301
101301
101302
101302
101302
101302
101303
101303
101303
101303
101314
101315
101316
101317
101317
101318
101318
101319
101319
101320
101320
101321
101321
101321
101322
101322
101323
101323
101324
101324
101324
101325
101325
101302
101302
101303
101303
101304
101305
101306
101302
101302
101302
101301
101301
101301
101301
101302
101302
101302
101302
101303
101303
101303
101303
101303
101314
101315
101316
101316
101317
101318
101318
101319
101319
101320
101320
101321
101321
101321
101322
101322
101323
101323
101324
101324
101324
101325
101325
101326
101302
101302
101302
101303
101304
101305
101305
101306
101302
101302
101301
101301
101301
101301
101301
101302
101302
101302
101302
101303
101303
101303
101303
101303
101314
101314
101315
101316
101317
101318
101318
101319
101319
101320
101320
101321
101321
101322
101322
101322
101323
101323
101324
101324
101324
101325
101325
101326
101326
101302
101302
101302
101303
101303
101304
101305
101305
101306
101302
101301
101301
101301
101301
101301
101302
101302
101302
101302
101303
101303
101303
101303
101303
101303
101313
101314
101315
101316
101317
101317
101318
101319
101319
101320
101320
101321
101321
101322
101322
101322
101323
101323
101324
101324
101324
101325
101325
101326
101326
101326
101302
101302
101302
101303
101303
101304
101304
101305
101306
101306
101301
101301
101301
101301
101301
101302
101302
101302
101302
101302
101303
101303
101303
101303
101303
101303
101313
101314
101315
101316
101316
101317
101318
101319
101319
101320
101320
101321
101321
101322
101322
101322
101323
101323
101324
101324
101324
101325
101325
101326
101326
101326
101327
101302
101302
101302
101302
101303
101303
101304
101304
101305
101306
101306
101301
101301
101301
101301
101302
101302
101302
101302
101302
101303
101303
101303
101303
101303
101303
101303
101313
101314
101315
101315
101316
101317
101318
101318
101319
101320
101320
101321
101321
101322
101322
101322
101323
101323
101324
101324
101324
101325
101325
101326
101326
101326
101327
101327
101301
101302
101302
101302
101302
101303
101303
101304
101305
101305
101306
101307
101301
101301
101301
101302
101302
101302
101302
101302
101302
101303
101303
101303
101303
101303
101303
101303
101313
101313
101314
101315
101316
101317
101318
101318
101319
101320
101320
101321
101321
101322
101322
101322
101323
101323
101324
101324
101324
101325
101325
101326
101326
101326
101327
101327
101328
101301
101301
101302
101302
101302
101302
101303
101303
101304
101305
101305
101306
101307
101301
101301
101302
101302
101302
101302
101302
101302
101303
101303
101303
101303
101303
101303
101303
101303
101312
101313
101314
101315
101316
101317
101318
101318
101319
101320
101320
101321
101321
101322
101322
101322
101323
101323
101324
101324
101324
101325
101325
101326
101326
101326
101327
101327
101328
101328
101301
101301
101301
101302
101302
101302
101303
101303
101304
101304
101305
101306
101307
101307
101301
101301
101302
101302
101302
101302
101302
101302
101303
101303
101303
101303
101303
101303
101303
101312
101313
101314
101315
101316
101317
101318
101318
101319
101320
101320
101321
101321
101322
101322
101322
101323
101323
101324
101324
101324
101325
101325
101326
101326
101326
101327
101327
101328
101328
101328
101301
101301
101301
101301
101302
101302
101302
101303
101303
101304
101305
101305
101306
101307
101308
101301
101302
101302
101302
101302
101302
101302
101303
101303
101303
101303
101303
101303
101303
101312
101313
101314
101315
101316
101317
101317
101318
101319
101319
101320
101321
101321
101322
101322
101322
101323
101323
101324
101324
101324
101325
101325
101326
101326
101326
101327
101327
101328
101328
101328
101329
101301
101301
101301
101301
101301
101302
101302
101302
101303
101303
101304
101305
101306
101307
101308
101309
101302
101302
101302
101302
101302
101302
101302
101303
101303
101303
101303
101303
101303
101312
101313
101314
101315
101316
101317
101317
101318
101319
101319
101320
101321
101321
101322
101322
101322
101323
101323
101324
101324
101325
101325
101325
101326
101326
101327
101327
101327
101328
101328
101328
101329
101329
101302
101301
101301
101301
101301
101302
101302
101302
101303
101303
101304
101304
101305
101306
101307
101308
101309
101302
101302
101302
101302
101302
101302
101302
101303
101303
101303
101303
101303
101312
101313
101314
101315
101316
101317
101317
101318
101319
101319
101320
101321
101321
101322
101322
101322
101323
101323
101324
101324
101325
101325
101325
101326
101326
101327
101327
101327
101328
101328
101328
101329
101329
101329
101302
101301
101301
101301
101301
101301
101302
101302
101302
101303
101304
101304
101305
101306
101307
101308
101309
101310
101312
101302
101302
101302
101302
101302
101302
101302
101303
101303
101303
101303
101313
101314
101315
101316
101316
101317
101318
101319
101319
101320
101321
101321
101322
101322
101322
101323
101323
101324
101324
101325
101325
101325
101326
101326
101327
101327
101327
101328
101328
101328
101329
101329
101329
101330
101302
101302
101301
101301
101301
101301
101302
101302
101302
101303
101303
101304
101305
101305
101306
101307
101309
101310
101311
101312
101313
101302
101302
101302
101302
101302
101302
101302
101303
101303
101303
101314
101315
101316
101316
101317
101318
101319
101319
101320
101321
101321
101322
101322
101322
101323
101323
101324
101324
101325
101325
101325
101326
101326
101327
101327
101327
101328
101328
101328
101329
101329
101329
101330
101330
101302
101302
101302
101301
101301
101301
101301
101302
101302
101303
101303
101304
101304
101305
101306
101307
101308
101309
101310
101312
101313
101314
101302
101302
101302
101302
101302
101302
101302
101302
101302
101315
101315
101316
101317
101318
101319
101319
101320
101321
101321
101322
101322
101322
101323
101323
101324
101324
101325
101325
101325
101326
101326
101327
101327
101327
101328
101328
101328
101329
101329
101329
101330
101330
101330
101302
101302
101302
101302
101301
101301
101301
101302
101302
101302
101303
101303
101304
101305
101306
101307
101308
101309
101310
101311
101312
101313
101314
101302
101302
101302
101302
101302
101302
101302
101302
101315
101316
101317
101318
101319
101320
101320
101321
101321
101322
101322
101323
101323
101323
101324
101324
101325
101325
101325
101326
101326
101327
101327
101327
101328
101328
101328
101329
101329
101329
101330
101330
101330
101330
101302
101302
101302
101302
101301
101301
101301
101301
101302
101302
101303
101303
101304
101305
101306
101307
101308
101309
101310
101311
101312
101313
101314
101315
101302
101302
101302
101302
101302
101302
101302
101316
101317
101318
101319
101320
101320
101321
101321
101322
101322
101323
101323
101323
101324
101324
101325
101325
101325
101326
101326
101327
101327
101327
101328
101328
101328
101329
101329
101329
101330
101330
101330
101330
101330
101302
101302
101302
101302
101302
101301
101301
101301
101302
101302
101302
101303
101304
101305
101305
101306
101307
101309
101310
101311
101312
101313
101314
101315
101316
101302
101302
101302
101302
101302
101302
101317
101318
101319
101320
101320
101321
101321
101322
101322
101323
101323
101323
101324
101324
101325
101325
101325
101326
101326
101327
101327
101327
101328
101328
101328
101329
101329
101329
101330
101330
101330
101330
101330
101331
101302
101302
101302
101302
101302
101302
101301
101301
101302
101302
101302
101303
101304
101304
101305
101306
101307
101308
101310
101311
101312
101313
101314
101315
101316
101317
101302
101302
101302
101302
101302
101318
101319
101320
101320
101321
101321
101322
101322
101323
101323
101323
101324
101324
101325
101325
101325
101326
101326
101327
101327
101327
101328
101328
101328
101329
101329
101329
101330
101330
101330
101330
101330
101331
101331
101302
101302
101302
101302
101302
101302
101302
101302
101302
101302
101302
101303
101303
101304
101305
101306
101307
101308
101309
101311
101312
101313
101314
101315
101316
101317
101318
101302
101302
101302
101302
101319
101320
101320
101321
101321
101322
101322
101323
101323
101323
101324
101324
101325
101325
101325
101326
101326
101327
101327
101327
101328
101328
101328
101329
101329
101329
101330
101330
101330
101330
101330
101331
101331
101330
101302
101302
101302
101302
101302
101302
101302
101302
101302
101302
101302
101303
101303
101304
101305
101306
101307
101308
101309
101310
101312
101313
101314
101315
101316
101317
101318
101319
101302
101302
101302
101320
101320
101321
101321
101322
101322
101323
101323
101323
101324
101324
101325
101325
101325
101326
101326
101327
101327
101328
101328
101328
101329
101329
101329
101329
101330
101330
101330
101330
101330
101331
101331
101330
101302
101302
101302
101302
101302
101302
101302
101302
101302
101302
101302
101302
101303
101304
101305
101306
101307
101308
101309
101310
101312
101313
101314
101315
101316
101317
101318
101319
101320
101302
101302
101320
101321
101321
101322
101322
101323
101323
101323
101324
101324
101325
101325
101325
101326
101326
101327
101327
101328
101328
101328
101329
101329
101329
101329
101330
101330
101330
101330
101330
101331
101331
101330
101302
101302
101302
101302
101302
101302
101302
101302
101302
101302
101302
101302
101303
101304
101304
101305
101306
101308
101309
101310
101312
101313
101314
101315
101316
101317
101318
101319
101320
101320
101302
101321
101321
101322
101322
101323
101323
101323
101324
101324
101325
101325
101326
101326
101326
101327
101327
101328
101328
101328
101329
101329
101329
101329
101330
101330
101330
101330
101330
101331
101331
101330
101302
101302
101302
101302
101302
101302
101302
101302
101302
101302
101302
101302
101303
101303
101304
101305
101306
101307
101309
101310
101311
101313
101314
101315
101316
101317
101318
101319
101320
101320
101321
101321
101322
101322
101323
101323
101323
101324
101324
101325
101325
101326
101326
101326
101327
101327
101328
101328
101328
101329
101329
101329
101329
101330
101330
101330
101330
101330
101331
101331
101330
101302
101302
101302
101302
101302
101302
101302
101302
101302
101302
101302
101303
101303
101304
101305
101306
101307
101308
101310
101311
101313
101314
101315
101316
101317
101318
101319
101320
101320
101321
101321
101322
101322
101323
101323
101324
101324
101324
101325
101325
101326
101326
101326
101327
101327
101328
101328
101328
101329
101329
101329
101329
101330
101330
101330
101330
101330
101331
101331
101330
101302
101302
101302
101302
101302
101302
101302
101302
101302
101302
101303
101303
101304
101305
101306
101307
101308
101310
101311
101312
101314
101315
101316
101317
101318
101319
101320
101320
101321
101321
101322
101322
101323
101323
101324
101324
101324
101325
101325
101326
101326
101326
101327
101327
101328
101328
101328
101329
101329
101329
101330
101330
101330
101330
101330
101330
101331
101331
101330
101302
101302
101302
101302
101302
101302
101302
101302
101302
101302
101303
101304
101304
101305
101307
101308
101309
101311
101312
101314
101315
101316
101317
101318
101319
101320
101320
101321
101321
101322
101322
101323
101323
101324
101324
101324
101325
101325
101326
101326
101326
101327
101327
101328
101328
101328
101329
101329
101329
101330
101330
101330
101330
101330
101331
101331
101331
101330
101302
101302
101302
101302
101302
101302
101302
101302
101302
101303
101303
101304
101305
101306
101308
101309
101310
101312
101313
101315
101316
101317
101318
101319
101320
101320
101321
101321
101322
101322
101323
101323
101324
101324
101324
101325
101325
101326
101326
101326
101327
101327
101328
101328
101328
101329
101329
101329
101330
101330
101330
101330
101330
101331
101331
101331
101330
101302
101302
101302
101302
101302
101302
101302
101302
101303
101303
101304
101305
101306
101307
101309
101310
101312
101313
101315
101316
101317
101318
101319
101320
101320
101321
101321
101322
101322
101323
101323
101324
101324
101324
101325
101325
101326
101326
101326
101327
101327
101328
101328
101328
101329
101329
101329
101330
101330
101330
101330
101330
101331
101331
101331
101331
101302
101302
101302
101302
101302
101302
101302
101303
101303
101304
101305
101306
101307
101308
101310
101311
101313
101314
101316
101317
101318
101319
101320
101320
101321
101321
101322
101322
101323
101323
101324
101324
101324
101325
101325
101326
101326
101326
101327
101327
101328
101328
101329
101329
101329
101329
101330
101330
101330
101330
101330
101331
101331
101331
101331
101302
101302
101302
101302
101302
101302
101303
101303
101304
101305
101306
101307
101308
101310
101311
101313
101314
101316
101317
101318
101319
101320
101320
101321
101321
101322
101322
101323
101323
101324
101324
101324
101325
101325
101326
101326
101326
101327
101327
101328
101328
101329
101329
101329
101329
101330
101330
101330
101330
101330
101331
101331
101331
101331
101302
101302
101302
101302
101302
101303
101303
101304
101305
101305
101307
101308
101309
101311
101312
101314
101315
101317
101318
101319
101320
101320
101321
101321
101322
101322
101323
101323
101324
101324
101324
101325
101325
101326
101326
101327
101327
101327
101328
101328
101329
101329
101329
101329
101330
101330
101330
101330
101330
101331
101331
101331
101331
101302
101302
101302
101302
101303
101303
101304
101304
101305
101306
101308
101309
101310
101312
101314
101315
101316
101318
101319
101320
101320
101321
101321
101322
101322
101323
101323
101324
101324
101324
101325
101325
101326
101326
101327
101327
101327
101328
101328
101329
101329
101329
101330
101330
101330
101330
101330
101330
101331
101331
101331
101331
101302
101302
101302
101303
101303
101304
101304
101305
101306
101307
101309
101310
101312
101313
101315
101316
101317
101319
101319
101320
101321
101321
101322
101322
101323
101323
101324
101324
101324
101325
101325
101326
101326
101327
101327
101327
101328
101328
101329
101329
101329
101330
101330
101330
101330
101330
101330
101331
101331
101331
101331
101302
101302
101303
101303
101304
101304
101305
101306
101307
101309
101310
101311
101313
101315
101316
101317
101318
101319
101320
101321
101321
101322
101322
101323
101323
101324
101324
101324
101325
101325
101326
101326
101327
101327
101327
101328
101328
101329
101329
101329
101330
101330
101330
101330
101330
101331
101331
101331
101331
101331
101302
101303
101303
101304
101304
101305
101306
101307
101308
101310
101311
101313
101314
101316
101317
101318
101319
101320
101321
101321
101322
101322
101323
101323
101324
101324
101324
101325
101325
101326
101326
101327
101327
101327
101328
101328
101329
101329
101329
101330
101330
101330
101330
101330
101331
101331
101331
101331
101331
101303
101303
101304
101304
101305
101306
101307
101308
101310
101311
101313
101314
101316
101317
101318
101319
101320
101321
101321
101322
101322
101323
101323
101324
101324
101324
101325
101325
101326
101326
101327
101327
101327
101328
101328
101329
101329
101329
101330
101330
101330
101330
101330
101331
101331
101331
101331
101331
101303
101304
101304
101305
101306
101307
101308
101309
101311
101312
101314
101315
101317
101318
101319
101320
101321
101321
101322
101322
101323
101323
101324
101324
101324
101325
101325
101326
101326
101327
101327
101327
101328
101328
101329
101329
101329
101330
101330
101330
101330
101330
101331
101331
101331
101331
101331
101304
101304
101305
101306
101307
101308
101309
101311
101312
101314
101315
101316
101318
101319
101320
101321
101321
101322
101322
101323
101323
101324
101324
101324
101325
101325
101326
101326
101327
101327
101327
101328
101328
101329
101329
101329
101330
101330
101330
101330
101330
101331
101331
101331
101331
101331
101305
101305
101306
101307
101308
101309
101310
101312
101313
101315
101316
101317
101319
101320
101320
101321
101322
101322
101323
101323
101324
101324
101324
101325
101325
101326
101326
101327
101327
101327
101328
101328
101329
101329
101329
101330
101330
101330
101330
101330
101331
101331
101331
101331
101331
101305
101306
101307
101308
101309
101310
101312
101313
101315
101316
101317
101318
101319
101320
101321
101322
101322
101323
101323
101324
101324
101324
101325
101325
101326
101326
101327
101327
101327
101328
101328
101329
101329
101329
101330
101330
101330
101330
101331
101331
101331
101331
101331
101331
101306
101307
101308
101309
101310
101312
101313
101314
101316
101317
101318
101319
101320
101321
101322
101322
101323
101323
101324
101324
101324
101325
101325
101326
101326
101327
101327
101327
101328
101328
101329
101329
101329
101330
101330
101330
101330
101331
101331
101331
101331
101331
101331
101307
101308
101309
101310
101312
101313
101314
101316
101317
101318
101319
101320
101321
101322
101322
101323
101323
101324
101324
101324
101325
101325
101326
101326
101327
101327
101328
101328
101328
101329
101329
101329
101330
101330
101330
101330
101331
101331
101331
101331
101331
101331
101308
101309
101310
101312
101313
101314
101316
101317
101318
101319
101320
101321
101321
101322
101323
101323
101323
101324
101324
101325
101325
101326
101326
101327
101327
101328
101328
101328
101329
101329
101329
101330
101330
101330
101330
101331
101331
101331
101331
101331
101331
101310
101311
101312
101313
101314
101315
101317
101318
101319
101320
101321
101321
101322
101322
101323
101323
101324
101324
101325
101325
101326
101326
101327
101327
101328
101328
101328
101329
101329
101329
101330
101330
101330
101330
101331
101331
101331
101331
101331
101331
101311
101312
101313
101314
101315
101317
101318
101319
101320
101321
101321
101322
101322
101323
101323
101324
101324
101325
101325
101326
101326
101327
101327
101328
101328
101328
101329
101329
101329
101330
101330
101330
101330
101331
101331
101331
101331
101331
101331
101312
101313
101314
101315
101317
101318
101319
101320
101320
101321
101322
101322
101323
101323
101324
101324
101325
101325
101326
101326
101327
101327
101328
101328
101328
101329
101329
101329
101330
101330
101330
101330
101331
101331
101331
101331
101331
101331
101313
101314
101316
101317
101318
101319
101320
101320
101321
101322
101322
101323
101323
101324
101324
101325
101325
101326
101326
101327
101327
101328
101328
101328
101329
101329
101329
101330
101330
101330
101330
101331
101331
101331
101331
101331
101331
101315
101316
101317
101318
101319
101320
101320
101321
101322
101322
101323
101323
101324
101324
101325
101325
101326
101326
101327
101327
101328
101328
101328
101329
101329
101329
101330
101330
101330
101330
101331
101331
101331
101331
101331
101331
101316
101317
101318
101319
101320
101320
101321
101322
101322
101323
101323
101324
101324
101325
101325
101326
101326
101327
101327
101328
101328
101328
101329
101329
101329
101330
101330
101330
101330
101331
101331
101331
101331
101331
101331
101317
101318
101319
101320
101320
101321
101322
101322
101323
101323
101324
101324
101325
101325
101326
101326
101327
101327
101328
101328
101328
101329
101329
101329
101330
101330
101330
101330
101331
101331
101331
101331
101331
101331
101318
101319
101320
101320
101321
101322
101322
101323
101323
101324
101324
101325
101325
101326
101326
101327
101327
101328
101328
101328
101329
101329
101329
101330
101330
101330
101330
101331
101331
101331
101331
101331
101331
101319
101320
101320
101321
101322
101322
101323
101323
101324
101324
101325
101325
101326
101326
101327
101327
101328
101328
101328
101329
101329
101329
101330
101330
101330
101330
101331
101331
101331
101331
101331
101331
101319
101320
101320
101321
101322
101322
101323
101323
101324
101324
101325
101325
101325
101326
101326
101327
101327
101328
101328
101329
101329
101329
101330
101330
101330
101330
101331
101331
101331
101331
101331
101332
101319
101320
101320
101321
101322
101322
101323
101323
101324
101324
101324
101325
101325
101326
101326
101327
101327
101328
101328
101329
101329
101329
101330
101330
101330
101330
101331
101331
101331
101331
101331
101332
101319
101320
101321
101321
101322
101322
101323
101323
101324
101324
101324
101325
101325
101326
101326
101327
101327
101328
101328
101329
101329
101329
101330
101330
101330
101330
101331
101331
101331
101331
101331
101332
101320
101321
101321
101322
101322
101323
101323
101324
101324
101324
101325
101325
101326
101326
101327
101327
101328
101328
101329
101329
101329
101330
101330
101330
101330
101331
101331
101331
101331
101331
101332
101321
101321
101322
101322
101323
101323
101324
101324
101324
101325
101325
101326
101326
101327
101327
101328
101328
101329
101329
101329
101330
101330
101330
101330
101331
101331
101331
101331
101331
101332
101321
101322
101322
101323
101323
101324
101324
101324
101325
101325
101326
101326
101327
101327
101328
101328
101329
101329
101329
101330
101330
101330
101330
101331
101331
101331
101331
101331
101332
101322
101322
101323
101323
101324
101324
101324
101325
101325
101326
101326
101327
101327
101328
101328
101329
101329
101329
101330
101330
101330
101330
101331
101331
101331
101331
101331
101332
101322
101323
101323
101324
101324
101324
101325
101325
101326
101326
101327
101327
101328
101328
101329
101329
101329
101330
101330
101330
101330
101331
101331
101331
101331
101331
101332
101323
101323
101324
101324
101324
101325
101325
101326
101326
101327
101327
101328
101328
101329
101329
101329
101330
101330
101330
101330
101331
101331
101331
101331
101331
101332
101323
101323
101324
101324
101324
101325
101325
101326
101326
101327
101327
101328
101328
101329
101329
101329
101330
101330
101330
101330
101331
101331
101331
101331
101331
101332
101323
101323
101324
101324
101325
101325
101325
101326
101326
101327
101327
101328
101328
101329
101329
101329
101330
101330
101330
101330
101331
101331
101331
101331
101331
101332
101323
101323
101324
101324
101325
101325
101325
101326
101326
101327
101327
101328
101328
101329
101329
101329
101330
101330
101330
101330
101331
101331
101331
101331
101331
101332
101323
101324
101324
101325
101325
101325
101326
101326
101327
101327
101328
101328
101329
101329
101329
101330
101330
101330
101330
101331
101331
101331
101331
101331
101332
101324
101324
101325
101325
101325
101326
101326
101327
101327
101328
101328
101329
101329
101329
101330
101330
101330
101330
101331
101331
101331
101331
101331
101332
101324
101325
101325
101325
101326
101326
101327
101327
101328
101328
101329
101329
101329
101330
101330
101330
101330
101331
101331
101331
101331
101331
101332
101325
101325
101326
101326
101326
101327
101327
101328
101328
101329
101329
101329
101330
101330
101330
101330
101331
101331
101331
101331
101331
101332
101325
101326
101326
101326
101327
101327
101328
101328
101329
101329
101329
101330
101330
101330
101330
101331
101331
101331
101331
101331
101332
101326
101326
101326
101327
101327
101328
101328
101329
101329
101329
101330
101330
101330
101330
101331
101331
101331
101331
101331
101332
101326
101327
101327
101327
101328
101328
101329
101329
101329
101330
101330
101330
101330
101331
101331
101331
101331
101331
101332
101327
101327
101327
101328
101328
101329
101329
101329
101330
101330
101330
101330
101331
101331
101331
101331
101331
101332
101327
101327
101328
101328
101329
101329
101329
101330
101330
101330
101330
101331
101331
101331
101331
101331
101332
101327
101328
101328
101329
101329
101329
101330
101330
101330
101330
101331
101331
101331
101331
101331
101332
101328
101328
101329
101329
101329
101330
101330
101330
101330
101331
101331
101331
101331
101331
101332
101328
101329
101329
101329
101330
101330
101330
101330
101331
101331
101331
101331
101331
101332
101329
101329
101329
101330
101330
101330
101330
101331
101331
101331
101331
101331
101332
101329
101329
101330
101330
101330
101330
101331
101331
101331
101331
101331
101332
101329
101330
101330
101330
101330
101331
101331
101331
101331
101331
101332
101330
101330
101330
101330
101331
101331
101331
101331
101331
101332
101330
101330
101330
101331
101331
101331
101331
101331
101332
101330
101330
101331
101331
101331
101331
101331
101332
101330
101331
101331
101331
101331
101331
101332
101331
101331
101331
101331
101331
101332
101331
101331
101331
101331
101332
101331
101331
101331
101332
101331
101331
101332
101331
101332
101332
)
;

boundaryField
{
    inlet
    {
        type            zeroGradient;
    }
    outlet
    {
        type            waveTransmissive;
        gamma           1.4;
        fieldInf        101325;
        lInf            10;
        value           nonuniform List<scalar> 
71
(
101331
101331
101331
101331
101331
101331
101331
101331
101331
101331
101331
101331
101331
101331
101331
101331
101331
101331
101331
101331
101331
101331
101331
101331
101331
101331
101331
101331
101332
101332
101332
101332
101332
101332
101332
101332
101332
101332
101332
101332
101332
101332
101332
101332
101332
101332
101332
101332
101332
101332
101332
101332
101332
101332
101332
101332
101332
101332
101332
101332
101332
101332
101332
101332
101332
101332
101332
101332
101332
101332
101332
)
;
    }
    splitter
    {
        type            zeroGradient;
    }
    fuel_inlet
    {
        type            zeroGradient;
    }
    back
    {
        type            zeroGradient;
    }
    sides
    {
        type            zeroGradient;
    }
    frontAndBack
    {
        type            empty;
    }
    procBoundary2to1
    {
        type            processor;
        value           nonuniform List<scalar> 
71
(
101319
101225
101319
101252
101319
101266
101319
101270
101319
101274
101319
101278
101319
101282
101319
101286
101319
101289
101319
101291
101318
101293
101318
101295
101318
101297
101318
101299
101317
101300
101317
101301
101317
101302
101316
101303
101316
101304
101315
101305
101315
101305
101314
101306
101314
101306
101313
101306
101313
101306
101313
101307
101312
101307
101312
101307
101312
101307
101312
101308
101312
101308
101311
101309
101311
101309
101311
101310
101311
101311
101311
)
;
    }
    procBoundary2to3
    {
        type            processor;
        value           nonuniform List<scalar> 
83
(
101303
101303
101303
101303
101303
101303
101302
101302
101302
101302
101302
101302
101302
101302
101302
101302
101302
101302
101302
101302
101302
101302
101302
101302
101302
101302
101302
101302
101302
101303
101303
101304
101305
101305
101306
101307
101309
101310
101311
101312
101314
101315
101316
101317
101318
101318
101318
101318
101319
101320
101321
101321
101322
101322
101322
101322
101323
101323
101323
101324
101324
101325
101325
101326
101326
101327
101327
101327
101328
101328
101329
101329
101329
101330
101330
101330
101330
101331
101331
101331
101331
101331
101332
)
;
    }
}


// ************************************************************************* //
