/*--------------------------------*- C++ -*----------------------------------*\
  =========                 |
  \\      /  F ield         | OpenFOAM: The Open Source CFD Toolbox
   \\    /   O peration     | Website:  https://openfoam.org
    \\  /    A nd           | Version:  8
     \\/     M anipulation  |
\*---------------------------------------------------------------------------*/
FoamFile
{
    version     2.0;
    format      ascii;
    class       volVectorField;
    location    "0.05";
    object      U;
}
// * * * * * * * * * * * * * * * * * * * * * * * * * * * * * * * * * * * * * //

dimensions      [0 1 -1 0 0 0 0];

internalField   nonuniform List<vector> 
3919
(
(0.00703279 5.91835 0)
(-0.414293 14.9373 0)
(0.0228367 9.40352 0)
(0.00702661 5.82233 0)
(-0.946486 14.7153 0)
(-0.140641 14.9994 0)
(0.0468295 11.4062 0)
(0.0232337 9.26345 0)
(0.00689099 5.72325 0)
(-1.28156 14.4485 0)
(-0.403482 14.94 0)
(-0.103783 14.9964 0)
(0.0762549 13.0958 0)
(0.0479271 11.2536 0)
(0.0233192 9.11664 0)
(0.00666058 5.62218 0)
(-1.5366 14.1695 0)
(-0.661222 14.8244 0)
(-0.31637 14.9692 0)
(-0.0753042 14.999 0)
(0.106106 14.5419 0)
(0.0788644 12.9462 0)
(0.0484372 11.0911 0)
(0.0231388 8.96504 0)
(0.00636015 5.5203 0)
(-1.74818 13.874 0)
(-0.910437 14.6647 0)
(-0.531652 14.9134 0)
(-0.233527 14.9863 0)
(-0.0641187 14.9993 0)
(0.130688 15.7095 0)
(0.111479 14.4165 0)
(0.0805026 12.7829 0)
(0.0484064 10.9206 0)
(0.0226961 8.80945 0)
(0.00608934 5.41897 0)
(-1.89695 13.5747 0)
(-1.14084 14.4804 0)
(-0.740562 14.8305 0)
(-0.402034 14.9565 0)
(-0.198757 14.9934 0)
(-0.0614688 15.0005 0)
(0.144303 16.5374 0)
(0.140292 15.6283 0)
(0.115425 14.2733 0)
(0.0812099 12.6075 0)
(0.0478601 10.7432 0)
(0.0221119 8.65246 0)
(0.00582617 5.31736 0)
(-1.98544 13.2968 0)
(-1.34198 14.283 0)
(-0.938092 14.7246 0)
(-0.575878 14.9086 0)
(-0.34327 14.9794 0)
(-0.189259 15.0012 0)
(-0.0590848 14.9986 0)
(0.148318 17.0056 0)
(0.158788 16.5011 0)
(0.148121 15.5277 0)
(0.117954 14.1135 0)
(0.0810326 12.4218 0)
(0.0468993 10.5613 0)
(0.0214294 8.49446 0)
(0.00551183 5.21713 0)
(-2.03915 13.0512 0)
(-1.51067 14.0816 0)
(-1.12033 14.5999 0)
(-0.750424 14.8436 0)
(-0.494811 14.9557 0)
(-0.324586 15.0004 0)
(-0.179893 15.0075 0)
(-0.130776 15.0154 0)
(0.14849 17.2275 0)
(0.167299 16.9935 0)
(0.171407 16.4482 0)
(0.154107 15.4075 0)
(0.119118 13.9386 0)
(0.0800642 12.2272 0)
(0.0456168 10.3765 0)
(0.0205769 8.33733 0)
(0.00512683 5.1188 0)
(-2.08119 12.8387 0)
(-1.64851 13.8857 0)
(-1.28402 14.4616 0)
(-0.921296 14.7632 0)
(-0.650425 14.9212 0)
(-0.464515 14.996 0)
(-0.304081 15.0234 0)
(-0.346089 15.0548 0)
(0.0608831 14.9427 0)
(0.147692 17.3375 0)
(0.171597 17.2234 0)
(0.184322 16.9691 0)
(0.182036 16.3781 0)
(0.158246 15.2683 0)
(0.118996 13.7501 0)
(0.0784203 12.0264 0)
(0.0440153 10.1907 0)
(0.0195494 8.18215 0)
(0.00471988 5.02415 0)
(-2.11315 12.6518 0)
(-1.75831 13.7018 0)
(-1.42797 14.3166 0)
(-1.08454 14.6702 0)
(-0.807107 14.8756 0)
(-0.607173 14.9859 0)
(-0.431126 15.0416 0)
(-0.514288 15.0943 0)
(0.050565 14.9307 0)
(-0.603469 2.54666 -4.44131e-18)
(0.14682 17.4005 0)
(0.174972 17.335 0)
(0.192497 17.2091 0)
(0.199269 16.932 0)
(0.190601 16.2901 0)
(0.160567 15.1108 0)
(0.117705 13.55 0)
(0.0761394 11.8213 0)
(0.0420874 10.0052 0)
(0.0184338 8.03042 0)
(0.00432423 4.93256 0)
(-2.1271 12.4974 0)
(-1.84314 13.5324 0)
(-1.55298 14.1712 0)
(-1.23708 14.5682 0)
(-0.961931 14.8196 0)
(-0.751033 14.9685 0)
(-0.561576 15.0555 0)
(-0.646984 15.1215 0)
(-0.00219313 14.9423 0)
(-1.07415 2.06458 1.40265e-13)
(-2.6831 1.21127 1.50877e-13)
(0.146578 17.4414 0)
(0.178631 17.3973 0)
(0.199698 17.3231 0)
(0.211089 17.1847 0)
(0.212066 16.882 0)
(0.197058 16.184 0)
(0.161139 14.9361 0)
(0.11536 13.3403 0)
(0.0733041 11.6134 0)
(0.0399599 9.82151 0)
(0.0172859 7.88255 0)
(0.00394892 4.84542 0)
(-2.12629 12.3755 0)
(-1.90729 13.379 0)
(-1.66043 14.0303 0)
(-1.37693 14.4612 0)
(-1.11194 14.7545 0)
(-0.894992 14.9431 0)
(-0.69417 15.0609 0)
(-0.764909 15.1247 0)
(-0.0750944 14.8697 0)
(-0.773502 2.68038 0)
(-1.94672 1.18162 0)
(-1.02741 0.635944 0)
(0.147866 17.4702 0)
(0.183413 17.4363 0)
(0.207467 17.3852 0)
(0.221774 17.3022 0)
(0.227313 17.1505 0)
(0.222668 16.819 0)
(0.201399 16.0596 0)
(0.160071 14.7456 0)
(0.112109 13.1233 0)
(0.0700844 11.4046 0)
(0.0377224 9.64045 0)
(0.0161561 7.73966 0)
(0.0036714 4.76173 0)
(-2.11498 12.2847 0)
(-1.95421 13.2445 0)
(-1.75101 13.8976 0)
(-1.50284 14.3533 0)
(-1.25451 14.6823 0)
(-1.03715 14.9093 0)
(-0.829073 15.0569 0)
(-0.875011 15.1148 0)
(-0.16209 14.7175 0)
(-0.549198 3.31427 0)
(-1.75408 0.974462 -1.11943e-13)
(-1.58634 0.811484 0)
(-0.996559 0.655866 5.12434e-13)
(0.151937 17.4901 0)
(0.190266 17.462 0)
(0.216774 17.4226 0)
(0.233233 17.3645 0)
(0.241144 17.2728 0)
(0.241145 17.1067 0)
(0.231066 16.7425 0)
(0.203651 15.9168 0)
(0.157535 14.5414 0)
(0.108167 12.9009 0)
(0.0666317 11.1963 0)
(0.0354841 9.46338 0)
(0.0151747 7.60141 0)
(0.00344665 4.68038 0)
(-2.0949 12.2226 0)
(-1.98617 13.1314 0)
(-1.825 13.7769 0)
(-1.61379 14.2479 0)
(-1.38754 14.6053 0)
(-1.17493 14.8669 0)
(-0.962144 15.0388 0)
(-0.985066 15.0934 0)
(-0.264098 14.487 0)
(-0.407422 3.79012 0)
(-1.57448 1.02831 1.00191e-13)
(-1.6419 0.767588 0)
(-1.23913 0.756856 -4.50157e-19)
(-0.696528 0.45892 -4.68094e-13)
(0.160161 17.4989 0)
(0.20047 17.4773 0)
(0.228615 17.4454 0)
(0.246572 17.4007 0)
(0.255873 17.3359 0)
(0.257798 17.2352 0)
(0.252605 17.0535 0)
(0.237273 16.6523 0)
(0.203921 15.7561 0)
(0.153775 14.3253 0)
(0.10374 12.6752 0)
(0.0630881 10.9896 0)
(0.0334223 9.29029 0)
(0.014291 7.46747 0)
(0.00322218 4.60191 0)
(-2.06951 12.1882 0)
(-2.00385 13.0412 0)
(-1.88271 13.6704 0)
(-1.70866 14.1484 0)
(-1.50892 14.5262 0)
(-1.30731 14.8171 0)
(-1.09083 15.0129 0)
(-1.09407 15.052 0)
(-0.366196 14.1915 0)
(-0.327218 4.22056 0)
(-1.42374 1.18369 0)
(-1.62222 0.693843 0)
(-1.37048 0.700505 -3.76702e-19)
(-0.936909 0.573707 2.75187e-19)
(-0.509435 0.337349 0)
(0.172308 17.4941 0)
(0.214725 17.4802 0)
(0.244288 17.4565 0)
(0.262829 17.421 0)
(0.272742 17.3711 0)
(0.275381 17.2998 0)
(0.271782 17.19 0)
(0.261758 16.9912 0)
(0.241363 16.5478 0)
(0.202388 15.5779 0)
(0.149077 14.0995 0)
(0.0990444 12.4474 0)
(0.059682 10.7857 0)
(0.0315078 9.12183 0)
(0.0134429 7.33801 0)
(0.00304312 4.526 0)
(-2.03588 12.1798 0)
(-2.00834 12.9729 0)
(-1.92391 13.5798 0)
(-1.78662 14.0566 0)
(-1.61614 14.4484 0)
(-1.43212 14.7624 0)
(-1.21999 14.9744 0)
(-1.20023 14.9885 0)
(-0.44925 13.8287 0)
(-0.283229 4.63105 0)
(-1.29598 1.38577 -8.72489e-14)
(-1.56344 0.645211 0)
(-1.43323 0.623343 -2.83925e-19)
(-1.0633 0.563801 2.69331e-19)
(-0.700547 0.424386 0)
(-0.33445 0.218863 0)
(0.188892 17.4713 0)
(0.232408 17.4686 0)
(0.263891 17.4537 0)
(0.283298 17.4281 0)
(0.292829 17.3892 0)
(0.295282 17.3345 0)
(0.291819 17.2567 0)
(0.283198 17.1376 0)
(0.26873 16.9196 0)
(0.243467 16.4286 0)
(0.19931 15.3834 0)
(0.143733 13.866 0)
(0.094328 12.2195 0)
(0.0564541 10.5856 0)
(0.0296827 8.95796 0)
(0.0126965 7.21267 0)
(0.0028836 4.45169 0)
(-1.99348 12.1934 0)
(-1.99892 12.9254 0)
(-1.94876 13.5046 0)
(-1.84651 13.9749 0)
(-1.70687 14.3737 0)
(-1.5461 14.7061 0)
(-1.34686 14.9254 0)
(-1.29997 14.8974 0)
(-0.536971 13.3966 0)
(-0.253862 5.00612 0)
(-1.17287 1.61039 -4.27822e-20)
(-1.48616 0.62618 0)
(-1.46053 0.539027 -1.41537e-13)
(-1.15469 0.520146 2.41711e-19)
(-0.808672 0.423167 0)
(-0.488028 0.286069 0)
(-0.194626 0.127131 1.95188e-13)
(0.210811 17.4203 0)
(0.254366 17.4375 0)
(0.286464 17.4355 0)
(0.307517 17.4199 0)
(0.317407 17.3927 0)
(0.318619 17.3507 0)
(0.314273 17.2913 0)
(0.305311 17.2074 0)
(0.292206 17.0784 0)
(0.2737 16.8389 0)
(0.243782 16.2941 0)
(0.194981 15.1739 0)
(0.138034 13.627 0)
(0.0896917 11.9929 0)
(0.0533557 10.3891 0)
(0.0280336 8.79868 0)
(0.0120229 7.09077 0)
(0.00276938 4.37962 0)
(-1.97486 12.8963 0)
(-1.92846 12.2317 0)
(-1.95608 13.4451 0)
(-1.88797 13.9033 0)
(-1.7795 14.3044 0)
(-1.64476 14.6508 0)
(-1.46572 14.8695 0)
(-1.3896 14.7786 0)
(-0.635766 12.8876 0)
(-0.245371 5.31648 0)
(-1.04892 1.85311 1.53442e-13)
(-1.39681 0.63559 0)
(-1.45378 0.458189 1.28835e-13)
(-1.22349 0.45713 1.96801e-19)
(-0.895272 0.396913 0)
(-0.579342 0.288573 0)
(-0.311242 0.173035 0)
(-0.100674 0.0657162 0)
(0.237776 17.3269 0)
(0.280994 17.377 0)
(0.312915 17.3965 0)
(0.33422 17.3954 0)
(0.345511 17.3795 0)
(0.346628 17.3509 0)
(0.340301 17.3061 0)
(0.32987 17.2424 0)
(0.316055 17.1523 0)
(0.299037 17.0129 0)
(0.2769 16.7487 0)
(0.242541 16.144 0)
(0.189706 14.951 0)
(0.132211 13.3841 0)
(0.0851967 11.7679 0)
(0.0505041 10.1969 0)
(0.0265506 8.64344 0)
(0.0114609 6.9723 0)
(0.00270705 4.30776 0)
(-1.9457 13.3993 0)
(-1.92328 12.8814 0)
(-1.83676 12.2931 0)
(-1.90959 13.8436 0)
(-1.83342 14.2423 0)
(-1.72506 14.5935 0)
(-1.5688 14.8027 0)
(-1.4661 14.5923 0)
(-0.713406 12.3053 0)
(-0.249942 5.56957 0)
(-0.931391 2.09977 -7.1469e-14)
(-1.30308 0.672631 0)
(-1.42111 0.389401 -1.19902e-13)
(-1.26998 0.382891 1.46403e-19)
(-0.971732 0.353701 0)
(-0.656578 0.271971 0)
(-0.384997 0.176722 0)
(-0.182498 0.0937299 0)
(-0.0431667 0.0284761 0)
(0.269674 17.1683 0)
(0.312087 17.2725 0)
(0.343451 17.3268 0)
(0.364348 17.3488 0)
(0.375588 17.349 0)
(0.377902 17.3332 0)
(0.371087 17.3035 0)
(0.358058 17.2561 0)
(0.342301 17.1883 0)
(0.324324 17.092 0)
(0.303978 16.9413 0)
(0.278588 16.6488 0)
(0.239985 15.9778 0)
(0.183783 14.7167 0)
(0.126423 13.139 0)
(0.0809641 11.5453 0)
(0.0479227 10.0085 0)
(0.0252739 8.49195 0)
(0.0110216 6.85599 0)
(0.00260817 4.23642 0)
(-1.91199 13.7951 0)
(-1.90577 13.3625 0)
(-1.84021 12.884 0)
(-1.72994 12.3606 0)
(-1.86753 14.1887 0)
(-1.7868 14.5312 0)
(-1.65256 14.7149 0)
(-1.50349 14.3174 0)
(-0.748264 11.6381 0)
(-0.261822 5.76294 0)
(-0.830835 2.34436 6.64044e-14)
(-1.20496 0.739044 0)
(-1.37597 0.338621 0)
(-1.29472 0.303612 1.0288e-19)
(-1.03757 0.29703 0)
(-0.729206 0.241975 0)
(-0.450512 0.165795 0)
(-0.239548 0.0970387 0)
(-0.0971514 0.0439725 0)
(-0.0114642 0.00815188 5.35564e-13)
(0.305793 16.9105 0)
(0.347371 17.1015 0)
(0.377869 17.2118 0)
(0.398003 17.2704 0)
(0.408619 17.2953 0)
(0.410627 17.2971 0)
(0.404839 17.2816 0)
(0.391004 17.2512 0)
(0.372162 17.2014 0)
(0.351882 17.1296 0)
(0.330455 17.0271 0)
(0.307353 16.8638 0)
(0.279028 16.5385 0)
(0.236348 15.7955 0)
(0.177474 14.4728 0)
(0.120828 12.8927 0)
(0.0770516 11.3253 0)
(0.0456341 9.82358 0)
(0.0242032 8.34339 0)
(0.0105606 6.74166 0)
(0.00248304 4.16663 0)
(-1.88277 14.1457 0)
(-1.88402 13.7572 0)
(-1.83182 13.3418 0)
(-1.73682 12.8993 0)
(-1.60974 12.4262 0)
(-1.82863 14.4721 0)
(-1.71737 14.6086 0)
(-1.51151 13.9314 0)
(-0.761326 10.9466 0)
(-0.289294 5.89176 0)
(-0.740951 2.5799 -6.1615e-14)
(-1.10468 0.835311 0)
(-1.31602 0.304001 0)
(-1.29804 0.225644 6.75248e-20)
(-1.09051 0.22949 0)
(-0.797785 0.200293 9.8094e-14)
(-0.51455 0.144234 0)
(-0.292784 0.0896352 0)
(-0.139391 0.0463321 0)
(-0.0441209 0.0155698 -1.95571e-20)
(0.00257427 -0.00111089 0)
(0.342988 16.5234 0)
(0.385882 16.8311 0)
(0.415705 17.0293 0)
(0.434925 17.1456 0)
(0.444611 17.2088 0)
(0.445808 17.2369 0)
(0.439528 17.2406 0)
(0.426591 17.2257 0)
(0.406709 17.1946 0)
(0.38298 17.1427 0)
(0.359001 17.067 0)
(0.334825 16.9579 0)
(0.309493 16.7804 0)
(0.278454 16.4171 0)
(0.231859 15.5972 0)
(0.171027 14.2211 0)
(0.115552 12.6461 0)
(0.0735197 11.108 0)
(0.0436256 9.64193 0)
(0.0231433 8.19761 0)
(0.0100598 6.62977 0)
(0.00240102 4.09813 0)
(-1.85369 14.4022 0)
(-1.86558 14.1145 0)
(-1.82093 13.7349 0)
(-1.73335 13.3369 0)
(-1.61709 12.9218 0)
(-1.47734 12.4845 0)
(-1.75049 14.4379 0)
(-1.48678 13.425 0)
(-0.758116 10.2582 0)
(-0.338091 5.96088 0)
(-0.659075 2.80261 0)
(-1.00957 0.955654 0)
(-1.24581 0.28942 0)
(-1.28171 0.151663 3.94976e-20)
(-1.12844 0.153932 0)
(-0.860689 0.147484 -8.91829e-14)
(-0.577819 0.112978 0)
(-0.3465 0.0737368 0)
(-0.180823 0.0411325 0)
(-0.0734907 0.0170436 -3.30513e-20)
(-0.0144561 0.00161646 0)
(0.00652161 -0.00375358 -1.65191e-13)
(0.37683 16.0127 0)
(0.424144 16.4341 0)
(0.455802 16.7475 0)
(0.474478 16.9526 0)
(0.483215 17.0748 0)
(0.483374 17.1428 0)
(0.476155 17.1744 0)
(0.462608 17.1803 0)
(0.443548 17.1661 0)
(0.418633 17.1345 0)
(0.390955 17.0805 0)
(0.364093 17.0009 0)
(0.337837 16.8848 0)
(0.310715 16.691 0)
(0.277066 16.2836 0)
(0.226728 15.3832 0)
(0.164643 13.9633 0)
(0.110641 12.4002 0)
(0.0703214 10.8935 0)
(0.0416814 9.46348 0)
(0.0220469 8.05475 0)
(0.00961424 6.52041 0)
(0.00232447 4.02993 0)
(-1.73528 14.1653 0)
(-1.832 14.2937 0)
(-1.81101 14.0606 0)
(-1.72936 13.7231 0)
(-1.61655 13.3434 0)
(-1.48329 12.9465 0)
(-1.33281 12.5319 0)
(-1.41701 12.77 0)
(-0.741163 9.59665 0)
(-0.39537 5.96715 0)
(-0.591848 3.00834 0)
(-0.921226 1.09329 0)
(-1.17035 0.296085 0)
(-1.24874 0.0861722 2.21044e-20)
(-1.14958 0.0737273 0)
(-0.915509 0.084077 0)
(-0.639486 0.0718332 0)
(-0.401177 0.0496784 0)
(-0.223973 0.029145 0)
(-0.10402 0.0132699 -3.98186e-20)
(-0.0331051 0.00243945 0)
(-0.000480626 -0.00331296 -1.46162e-13)
(0.00539433 -0.0033666 0)
(0.404814 15.3998 0)
(0.457832 15.921 0)
(0.494475 16.3427 0)
(0.515361 16.6609 0)
(0.523668 16.8724 0)
(0.52288 17.0006 0)
(0.514576 17.0735 0)
(0.500041 17.1087 0)
(0.480326 17.1169 0)
(0.456212 17.1036 0)
(0.427289 17.0715 0)
(0.39659 17.0154 0)
(0.367628 16.9318 0)
(0.339888 16.808 0)
(0.311311 16.595 0)
(0.275021 16.1366 0)
(0.221141 15.1545 0)
(0.158446 13.701 0)
(0.106055 12.1553 0)
(0.0672344 10.6821 0)
(0.03972 9.2882 0)
(0.0210229 7.91489 0)
(0.00917114 6.41328 0)
(0.0021719 3.96342 0)
(-1.30783 12.025 0)
(-1.64965 13.6688 0)
(-1.7533 14.0765 0)
(-1.71967 13.9919 0)
(-1.61593 13.7151 0)
(-1.48358 13.3522 0)
(-1.33457 12.9662 0)
(-1.1786 12.5657 0)
(-0.712464 8.98907 0)
(-0.447076 5.90537 0)
(-0.544406 3.19011 0)
(-0.838521 1.2445 0)
(-1.09212 0.324172 0)
(-1.20506 0.0332296 1.44856e-20)
(-1.15434 -0.00798638 0)
(-0.959623 0.0111844 0)
(-0.697926 0.0203067 0)
(-0.456335 0.0169193 0)
(-0.269073 0.0101963 0)
(-0.136967 0.00409642 -4.30824e-20)
(-0.0540014 -0.000351443 0)
(-0.0108731 -0.00301199 6.44175e-21)
(0.00397966 -0.00369216 0)
(0.00218693 -0.00139401 1.72515e-13)
(0.425272 14.7244 0)
(0.484949 15.3154 0)
(0.527614 15.829 0)
(0.553794 16.25 0)
(0.564562 16.5722 0)
(0.563461 16.7898 0)
(0.554264 16.924 0)
(0.538673 17.0019 0)
(0.518003 17.0408 0)
(0.493269 17.0512 0)
(0.465185 17.0388 0)
(0.433262 17.0062 0)
(0.40042 16.9478 0)
(0.370064 16.86 0)
(0.341347 16.7274 0)
(0.311516 16.4919 0)
(0.272427 15.9749 0)
(0.215223 14.9119 0)
(0.152457 13.4356 0)
(0.101609 11.9121 0)
(0.0641708 10.4735 0)
(0.037837 9.11624 0)
(0.0199773 7.7781 0)
(0.00858877 6.30946 0)
(0.00199223 3.90067 0)
(-0.682005 8.4431 0)
(-1.15694 11.1167 0)
(-1.48182 12.9158 0)
(-1.61756 13.7009 0)
(-1.58854 13.8688 0)
(-1.47999 13.6697 0)
(-1.33104 13.348 0)
(-1.17459 12.9742 0)
(-1.0175 12.5833 0)
(-0.488406 5.79106 0)
(-0.511295 3.33413 0)
(-0.763892 1.40323 0)
(-1.01369 0.372666 0)
(-1.15167 -0.00653958 1.22184e-20)
(-1.14343 -0.0874441 0)
(-0.990978 -0.0694261 0)
(-0.750974 -0.0418695 0)
(-0.510934 -0.025424 0)
(-0.315776 -0.016479 0)
(-0.172382 -0.0110403 -4.53e-20)
(-0.0775765 -0.00740086 0)
(-0.0237616 -0.00507088 9.68467e-21)
(-0.000522181 -0.00357853 0)
(0.00297447 -0.00170536 -2.31364e-13)
(0.000100224 -0.000404642 -2.8291e-16)
(0.43745 14.0386 0)
(0.504461 14.6564 0)
(0.553717 15.232 0)
(0.585963 15.7375 0)
(0.602121 16.157 0)
(0.603644 16.4826 0)
(0.594273 16.7059 0)
(0.577911 16.846 0)
(0.556297 16.9287 0)
(0.530725 16.9712 0)
(0.502134 16.9839 0)
(0.471142 16.9722 0)
(0.437169 16.9389 0)
(0.402982 16.8781 0)
(0.371832 16.7857 0)
(0.342528 16.643 0)
(0.311484 16.3806 0)
(0.269318 15.7973 0)
(0.209023 14.657 0)
(0.146557 13.1681 0)
(0.0971768 11.6708 0)
(0.0611626 10.2682 0)
(0.0358852 8.94798 0)
(0.0187068 7.6457 0)
(0.00791883 6.21067 0)
(0.00185735 3.84073 0)
(-0.506974 5.63194 0)
(-0.656023 7.87024 0)
(-0.98595 10.158 0)
(-1.27203 12.0215 0)
(-1.42721 13.1901 0)
(-1.41836 13.6339 0)
(-1.31644 13.5896 0)
(-1.16471 13.3215 0)
(-1.00685 12.9637 0)
(-0.850378 12.5816 0)
(-0.495191 3.44129 0)
(-0.697409 1.56103 0)
(-0.936754 0.439672 0)
(-1.09183 -0.0315989 1.15097e-20)
(-1.11888 -0.162337 0)
(-1.00846 -0.155461 0)
(-0.79626 -0.114482 0)
(-0.563448 -0.0782257 0)
(-0.363371 -0.0519421 0)
(-0.209985 -0.0330727 -4.70931e-20)
(-0.103776 -0.0195353 0)
(-0.0392061 -0.010447 9.66766e-14)
(-0.00723554 -0.0050928 0)
(0.00196582 -0.00172979 1.35333e-13)
(4.99034e-05 -0.000412342 0)
(-0.00203901 -0.00131192 -1.7218e-13)
(0.442328 13.392 0)
(0.516195 13.9926 0)
(0.572285 14.5895 0)
(0.610832 15.1499 0)
(0.632886 15.647 0)
(0.639739 16.0646 0)
(0.633099 16.3931 0)
(0.61675 16.6218 0)
(0.594556 16.7674 0)
(0.568241 16.8549 0)
(0.539012 16.9008 0)
(0.507699 16.9154 0)
(0.474795 16.9043 0)
(0.439629 16.87 0)
(0.404784 16.8065 0)
(0.373313 16.7088 0)
(0.343662 16.5543 0)
(0.311266 16.2599 0)
(0.265615 15.6028 0)
(0.202486 14.3918 0)
(0.140624 12.8996 0)
(0.0927571 11.4321 0)
(0.0580133 10.067 0)
(0.033622 8.78499 0)
(0.0172839 7.5191 0)
(0.00729378 6.11709 0)
(0.001708 3.78367 0)
(-0.490779 3.50838 -3.88075e-14)
(-0.50294 5.41312 2.89489e-14)
(-0.617782 7.30788 0)
(-0.828114 9.36111 0)
(-1.05254 11.1627 0)
(-1.19819 12.5369 0)
(-1.21966 13.2847 0)
(-1.13052 13.4505 0)
(-0.987965 13.258 0)
(-0.831146 12.9279 0)
(-0.678705 12.5564 0)
(-0.640513 1.71057 0)
(-0.862109 0.522097 0)
(-1.02825 -0.0415315 1.08998e-20)
(-1.08318 -0.230191 0)
(-1.01178 -0.244379 0)
(-0.831594 -0.196737 0)
(-0.611951 -0.142146 0)
(-0.410772 -0.0973467 0)
(-0.249266 -0.0631752 -4.83966e-20)
(-0.132378 -0.037818 0)
(-0.0571147 -0.0201052 0)
(-0.0159576 -0.00905259 0)
(-0.000351212 -0.00272089 -5.98707e-14)
(-4.93824e-05 -0.000494436 0)
(-0.00298094 -0.00166121 2.31369e-13)
(-0.00533153 -0.00333539 -1.82469e-13)
(0.442314 12.8208 0)
(0.521402 13.3681 0)
(0.583588 13.9465 0)
(0.628338 14.5239 0)
(0.656246 15.0698 0)
(0.668681 15.5586 0)
(0.667203 15.9739 0)
(0.653686 16.3048 0)
(0.631737 16.5384 0)
(0.605118 16.6892 0)
(0.57543 16.781 0)
(0.543749 16.83 0)
(0.510772 16.8462 0)
(0.476857 16.8353 0)
(0.441236 16.7996 0)
(0.406275 16.7331 0)
(0.374813 16.6293 0)
(0.344875 16.4607 0)
(0.310763 16.128 0)
(0.261148 15.3908 0)
(0.195517 14.118 0)
(0.134564 12.6315 0)
(0.088088 11.1972 0)
(0.0544468 9.87118 0)
(0.0311396 8.62841 0)
(0.0158913 7.39883 0)
(0.00664536 6.02909 0)
(0.00153094 3.73143 0)
(-0.590755 1.8434 0)
(-0.474697 3.53316 -6.03227e-21)
(-0.485603 5.16695 -2.80647e-14)
(-0.557667 6.84502 0)
(-0.689608 8.71048 0)
(-0.842053 10.4107 0)
(-0.963021 11.8546 0)
(-0.999669 12.8624 0)
(-0.928092 13.2343 0)
(-0.799603 13.1518 0)
(-0.649465 12.8607 0)
(-0.50557 12.504 0)
(-0.791257 0.615409 0)
(-0.962261 -0.0364508 9.52582e-21)
(-1.03948 -0.289144 6.22841e-14)
(-1.00197 -0.333837 0)
(-0.855311 -0.287234 0)
(-0.654322 -0.217439 0)
(-0.456541 -0.15379 0)
(-0.289442 -0.102653 -4.90723e-20)
(-0.163005 -0.0635126 0)
(-0.0773234 -0.0351985 -7.74866e-14)
(-0.0266875 -0.0165581 0)
(-0.00388911 -0.00562417 1.0604e-13)
(-0.000146198 -0.00133127 4.08942e-16)
(-0.00217021 -0.00171339 -1.35339e-13)
(-0.00416848 -0.0037395 -1.6215e-13)
(-0.00664299 -0.00383382 -1.6454e-13)
(0.440734 12.3475 0)
(0.522426 12.8138 0)
(0.589014 13.3422 0)
(0.63908 13.9006 0)
(0.672485 14.4599 0)
(0.690235 14.9921 0)
(0.693938 15.4729 0)
(0.685394 15.8857 0)
(0.666356 16.2185 0)
(0.640294 16.4565 0)
(0.610656 16.6119 0)
(0.578871 16.7075 0)
(0.545859 16.7591 0)
(0.512164 16.7765 0)
(0.478006 16.7653 0)
(0.442512 16.7279 0)
(0.407818 16.6578 0)
(0.376523 16.5469 0)
(0.346134 16.3613 0)
(0.309717 15.9833 0)
(0.255695 15.1612 0)
(0.188017 13.8379 0)
(0.128122 12.3654 0)
(0.0828878 10.9674 0)
(0.0505818 9.68218 0)
(0.0286378 8.47898 0)
(0.0144448 7.28582 0)
(0.00593845 5.94815 0)
(0.00138661 3.68321 0)
(-0.724336 0.714113 0)
(-0.539449 1.97351 0)
(-0.452577 3.5114 5.18154e-14)
(-0.449823 4.94729 0)
(-0.482528 6.46283 0)
(-0.562945 8.17887 0)
(-0.655657 9.78255 0)
(-0.738184 11.2212 0)
(-0.767939 12.3682 0)
(-0.715321 12.9458 0)
(-0.602529 12.9973 0)
(-0.466135 12.7588 0)
(-0.3338 12.4232 0)
(-0.895134 -0.0172999 6.42337e-21)
(-0.989413 -0.338493 -5.87172e-14)
(-0.980516 -0.42148 5.53864e-14)
(-0.866642 -0.384146 -5.78502e-14)
(-0.688494 -0.303808 0)
(-0.498926 -0.22214 0)
(-0.329442 -0.152834 -4.90062e-20)
(-0.195092 -0.0980236 0)
(-0.0995642 -0.057065 1.91055e-20)
(-0.0393247 -0.0287874 -8.6777e-14)
(-0.0087014 -0.0114632 -4.7669e-14)
(-0.000237788 -0.00388397 0)
(-3.09444e-05 -0.00273371 1.19051e-13)
(0.000140728 -0.00367183 1.40541e-13)
(0.000162004 -0.00345097 2.09081e-21)
(-0.00274553 -0.00123975 0)
(0.440946 11.9804 0)
(0.522259 12.3488 0)
(0.590801 12.8031 0)
(0.644496 13.3149 0)
(0.682436 13.8553 0)
(0.704954 14.3982 0)
(0.713394 14.9178 0)
(0.709661 15.3908 0)
(0.695325 15.8009 0)
(0.672329 16.1351 0)
(0.643629 16.3767 0)
(0.612312 16.536 0)
(0.579606 16.6348 0)
(0.546253 16.6884 0)
(0.512639 16.7063 0)
(0.478834 16.6943 0)
(0.443872 16.6547 0)
(0.40965 16.5803 0)
(0.378479 16.4611 0)
(0.347259 16.2551 0)
(0.307768 15.8238 0)
(0.249009 14.9149 0)
(0.179807 13.5543 0)
(0.120996 12.1026 0)
(0.0772849 10.744 0)
(0.0465944 9.50079 0)
(0.0260212 8.33831 0)
(0.0129071 7.18152 0)
(0.00528738 5.87424 0)
(0.00127964 3.63879 0)
(-0.82761 0.0144058 1.39713e-21)
(-0.648516 0.831547 0)
(-0.490878 2.07667 0)
(-0.421254 3.46328 -4.99805e-14)
(-0.39827 4.75834 2.62223e-14)
(-0.398599 6.15039 0)
(-0.442761 7.74629 0)
(-0.48951 9.26387 0)
(-0.527479 10.6696 0)
(-0.541617 11.8744 0)
(-0.500772 12.62 0)
(-0.4039 12.7994 0)
(-0.284307 12.6224 0)
(-0.165407 12.314 0)
(-0.934716 -0.377698 0)
(-0.949525 -0.505643 -5.21895e-14)
(-0.86578 -0.485435 2.96846e-20)
(-0.712815 -0.400373 0)
(-0.536023 -0.302862 0)
(-0.367914 -0.21494 -4.80996e-20)
(-0.227855 -0.142824 0)
(-0.123437 -0.0871894 2.08317e-20)
(-0.0536964 -0.0471474 1.6648e-20)
(-0.0148419 -0.0215099 -4.27569e-14)
(-0.000316628 -0.00915547 3.32802e-16)
(0.00334578 -0.00566756 -1.0605e-13)
(0.0067171 -0.00521899 0)
(0.0104416 -0.00320553 1.25661e-13)
(0.0141307 0.00140023 0)
(0.445529 11.7148 0)
(0.523806 11.9795 0)
(0.591605 12.3452 0)
(0.646691 12.7897 0)
(0.687538 13.287 0)
(0.713833 13.8113 0)
(0.72633 14.3395 0)
(0.726872 14.8473 0)
(0.716834 15.313 0)
(0.698406 15.7202 0)
(0.672971 16.055 0)
(0.643021 16.2994 0)
(0.61125 16.4618 0)
(0.578656 16.563 0)
(0.545787 16.6177 0)
(0.512865 16.6356 0)
(0.479827 16.6222 0)
(0.445601 16.5799 0)
(0.411849 16.5006 0)
(0.380562 16.3714 0)
(0.347926 16.1407 0)
(0.304463 15.6476 0)
(0.240852 14.6539 0)
(0.170642 13.2691 0)
(0.113255 11.8451 0)
(0.0713982 10.5285 0)
(0.0423856 9.32944 0)
(0.0232805 8.20793 0)
(0.0114619 7.08613 0)
(0.00474057 5.80707 0)
(0.00117626 3.59754 0)
(-0.876545 -0.406514 5.2131e-14)
(-0.746915 0.0651782 8.1375e-14)
(-0.573869 0.950172 0)
(-0.446027 2.13938 0)
(-0.378163 3.40839 -1.67701e-20)
(-0.336136 4.60174 -5.0627e-14)
(-0.309796 5.89836 0)
(-0.324023 7.39161 0)
(-0.333747 8.83648 0)
(-0.336394 10.2077 0)
(-0.329896 11.4226 0)
(-0.290524 12.273 0)
(-0.208956 12.5653 0)
(-0.105999 12.4535 0)
(-0.00350552 12.1778 0)
(-0.910963 -0.585049 0)
(-0.853708 -0.589115 5.10854e-14)
(-0.726331 -0.50575 0)
(-0.565999 -0.395898 0)
(-0.403276 -0.289936 -8.15015e-14)
(-0.26028 -0.199361 0)
(-0.148385 -0.127158 5.82802e-14)
(-0.0695514 -0.0731972 1.9054e-20)
(-0.0221457 -0.0373372 7.73159e-14)
(-0.000381668 -0.0185791 0)
(0.00801604 -0.0115268 -1.85499e-16)
(0.0153252 -0.00920468 0)
(0.0232532 -0.00529687 -1.09263e-13)
(0.0327253 0.00218169 0)
(0.455827 11.5367 0)
(0.529267 11.7015 0)
(0.593945 11.9736 0)
(0.648006 12.3381 0)
(0.689744 12.7745 0)
(0.718283 13.2593 0)
(0.733868 13.7697 0)
(0.737933 14.2843 0)
(0.731507 14.7813 0)
(0.717118 15.24 0)
(0.696136 15.6439 0)
(0.669693 15.9785 0)
(0.639768 16.2247 0)
(0.608612 16.3892 0)
(0.576971 16.4919 0)
(0.545204 16.5471 0)
(0.513377 16.5642 0)
(0.481311 16.5488 0)
(0.447812 16.5031 0)
(0.414317 16.418 0)
(0.382489 16.2771 0)
(0.347665 16.0165 0)
(0.299311 15.4536 0)
(0.230999 14.3808 0)
(0.160542 12.9852 0)
(0.105032 11.5952 0)
(0.0651231 10.3235 0)
(0.0380194 9.16972 0)
(0.0206753 8.08814 0)
(0.0102062 6.99947 0)
(0.00425087 5.74588 0)
(0.00108197 3.55978 0)
(-0.866541 -0.65883 4.65047e-14)
(-0.803645 -0.427595 -3.64039e-14)
(-0.660862 0.132628 -7.91595e-14)
(-0.509728 1.04489 0)
(-0.398026 2.17728 0)
(-0.325076 3.3584 2.32292e-14)
(-0.265988 4.47517 -3.53226e-20)
(-0.217051 5.69476 0)
(-0.204323 7.10417 0)
(-0.186201 8.49159 0)
(-0.162233 9.82512 0)
(-0.13315 11.0264 0)
(-0.0886245 11.9237 0)
(-0.0203499 12.3061 0)
(0.064516 12.2568 0)
(0.149339 12.0179 0)
(-0.831992 -0.693466 -4.80007e-14)
(-0.728926 -0.618229 0)
(-0.587377 -0.5006 0)
(-0.433854 -0.378366 7.55985e-14)
(-0.29113 -0.268925 0)
(-0.173677 -0.178582 -5.33944e-14)
(-0.0865368 -0.108628 6.46435e-14)
(-0.030466 -0.0606318 -7.01236e-14)
(-0.000434329 -0.0337198 0)
(0.0140428 -0.0215846 4.27622e-14)
(0.0259624 -0.016734 0)
(0.0386439 -0.0107026 1.92627e-13)
(0.0536005 -0.000639197 0)
(0.471975 11.4265 0)
(0.53981 11.5026 0)
(0.5997 11.6841 0)
(0.65063 11.9645 0)
(0.691117 12.3291 0)
(0.720117 12.7589 0)
(0.73736 13.233 0)
(0.743916 13.7306 0)
(0.740356 14.2334 0)
(0.729288 14.7205 0)
(0.712094 15.1721 0)
(0.690052 15.5721 0)
(0.66393 15.9057 0)
(0.635128 16.1526 0)
(0.60544 16.3181 0)
(0.575369 16.4213 0)
(0.545091 16.476 0)
(0.514535 16.4916 0)
(0.483425 16.4737 0)
(0.450438 16.4241 0)
(0.416795 16.3323 0)
(0.383824 16.1772 0)
(0.345891 15.8808 0)
(0.291876 15.2415 0)
(0.219371 14.0987 0)
(0.149612 12.7061 0)
(0.0962001 11.3552 0)
(0.0586396 10.1311 0)
(0.0338331 9.02199 0)
(0.0183543 7.97897 0)
(0.00908848 6.9209 0)
(0.00383013 5.69037 0)
(0.00101185 3.52395 0)
(-0.80248 -0.797189 2.19836e-20)
(-0.807666 -0.738651 -3.26211e-14)
(-0.720613 -0.432616 0)
(-0.584068 0.198617 -1.45634e-20)
(-0.449672 1.11927 2.03746e-14)
(-0.344411 2.20284 0)
(-0.263269 3.3171 0)
(-0.188826 4.37478 2.35598e-14)
(-0.120236 5.53346 0)
(-0.0855489 6.87678 0)
(-0.0444803 8.21317 0)
(0.000902442 9.50801 0)
(0.0498643 10.6853 0)
(0.0987621 11.5931 0)
(0.157067 12.0321 0)
(0.224185 12.0371 0)
(0.290664 11.8383 0)
(-0.721313 -0.736022 0)
(-0.599296 -0.615786 0)
(-0.458085 -0.480228 -7.02388e-14)
(-0.319014 -0.352493 0)
(-0.198401 -0.242991 4.90402e-14)
(-0.10418 -0.155199 -5.90015e-14)
(-0.0395932 -0.0932448 -3.21192e-14)
(-0.000476005 -0.0563561 0)
(0.0212533 -0.0374212 -3.86632e-14)
(0.0385271 -0.0289851 0)
(0.0565187 -0.0203904 -8.58549e-14)
(0.0771737 -0.00771859 0)
(0.493196 11.3634 0)
(0.555561 11.3661 0)
(0.609889 11.4661 0)
(0.656178 11.6647 0)
(0.693558 11.9539 0)
(0.721161 12.3194 0)
(0.7385 12.7439 0)
(0.746745 13.2087 0)
(0.744578 13.6954 0)
(0.736027 14.1874 0)
(0.72183 14.6648 0)
(0.703404 15.1092 0)
(0.681716 15.5048 0)
(0.657057 15.8363 0)
(0.630241 16.0827 0)
(0.602625 16.2482 0)
(0.574487 16.3508 0)
(0.545839 16.4042 0)
(0.516495 16.4176 0)
(0.486109 16.3965 0)
(0.453224 16.3424 0)
(0.418865 16.2428 0)
(0.383993 16.0708 0)
(0.342008 15.7321 0)
(0.281795 15.0113 0)
(0.206135 13.8122 0)
(0.137802 12.4342 0)
(0.0870511 11.1276 0)
(0.0523653 9.95163 0)
(0.0300176 8.88663 0)
(0.0162825 7.88001 0)
(0.00814609 6.84976 0)
(0.00352086 5.63877 0)
(0.000979697 3.49028 0)
(-0.70491 -0.857588 0)
(-0.759484 -0.918834 6.3836e-14)
(-0.736441 -0.811973 -3.1874e-14)
(-0.642272 -0.424804 0)
(-0.51367 0.258876 3.71323e-14)
(-0.389359 1.17902 -3.93145e-14)
(-0.284304 2.22308 0)
(-0.193601 3.28661 0)
(-0.105336 4.29881 2.27249e-14)
(-0.020414 5.41053 0)
(0.0326619 6.6996 0)
(0.0927906 7.99121 0)
(0.155633 9.24964 0)
(0.217807 10.3957 0)
(0.270549 11.289 0)
(0.320146 11.7525 0)
(0.370176 11.8016 0)
(0.418026 11.6436 0)
(0.518363 11.3282 0)
(-0.601672 -0.739909 0)
(-0.474763 -0.594904 -6.53438e-14)
(-0.342517 -0.450567 0)
(-0.221489 -0.32168 0)
(-0.121878 -0.214635 5.39834e-14)
(-0.0492475 -0.137118 2.87928e-14)
(-0.000508038 -0.0884353 4.58729e-16)
(0.0294987 -0.0607223 3.50671e-14)
(0.0528433 -0.0473652 0)
(0.076709 -0.0355149 -7.72031e-14)
(0.103382 -0.0198855 0)
(0.575907 11.2741 0)
(0.624667 11.3053 0)
(0.66555 11.4295 0)
(0.69848 11.6452 0)
(0.723064 11.9434 0)
(0.738885 12.3103 0)
(0.746794 12.731 0)
(0.745322 13.1873 0)
(0.738732 13.6644 0)
(0.726529 14.1461 0)
(0.710874 14.6142 0)
(0.692732 15.0512 0)
(0.672614 15.4416 0)
(0.650306 15.7699 0)
(0.626064 16.0146 0)
(0.600853 16.1788 0)
(0.57474 16.2799 0)
(0.547612 16.3311 0)
(0.519194 16.3417 0)
(0.489095 16.3169 0)
(0.455748 16.2577 0)
(0.41997 16.1489 0)
(0.382384 15.9568 0)
(0.335412 15.5686 0)
(0.269016 14.7652 0)
(0.191452 13.5256 0)
(0.125438 12.1724 0)
(0.0780857 10.9134 0)
(0.0465185 9.78611 0)
(0.0265896 8.7636 0)
(0.014546 7.79034 0)
(0.00745151 6.78401 0)
(0.00335835 5.5902 0)
(0.000966349 3.45586 0)
(-0.595293 -0.871422 0)
(-0.676308 -1.00603 0)
(-0.703457 -1.04531 -6.23879e-14)
(-0.665589 -0.867588 3.09903e-14)
(-0.568525 -0.409669 3.34581e-14)
(-0.446076 0.312668 3.59263e-14)
(-0.326126 1.22939 3.79386e-14)
(-0.217441 2.243 0)
(-0.116976 3.268 0)
(-0.0168239 4.24573 -2.19235e-14)
(0.0810441 5.32108 0)
(0.150541 6.56539 0)
(0.226684 7.81871 0)
(0.303233 9.03985 0)
(0.372565 10.1482 0)
(0.426506 11.0099 0)
(0.46653 11.4762 0)
(0.499891 11.5563 0)
(0.529819 11.4391 0)
(0.558379 11.2952 0)
(0.599905 11.2097 0)
(-0.483281 -0.721244 6.08468e-14)
(-0.360386 -0.563039 0)
(-0.24179 -0.415542 -4.16051e-14)
(-0.138899 -0.288488 0)
(-0.0590683 -0.194179 4.13374e-16)
(-0.000531848 -0.132002 4.20397e-16)
(0.0385675 -0.0933387 3.16263e-14)
(0.0686577 -0.0734329 0)
(0.0989436 -0.0574121 1.39778e-13)
(0.132004 -0.0382035 0)
(0.643552 11.1861 0)
(0.67892 11.2465 0)
(0.706673 11.3948 0)
(0.727061 11.6272 0)
(0.739974 11.934 0)
(0.746079 12.3033 0)
(0.744582 12.72 0)
(0.738321 13.1693 0)
(0.727513 13.6374 0)
(0.713718 14.1094 0)
(0.698217 14.5683 0)
(0.681658 14.9976 0)
(0.664055 15.382 0)
(0.644693 15.7059 0)
(0.623326 15.9476 0)
(0.600555 16.1094 0)
(0.576293 16.208 0)
(0.550333 16.2563 0)
(0.522342 16.2634 0)
(0.49193 16.2345 0)
(0.457442 16.1695 0)
(0.4195 16.0502 0)
(0.378371 15.8341 0)
(0.325713 15.3895 0)
(0.253698 14.5067 0)
(0.175716 13.2426 0)
(0.113158 11.9237 0)
(0.0695788 10.7143 0)
(0.0412197 9.63495 0)
(0.0237143 8.65181 0)
(0.0132569 7.70769 0)
(0.00706544 6.72221 0)
(0.00330906 5.54161 0)
(0.000940747 3.42149 0)
(-0.48385 -0.857876 0)
(-0.578288 -1.0364 0)
(-0.634724 -1.16887 0)
(-0.644833 -1.15498 3.0337e-14)
(-0.596266 -0.909119 0)
(-0.497732 -0.390708 -3.2444e-14)
(-0.378422 0.361217 -6.94684e-14)
(-0.258505 1.275 -1.83103e-14)
(-0.144144 2.26601 0)
(-0.0346995 3.26212 0)
(0.07504 4.21387 0)
(0.185031 5.26078 0)
(0.268361 6.4689 0)
(0.357659 7.68747 0)
(0.442882 8.86841 0)
(0.51511 9.93289 0)
(0.565805 10.7529 0)
(0.594629 11.2047 0)
(0.611691 11.3069 0)
(0.62457 11.2305 0)
(0.638105 11.1373 0)
(0.66577 11.0941 0)
(-0.371765 -0.68918 0)
(-0.258197 -0.524899 2.10388e-20)
(-0.154421 -0.377969 -4.54595e-14)
(-0.068622 -0.266201 2.41394e-14)
(-0.000548814 -0.189085 -7.71919e-16)
(0.0481775 -0.137212 -2.92513e-14)
(0.0856154 -0.108879 0)
(0.122822 -0.0875657 -2.07785e-20)
(0.162657 -0.0639334 0)
(0.695916 11.1024 0)
(0.718326 11.192 0)
(0.733854 11.3637 0)
(0.742856 11.6118 0)
(0.74613 11.9274 0)
(0.74333 12.2982 0)
(0.736383 12.7117 0)
(0.725918 13.1546 0)
(0.713223 13.6142 0)
(0.699483 14.0768 0)
(0.685525 14.5266 0)
(0.671561 14.9476 0)
(0.657109 15.325 0)
(0.64099 15.6434 0)
(0.622467 15.881 0)
(0.601887 16.0392 0)
(0.579048 16.1344 0)
(0.553678 16.1792 0)
(0.525443 16.1824 0)
(0.494005 16.149 0)
(0.457636 16.0777 0)
(0.416832 15.9462 0)
(0.37145 15.7017 0)
(0.312789 15.1948 0)
(0.236191 14.2393 0)
(0.159656 12.9681 0)
(0.101297 11.6898 0)
(0.0617757 10.531 0)
(0.0367492 9.49692 0)
(0.0215549 8.54882 0)
(0.0125008 7.63011 0)
(0.00694059 6.66112 0)
(0.0032881 5.49231 0)
(0.000934281 3.3867 0)
(-0.376469 -0.827882 0)
(-0.475617 -1.03292 0)
(-0.548873 -1.2233 0)
(-0.588706 -1.31769 0)
(-0.585256 -1.24931 2.94929e-14)
(-0.528289 -0.939624 0)
(-0.427939 -0.369447 -3.14509e-14)
(-0.308727 0.406829 3.35753e-14)
(-0.185933 1.31973 0)
(-0.0653632 2.29467 0)
(0.0523286 3.26938 0)
(0.170437 4.20186 0)
(0.291284 5.22683 0)
(0.386448 6.405 0)
(0.484484 7.58865 0)
(0.574044 8.72836 0)
(0.644747 9.74091 0)
(0.68744 10.5116 0)
(0.703388 10.9401 0)
(0.704403 11.0585 0)
(0.701417 11.0237 0)
(0.7012 10.9839 0)
(0.715916 10.9849 0)
(-0.269815 -0.649405 3.55142e-14)
(-0.167596 -0.483751 2.30149e-20)
(-0.0774186 -0.354615 -3.34081e-14)
(-0.000560104 -0.261555 0)
(0.0579659 -0.194269 4.13449e-16)
(0.103242 -0.155459 0)
(0.147783 -0.127561 -2.2102e-20)
(0.19477 -0.0984778 0)
(0.733156 11.0255 0)
(0.743635 11.1435 0)
(0.748151 11.3371 0)
(0.747781 11.6001 0)
(0.742571 11.9232 0)
(0.734088 12.2955 0)
(0.723039 12.7061 0)
(0.710597 13.1428 0)
(0.697815 13.5942 0)
(0.685575 14.0477 0)
(0.674238 14.488 0)
(0.663551 14.9002 0)
(0.652584 15.2698 0)
(0.639629 15.5816 0)
(0.623626 15.8139 0)
(0.604722 15.9677 0)
(0.58263 16.0587 0)
(0.557093 16.0994 0)
(0.527831 16.0985 0)
(0.494601 16.0602 0)
(0.455653 15.9819 0)
(0.411399 15.8362 0)
(0.361313 15.5588 0)
(0.296714 14.9852 0)
(0.21727 13.9687 0)
(0.143836 12.7052 0)
(0.0902758 11.4722 0)
(0.0551255 10.3627 0)
(0.0333375 9.36969 0)
(0.0202215 8.45233 0)
(0.0122217 7.55422 0)
(0.00692947 6.59919 0)
(0.00335032 5.44149 0)
(0.00100918 3.34772 0)
(-0.27625 -0.788225 0)
(-0.374294 -1.0087 0)
(-0.456059 -1.23591 0)
(-0.513918 -1.39908 -3.49613e-14)
(-0.540285 -1.45253 -3.16954e-14)
(-0.52522 -1.32981 4.20317e-21)
(-0.460827 -0.961214 0)
(-0.357476 -0.345842 3.04863e-14)
(-0.235841 0.452215 0)
(-0.108727 1.36673 -1.70825e-14)
(0.0182273 2.33085 0)
(0.143128 3.29005 -1.86275e-14)
(0.269135 4.20873 0)
(0.399798 5.21725 0)
(0.503392 6.36794 0)
(0.606292 7.51685 0)
(0.695697 8.61009 0)
(0.759591 9.56658 0)
(0.790667 10.2817 0)
(0.791941 10.683 0)
(0.777443 10.8156 0)
(0.760128 10.824 0)
(0.747898 10.8393 0)
(0.750661 10.8847 0)
(-0.177661 -0.60582 3.85467e-14)
(-0.0849466 -0.460295 5.03508e-15)
(-0.000566592 -0.350925 6.53936e-16)
(0.0674974 -0.266282 -2.41441e-14)
(0.120931 -0.214898 0)
(0.173093 -0.179006 -2.29521e-20)
(0.227562 -0.143307 0)
(0.756194 10.9571 0)
(0.756041 11.102 0)
(0.751549 11.3159 0)
(0.743167 11.5921 0)
(0.732377 11.9215 0)
(0.719989 12.2951 0)
(0.706995 12.7026 0)
(0.694426 13.1333 0)
(0.683088 13.5768 0)
(0.673489 14.021 0)
(0.665496 14.4516 0)
(0.658475 14.8544 0)
(0.650894 15.2153 0)
(0.64073 15.5196 0)
(0.626639 15.7455 0)
(0.608624 15.894 0)
(0.586418 15.9804 0)
(0.559846 16.0167 0)
(0.52874 16.0114 0)
(0.492987 15.9681 0)
(0.450876 15.8821 0)
(0.402814 15.7201 0)
(0.347834 15.4051 0)
(0.278003 14.7629 0)
(0.197857 13.7002 0)
(0.128889 12.4562 0)
(0.0807331 11.2705 0)
(0.0499472 10.2071 0)
(0.0311227 9.25064 0)
(0.0196584 8.3588 0)
(0.0122136 7.47769 0)
(0.00710844 6.53492 0)
(0.0035508 5.38501 0)
(0.00100114 3.31174 0)
(-0.184103 -0.743542 0)
(-0.277673 -0.971906 2.26818e-14)
(-0.362372 -1.22238 -2.06189e-14)
(-0.43044 -1.43042 0)
(-0.475814 -1.56285 1.40599e-20)
(-0.490233 -1.57356 3.08042e-14)
(-0.464621 -1.39777 -2.78451e-14)
(-0.392912 -0.974804 0)
(-0.285152 -0.318741 0)
(-0.159491 0.500051 0)
(-0.0273028 1.41854 3.3023e-14)
(0.105716 2.37591 0)
(0.237446 3.32445 1.79526e-14)
(0.371059 4.23417 1.88734e-14)
(0.509264 5.22908 0)
(0.617839 6.35262 0)
(0.721508 7.46442 0)
(0.805424 8.50764 0)
(0.858171 9.40268 0)
(0.874283 10.0604 0)
(0.859933 10.4344 0)
(0.830849 10.5825 0)
(0.801378 10.6359 0)
(0.778762 10.7068 0)
(0.771118 10.7956 0)
(-0.0907578 -0.583358 9.20728e-15)
(-0.00056869 -0.458111 0)
(0.0762808 -0.354684 2.17025e-14)
(0.137951 -0.288746 0)
(0.197837 -0.243427 -2.32682e-20)
(0.260011 -0.199864 0)
(0.766362 10.8983 0)
(0.757615 11.0679 0)
(0.74567 11.2999 0)
(0.732039 11.5873 0)
(0.717633 11.9222 0)
(0.703436 12.2963 0)
(0.69038 12.7005 0)
(0.679274 13.1251 0)
(0.670583 13.5607 0)
(0.664378 13.9955 0)
(0.660186 14.4162 0)
(0.656708 14.809 0)
(0.652131 15.1605 0)
(0.644085 15.4563 0)
(0.630998 15.6751 0)
(0.612888 15.8178 0)
(0.589595 15.8991 0)
(0.561088 15.931 0)
(0.527369 15.9212 0)
(0.488488 15.8728 0)
(0.442862 15.7784 0)
(0.390888 15.5978 0)
(0.331229 15.2405 0)
(0.257571 14.5315 0)
(0.178903 13.4378 0)
(0.11565 12.2226 0)
(0.0731085 11.0833 0)
(0.0464223 10.0617 0)
(0.0300649 9.1362 0)
(0.0196161 8.26521 0)
(0.0125373 7.39823 0)
(0.00745452 6.46464 0)
(0.00369513 5.33016 0)
(0.00142431 3.25322 0)
(-0.0946677 -0.723241 -4.23665e-15)
(-0.187254 -0.928104 0)
(-0.271342 -1.1925 -2.19536e-14)
(-0.344436 -1.42998 1.99641e-14)
(-0.401367 -1.61489 0)
(-0.435517 -1.71391 6.91096e-21)
(-0.438782 -1.68106 0)
(-0.403108 -1.45391 2.70462e-14)
(-0.323723 -0.980258 0)
(-0.210421 -0.286449 0)
(-0.0797616 0.552764 3.03844e-14)
(0.0577534 1.47712 6.92689e-20)
(0.196614 2.43105 1.66429e-14)
(0.335287 3.37336 0)
(0.475248 4.27735 -2.73037e-14)
(0.618172 5.25853 0)
(0.728144 6.35389 0)
(0.827472 7.4251 0)
(0.901112 8.41342 0)
(0.938559 9.24398 0)
(0.937524 9.84548 0)
(0.907429 10.1964 0)
(0.865747 10.3632 0)
(0.826061 10.4634 0)
(0.795213 10.5887 0)
(0.778772 10.7186 0)
(-0.000566436 -0.58323 0)
(0.0838041 -0.460346 0)
(0.153477 -0.378212 0)
(0.220944 -0.322115 -2.30209e-20)
(0.290883 -0.269436 0)
(0.765837 10.8493 0)
(0.750209 11.041 0)
(0.733451 11.2884 0)
(0.716606 11.5852 0)
(0.700678 11.9243 0)
(0.686601 12.2982 0)
(0.675098 12.6987 0)
(0.666693 13.1172 0)
(0.661451 13.5449 0)
(0.659168 13.9701 0)
(0.658622 14.3805 0)
(0.658317 14.7628 0)
(0.656048 15.1043 0)
(0.649098 15.3908 0)
(0.635898 15.6021 0)
(0.616604 15.7386 0)
(0.591227 15.8148 0)
(0.559937 15.8422 0)
(0.522968 15.8282 0)
(0.480592 15.7745 0)
(0.431389 15.671 0)
(0.375734 15.4693 0)
(0.312143 15.0659 0)
(0.236547 14.295 0)
(0.161564 13.1853 0)
(0.104818 12.0039 0)
(0.0676882 10.9082 0)
(0.0445498 9.9228 0)
(0.0298915 9.02268 0)
(0.0200896 8.16853 0)
(0.0130536 7.31267 0)
(0.00788599 6.39481 0)
(0.00433142 5.25171 0)
(0.000797131 3.23533 0)
(-0.000560033 -0.725703 0)
(-0.0972303 -0.90965 0)
(-0.184871 -1.15293 0)
(-0.259594 -1.40921 0)
(-0.323077 -1.62929 0)
(-0.369932 -1.78795 -1.76345e-14)
(-0.393411 -1.85172 6.41116e-14)
(-0.38592 -1.77507 2.90739e-14)
(-0.340304 -1.49822 -5.25361e-14)
(-0.252773 -0.97669 0)
(-0.133131 -0.247098 -2.77914e-14)
(0.00298891 0.612427 -2.94017e-14)
(0.1459 1.54407 -3.07919e-14)
(0.290917 2.49774 -1.60638e-14)
(0.436111 3.43734 1.67076e-14)
(0.580285 4.33614 8.78442e-15)
(0.724655 5.302 0)
(0.831448 6.36663 0)
(0.921657 7.39275 0)
(0.980324 8.32171 0)
(0.999261 9.08721 0)
(0.980073 9.63692 0)
(0.935725 9.97087 0)
(0.883265 10.1614 0)
(0.836101 10.3092 0)
(0.798975 10.4863 0)
(0.775913 10.6539 0)
(0.0896194 -0.583387 -4.60467e-15)
(0.166661 -0.483969 0)
(0.241265 -0.415963 -4.14808e-14)
(0.318783 -0.352996 0)
(0.756648 10.8097 0)
(0.7367 11.0203 0)
(0.717207 11.2807 0)
(0.699226 11.5851 0)
(0.683707 11.9271 0)
(0.671377 12.3 0)
(0.662696 12.6964 0)
(0.657805 13.1088 0)
(0.656647 13.5281 0)
(0.658073 13.9436 0)
(0.660838 14.3434 0)
(0.663011 14.7148 0)
(0.661942 15.0456 0)
(0.654853 15.3226 0)
(0.640323 15.526 0)
(0.618735 15.6563 0)
(0.590339 15.7276 0)
(0.555562 15.7509 0)
(0.514958 15.7328 0)
(0.469015 15.6739 0)
(0.416531 15.5604 0)
(0.357862 15.3349 0)
(0.291598 14.8828 0)
(0.216281 14.0574 0)
(0.146857 12.9448 0)
(0.0968052 11.7983 0)
(0.0645393 10.7415 0)
(0.0440561 9.78616 0)
(0.0304828 8.90638 0)
(0.0207879 8.06575 0)
(0.0137936 7.2267 0)
(0.00851606 6.30317 0)
(0.00322202 5.21684 0)
(0.00241264 3.11511 0)
(0.0935423 -0.723246 4.23764e-15)
(-0.000549645 -0.914189 0)
(-0.0964155 -1.13674 0)
(-0.178129 -1.37584 0)
(-0.244751 -1.61915 0)
(-0.299446 -1.81844 0)
(-0.336604 -1.94852 1.71223e-14)
(-0.349635 -1.97568 -3.1133e-14)
(-0.331571 -1.85523 -2.82398e-14)
(-0.275955 -1.5301 -5.15557e-20)
(-0.17986 -0.96279 0)
(-0.0534385 -0.198829 2.69616e-14)
(0.0884444 0.680732 -2.84259e-14)
(0.237033 1.62117 1.48732e-14)
(0.388414 2.57736 -1.55144e-14)
(0.538807 3.51585 -1.61334e-14)
(0.684354 4.40805 -8.48331e-15)
(0.825746 5.35591 0)
(0.924856 6.38573 0)
(1.00103 7.36185 0)
(1.04077 8.22864 0)
(1.03935 8.93099 0)
(1.00302 9.43553 0)
(0.945839 9.76139 0)
(0.88589 9.98016 0)
(0.833602 10.1747 0)
(0.792502 10.3996 0)
(0.764715 10.6009 0)
(0.176741 -0.606005 0)
(0.257689 -0.525289 0)
(0.342296 -0.451041 0)
(0.741637 10.7782 0)
(0.719465 11.0048 0)
(0.699287 11.2758 0)
(0.682081 11.586 0)
(0.668592 11.9296 0)
(0.659261 12.3008 0)
(0.654243 12.6929 0)
(0.653606 13.0986 0)
(0.656236 13.5093 0)
(0.661103 13.9149 0)
(0.666502 14.3038 0)
(0.669974 14.664 0)
(0.668784 14.9839 0)
(0.66022 15.2512 0)
(0.643127 15.4467 0)
(0.618206 15.571 0)
(0.586014 15.6378 0)
(0.547322 15.6574 0)
(0.502998 15.6356 0)
(0.45377 15.5715 0)
(0.398755 15.4472 0)
(0.338197 15.1953 0)
(0.270905 14.693 0)
(0.19827 13.8227 0)
(0.135538 12.7154 0)
(0.0917755 11.6026 0)
(0.0634111 10.5789 0)
(0.0446756 9.64763 0)
(0.0313447 8.78406 0)
(0.0218032 7.96223 0)
(0.0142711 7.12101 0)
(0.00727327 6.25374 0)
(0.00604219 5.07996 0)
(0.183203 -0.743687 0)
(0.0961273 -0.909628 0)
(-0.000539221 -1.14184 0)
(-0.0931451 -1.36286 0)
(-0.168837 -1.59333 0)
(-0.227918 -1.82003 0)
(-0.274062 -1.99595 0)
(-0.301586 -2.0955 0)
(-0.304263 -2.08497 0)
(-0.275691 -1.92077 2.74293e-14)
(-0.209947 -1.54848 2.47827e-14)
(-0.105037 -0.937047 0)
(0.0284125 -0.140066 0)
(0.176386 0.759421 2.74867e-14)
(0.331194 1.71013 0)
(0.488372 2.67056 1.49933e-14)
(0.641739 3.60747 -1.55872e-14)
(0.784584 4.49036 -8.18227e-20)
(0.918333 5.41627 0)
(1.00498 6.40638 0)
(1.06264 7.3282 0)
(1.08084 8.13209 0)
(1.05953 8.77535 0)
(1.00695 9.2446 0)
(0.94083 9.57118 0)
(0.876098 9.8209 0)
(0.821282 10.06 0)
(0.778154 10.3278 0)
(0.747999 10.5582 0)
(0.269324 -0.649749 0)
(0.360172 -0.563465 0)
(0.723208 10.7539 0)
(0.700827 10.9936 0)
(0.681833 11.2729 0)
(0.666997 11.5871 0)
(0.656751 11.9312 0)
(0.651287 12.3001 0)
(0.650731 12.6873 0)
(0.653987 13.086 0)
(0.660205 13.4879 0)
(0.667865 13.8832 0)
(0.674666 14.2609 0)
(0.678058 14.6096 0)
(0.675319 14.9186 0)
(0.663926 15.1763 0)
(0.64312 15.3643 0)
(0.614002 15.4831 0)
(0.577542 15.546 0)
(0.534824 15.5625 0)
(0.487062 15.5374 0)
(0.435293 15.4681 0)
(0.378941 15.3321 0)
(0.317978 15.0514 0)
(0.251726 14.499 0)
(0.183764 13.5924 0)
(0.127983 12.4956 0)
(0.0895362 11.4125 0)
(0.063888 10.4157 0)
(0.0456295 9.50324 0)
(0.0325566 8.66127 0)
(0.0219942 7.84078 0)
(0.0128236 7.05634 0)
(0.0106868 6.11094 0)
(0.275776 -0.788512 3.31013e-14)
(0.18638 -0.928197 0)
(0.0953367 -1.13669 0)
(-0.000539802 -1.3686 0)
(-0.0884723 -1.58433 0)
(-0.157952 -1.80268 0)
(-0.209619 -2.01005 0)
(-0.247148 -2.16034 1.76862e-14)
(-0.265012 -2.22763 -1.61356e-14)
(-0.257378 -2.1785 2.93589e-14)
(-0.218287 -1.97057 -2.66445e-14)
(-0.142308 -1.55204 0)
(-0.0284647 -0.897926 0)
(0.112456 -0.0692435 2.53326e-14)
(0.266961 0.85034 -2.65896e-14)
(0.428009 1.81229 0)
(0.589482 2.77716 0)
(0.74222 3.71039 1.50717e-14)
(0.877842 4.58014 7.93372e-15)
(0.998867 5.47918 0)
(1.06837 6.42448 0)
(1.10436 7.28923 0)
(1.10076 8.03076 0)
(1.0596 8.62313 0)
(0.995347 9.06757 0)
(0.923368 9.40192 0)
(0.856864 9.68418 0)
(0.801741 9.96451 0)
(0.758736 10.2696 0)
(0.728178 10.5248 0)
(0.371554 -0.689534 0)
(0.703648 10.7355 0)
(0.682866 10.9856 0)
(0.666605 11.2712 0)
(0.655292 11.588 0)
(0.649144 11.9319 0)
(0.648405 12.2975 0)
(0.651888 12.6792 0)
(0.658902 13.0706 0)
(0.668095 13.4633 0)
(0.677282 13.8479 0)
(0.684076 14.2141 0)
(0.685895 14.5513 0)
(0.680151 14.8495 0)
(0.664667 15.0981 0)
(0.63918 15.2792 0)
(0.605349 15.3934 0)
(0.564477 15.4531 0)
(0.518011 15.4672 0)
(0.467574 15.4393 0)
(0.414457 15.3648 0)
(0.35833 15.2159 0)
(0.298835 14.9042 0)
(0.235644 14.3025 0)
(0.173525 13.3672 0)
(0.124054 12.2814 0)
(0.0895774 11.2237 0)
(0.0647931 10.247 0)
(0.0469117 9.35928 0)
(0.0323226 8.52178 0)
(0.0201388 7.75996 0)
(0.0162351 6.90624 0)
(0.376264 -0.828151 0)
(0.277217 -0.972112 -4.52476e-14)
(0.184023 -1.15297 0)
(0.09207 -1.36281 0)
(-0.000561993 -1.59083 0)
(-0.0829123 -1.79824 0)
(-0.145962 -2.00186 0)
(-0.190079 -2.18749 0)
(-0.21885 -2.31005 -3.43167e-14)
(-0.227018 -2.34352 -2.01379e-20)
(-0.209074 -2.25495 -2.85118e-14)
(-0.159431 -2.00328 0)
(-0.0731579 -1.53933 2.33954e-14)
(0.0499387 -0.844038 0)
(0.198623 0.0154034 -2.45343e-14)
(0.360061 0.954998 2.57338e-14)
(0.526591 1.92841 0)
(0.689343 2.89632 0)
(0.837074 3.82219 0)
(0.960524 4.67406 7.68294e-15)
(1.06362 5.54089 0)
(1.11253 6.43703 0)
(1.12542 7.24201 0)
(1.09947 7.92767 0)
(1.0435 8.47796 0)
(0.970863 8.90728 0)
(0.896673 9.25565 0)
(0.831014 9.56996 0)
(0.777768 9.88688 0)
(0.736661 10.2237 0)
(0.707491 10.4993 0)
(0.684963 10.7222 0)
(0.667273 10.9805 0)
(0.654833 11.2705 0)
(0.647873 11.5889 0)
(0.646778 11.9312 0)
(0.650193 12.2928 0)
(0.65762 12.6686 0)
(0.667832 13.052 0)
(0.67871 13.4349 0)
(0.688004 13.8085 0)
(0.693256 14.1631 0)
(0.691971 14.4889 0)
(0.681861 14.7768 0)
(0.661195 15.0169 0)
(0.63047 15.1922 0)
(0.59174 15.3026 0)
(0.546728 15.3601 0)
(0.497299 15.3725 0)
(0.445415 15.3423 0)
(0.392551 15.2625 0)
(0.338574 15.0997 0)
(0.28247 14.7543 0)
(0.223858 14.1047 0)
(0.167609 13.1446 0)
(0.123231 12.0699 0)
(0.0902371 11.0297 0)
(0.0659631 10.0801 0)
(0.0460987 9.19915 0)
(0.0297736 8.42355 0)
(0.0228619 7.59873 0)
(0.374095 -1.00885 0)
(0.270894 -1.19262 2.18987e-14)
(0.17728 -1.37586 2.26317e-14)
(0.0873587 -1.58429 0)
(-0.000619149 -1.80562 0)
(-0.076727 -2.0024 0)
(-0.133092 -2.18894 0)
(-0.169435 -2.35054 0)
(-0.189314 -2.4434 1.66449e-14)
(-0.187741 -2.44161 1.52033e-14)
(-0.15946 -2.31283 0)
(-0.099237 -2.01742 0)
(-0.00263397 -1.50895 -2.27333e-14)
(0.130058 -0.773879 2.23915e-14)
(0.287002 0.115432 0)
(0.455175 1.07487 0)
(0.624963 2.05867 0)
(0.78497 3.02633 0)
(0.922717 3.94017 0)
(1.02876 4.7687 -7.44702e-15)
(1.10972 5.59752 0)
(1.13713 6.44118 0)
(1.12469 7.19118 0)
(1.08115 7.82556 0)
(1.01364 8.34361 0)
(0.937009 8.76745 0)
(0.863862 9.13298 0)
(0.801403 9.47723 0)
(0.751779 9.82562 0)
(0.714105 10.1885 0)
(0.687878 10.4807 0)
(0.668779 10.7134 0)
(0.655209 10.9779 0)
(0.647387 11.271 0)
(0.645784 11.5895 0)
(0.648971 11.9292 0)
(0.656555 12.2863 0)
(0.667412 12.6555 0)
(0.679489 13.0301 0)
(0.690632 13.4027 0)
(0.69847 13.765 0)
(0.700593 14.108 0)
(0.694768 14.4227 0)
(0.679066 14.701 0)
(0.652626 14.9337 0)
(0.616422 15.104 0)
(0.573054 15.2118 0)
(0.524703 15.268 0)
(0.473589 15.2795 0)
(0.421902 15.2473 0)
(0.371278 15.1621 0)
(0.321471 14.984 0)
(0.270347 14.6025 0)
(0.216762 13.9044 0)
(0.165612 12.9232 0)
(0.12347 11.8538 0)
(0.0910435 10.8386 0)
(0.0644042 9.89697 0)
(0.0425388 9.08186 0)
(0.0310242 8.24607 0)
(0.36217 -1.2224 0)
(0.259124 -1.40928 2.11661e-14)
(0.167941 -1.59335 -2.18946e-14)
(0.0816911 -1.79823 0)
(-0.000726746 -2.01078 0)
(-0.07004 -2.19479 0)
(-0.119464 -2.36196 1.93698e-14)
(-0.147813 -2.4973 0)
(-0.158683 -2.55861 -1.61476e-14)
(-0.147314 -2.52023 0)
(-0.108658 -2.35055 2.6899e-14)
(-0.0378518 -2.0115 0)
(0.0693954 -1.45944 -2.20748e-14)
(0.212047 -0.685816 -2.17346e-14)
(0.377405 0.232525 0)
(0.550813 1.21058 0)
(0.720322 2.20222 -1.26108e-14)
(0.872821 3.16514 0)
(0.995207 4.06141 0)
(1.07917 4.86048 0)
(1.13532 5.64891 0)
(1.13695 6.43955 0)
(1.10638 7.13607 0)
(1.0479 7.7281 0)
(0.973829 8.22437 0)
(0.897256 8.6494 0)
(0.827869 9.03364 0)
(0.770457 9.4046 0)
(0.725863 9.77933 0)
(0.692907 10.1632 0)
(0.670898 10.4685 0)
(0.656209 10.7089 0)
(0.64751 10.9778 0)
(0.645292 11.2727 0)
(0.648169 11.59 0)
(0.655729 11.9265 0)
(0.666965 12.2782 0)
(0.679888 12.6397 0)
(0.692421 13.0049 0)
(0.702238 13.3667 0)
(0.706991 13.7174 0)
(0.704498 14.0489 0)
(0.69277 14.3531 0)
(0.670863 14.6227 0)
(0.638318 14.8491 0)
(0.596882 15.0158 0)
(0.549706 15.1222 0)
(0.499329 15.1782 0)
(0.44824 15.1894 0)
(0.398778 15.1556 0)
(0.352533 15.0646 0)
(0.308666 14.8693 0)
(0.263197 14.4477 0)
(0.214121 13.7009 0)
(0.165345 12.6966 0)
(0.123656 11.6392 0)
(0.0884664 10.631 0)
(0.059538 9.75885 0)
(0.0413637 8.88233 0)
(0.344197 -1.42993 0)
(0.244201 -1.61921 -1.15933e-20)
(0.156933 -1.80276 0)
(0.0752977 -2.00244 0)
(-0.000902498 -2.20424 0)
(-0.0629266 -2.37332 0)
(-0.105175 -2.51886 -1.87655e-14)
(-0.125337 -2.62582 0)
(-0.127089 -2.65383 1.56663e-14)
(-0.105857 -2.57764 0)
(-0.056797 -2.36649 -2.61339e-14)
(0.0247639 -1.98402 0)
(0.143005 -1.38921 4.28733e-14)
(0.295906 -0.578149 0)
(0.468804 0.36793 0)
(0.644615 1.3623 0)
(0.809322 2.35752 -1.39416e-19)
(0.94887 3.31025 1.2754e-14)
(1.05068 4.18216 -1.32823e-14)
(1.10971 4.94898 0)
(1.13713 5.69188 0)
(1.11987 6.43142 0)
(1.07171 7.0808 0)
(1.00381 7.63994 0)
(0.92788 8.1235 0)
(0.854691 8.55424 0)
(0.791184 8.95676 0)
(0.740207 9.35078 0)
(0.701755 9.74674 0)
(0.674546 10.1468 0)
(0.657635 10.4624 0)
(0.648047 10.7084 0)
(0.64515 10.9806 0)
(0.647652 11.2756 0)
(0.655057 11.5908 0)
(0.666491 11.9232 0)
(0.680008 12.2683 0)
(0.693596 12.6213 0)
(0.704961 12.9763 0)
(0.711788 13.327 0)
(0.711931 13.666 0)
(0.703315 13.9864 0)
(0.685091 14.2809 0)
(0.656528 14.5429 0)
(0.618088 14.7644 0)
(0.572277 14.9289 0)
(0.522656 15.0351 0)
(0.472028 15.0916 0)
(0.423055 15.1031 0)
(0.378024 15.0679 0)
(0.338095 14.9703 0)
(0.30117 14.7552 0)
(0.260979 14.2888 0)
(0.213954 13.4893 0)
(0.164947 12.4684 0)
(0.119687 11.4083 0)
(0.0821419 10.4717 0)
(0.0547392 9.53102 0)
(0.322742 -1.62922 0)
(0.227208 -1.82013 -8.89645e-21)
(0.144716 -2.00202 -2.05557e-14)
(0.0682665 -2.1949 0)
(-0.00116422 -2.38388 0)
(-0.0554546 -2.53584 0)
(-0.0903176 -2.65753 1.81793e-14)
(-0.10212 -2.73409 0)
(-0.0946431 -2.72719 0)
(-0.0634802 -2.61208 -1.39168e-14)
(-0.00390979 -2.35901 0)
(0.0887334 -1.93333 0)
(0.218273 -1.29654 -4.1643e-14)
(0.380994 -0.449303 2.04953e-14)
(0.559276 0.522384 2.16208e-14)
(0.733469 1.52939 0)
(0.888102 2.5227 1.18514e-14)
(1.00899 3.45817 -1.2371e-14)
(1.08688 4.30144 1.28937e-14)
(1.11696 5.02889 0)
(1.12186 5.7288 0)
(1.08483 6.41995 0)
(1.02501 7.03008 0)
(0.952967 7.56573 0)
(0.879202 8.04302 0)
(0.811955 8.48197 0)
(0.755835 8.90132 0)
(0.712316 9.31427 0)
(0.680853 9.72678 0)
(0.660076 10.1391 0)
(0.648837 10.4619 0)
(0.64523 10.7125 0)
(0.647309 10.9859 0)
(0.654467 11.2799 0)
(0.66595 11.5922 0)
(0.679871 11.9191 0)
(0.69425 12.2567 0)
(0.706845 12.6003 0)
(0.715345 12.9446 0)
(0.717629 13.2836 0)
(0.711497 13.6114 0)
(0.696227 13.9213 0)
(0.670918 14.2071 0)
(0.635849 14.4628 0)
(0.592379 14.6808 0)
(0.543613 14.8445 0)
(0.493395 14.9515 0)
(0.444676 15.0094 0)
(0.400097 15.0216 0)
(0.36153 14.9849 0)
(0.329185 14.8795 0)
(0.29922 14.641 0)
(0.262032 14.1211 0)
(0.213807 13.2723 0)
(0.159484 12.221 0)
(0.111904 11.2296 0)
(0.0722724 10.2097 0)
(0.298924 -1.81841 0)
(0.20863 -2.01025 -1.92741e-14)
(0.131476 -2.18923 1.99212e-14)
(0.0606362 -2.37352 0)
(-0.00152655 -2.54754 0)
(-0.0476887 -2.68017 0)
(-0.0749687 -2.77587 3.73552e-20)
(-0.0782464 -2.82011 0)
(-0.0614317 -2.77681 -1.47539e-14)
(-0.0202389 -2.6218 1.3518e-14)
(0.0501115 -2.32641 2.46582e-14)
(0.154167 -1.85767 -2.23973e-14)
(0.294806 -1.17965 4.04585e-14)
(0.465865 -0.297971 -3.98074e-14)
(0.646087 0.695855 -2.0968e-14)
(0.813665 1.71024 0)
(0.952331 2.69487 0)
(1.05061 3.60724 0)
(1.09991 4.41461 0)
(1.10538 5.10337 0)
(1.08731 5.75989 0)
(1.03687 6.40915 0)
(0.970665 6.98843 0)
(0.899085 7.50806 0)
(0.830641 7.98394 0)
(0.771156 8.43194 0)
(0.723485 8.86571 0)
(0.688124 9.2936 0)
(0.664172 9.71851 0)
(0.650196 10.1391 0)
(0.645438 10.4674 0)
(0.647045 10.7204 0)
(0.653887 10.9937 0)
(0.665298 11.286 0)
(0.67947 11.5939 0)
(0.694429 11.9141 0)
(0.707995 12.2433 0)
(0.717868 12.5768 0)
(0.721916 12.9097 0)
(0.717819 13.2374 0)
(0.704989 13.5543 0)
(0.682319 13.8544 0)
(0.650023 14.1326 0)
(0.609297 14.3836 0)
(0.562249 14.5997 0)
(0.512455 14.7639 0)
(0.463883 14.8726 0)
(0.419422 14.9325 0)
(0.38137 14.9456 0)
(0.350685 14.9067 0)
(0.326329 14.792 0)
(0.30149 14.5224 0)
(0.263673 13.9467 0)
(0.207575 13.0294 0)
(0.150179 12.026 0)
(0.0952409 10.9305 0)
(0.273223 -1.99604 0)
(0.188659 -2.18783 0)
(0.1173 -2.36239 -1.93032e-14)
(0.0524449 -2.53614 0)
(-0.00199482 -2.69298 0)
(-0.0396826 -2.8041 0)
(-0.0591838 -2.87176 -3.41316e-14)
(-0.0537774 -2.88189 0)
(-0.0274948 -2.80081 1.43223e-14)
(0.0239128 -2.60496 -1.31262e-14)
(0.105443 -2.26685 -2.39456e-14)
(0.220796 -1.75512 2.17604e-14)
(0.371623 -1.03692 1.98937e-19)
(0.548242 -0.123758 1.93142e-14)
(0.725866 0.887489 0)
(0.880913 1.90235 -1.06653e-14)
(0.999081 2.87165 1.11665e-14)
(1.06961 3.7531 -1.167e-14)
(1.09292 4.52224 0)
(1.07466 5.17174 0)
(1.03885 5.78905 0)
(0.980331 6.40313 0)
(0.912769 6.95913 0)
(0.845371 7.46907 0)
(0.784495 7.94611 0)
(0.734005 8.40275 0)
(0.695447 8.84822 0)
(0.668624 9.2873 0)
(0.652376 9.72061 0)
(0.645818 10.1468 0)
(0.646792 10.4778 0)
(0.65326 10.7318 0)
(0.664511 11.0044 0)
(0.678807 11.2932 0)
(0.694171 11.5954 0)
(0.708484 11.9083 0)
(0.719484 12.228 0)
(0.724935 12.5504 0)
(0.722595 12.8725 0)
(0.711826 13.189 0)
(0.691375 13.4953 0)
(0.66136 13.7868 0)
(0.6229 14.0589 0)
(0.57798 14.3067 0)
(0.529347 14.5223 0)
(0.480858 14.688 0)
(0.436361 14.7992 0)
(0.39839 14.8614 0)
(0.36841 14.8753 0)
(0.346238 14.8336 0)
(0.328487 14.7045 0)
(0.305369 14.4013 0)
(0.258945 13.7426 0)
(0.197528 12.8313 0)
(0.124846 11.6956 0)
(0.245827 -2.1606 0)
(0.167394 -2.35107 0)
(0.102257 -2.51946 -1.52535e-20)
(0.0437454 -2.68057 0)
(-0.00256041 -2.81799 0)
(-0.0314692 -2.90547 0)
(-0.042994 -2.94312 2.48092e-14)
(-0.0287051 -2.91748 0)
(0.0071658 -2.79722 0)
(0.0692575 -2.55969 -9.47744e-20)
(0.161836 -2.17833 0)
(0.287991 -1.62382 2.11454e-14)
(0.446922 -0.867343 2.10491e-19)
(0.62522 0.0732781 -1.8746e-14)
(0.794539 1.09511 -1.97413e-14)
(0.932049 2.10341 1.03565e-14)
(1.0242 3.04891 -1.08468e-14)
(1.06799 3.89454 2.26856e-14)
(1.06622 4.62406 1.18307e-14)
(1.02871 5.23605 0)
(0.981023 5.81953 0)
(0.919562 6.4054 0)
(0.854856 6.94491 0)
(0.794389 7.44906 0)
(0.74259 7.92862 0)
(0.701836 8.39267 0)
(0.672689 8.84697 0)
(0.654446 9.29361 0)
(0.646275 9.73244 0)
(0.646397 10.1611 0)
(0.652561 10.4928 0)
(0.663584 10.7468 0)
(0.677896 11.017 0)
(0.69352 11.301 0)
(0.708386 11.5967 0)
(0.720287 11.9009 0)
(0.726989 12.2102 0)
(0.726027 12.5224 0)
(0.717022 12.8332 0)
(0.698486 13.1388 0)
(0.670431 13.4356 0)
(0.633867 13.7198 0)
(0.590711 13.9873 0)
(0.543627 14.2333 0)
(0.495824 14.4496 0)
(0.451159 14.6178 0)
(0.41307 14.732 0)
(0.383253 14.7964 0)
(0.362143 14.8108 0)
(0.347413 14.7629 0)
(0.333322 14.6193 0)
(0.303751 14.2551 0)
(0.250699 13.5724 0)
(0.162109 12.4843 0)
(0.216847 -2.31054 0)
(0.144936 -2.49804 0)
(0.086428 -2.65831 3.62366e-14)
(0.0346076 -2.8046 0)
(-0.00319428 -2.92037 0)
(-0.0230656 -2.98212 0)
(-0.0263665 -2.9879 -8.01661e-15)
(-0.00294344 -2.92478 1.46448e-14)
(0.0428502 -2.76416 0)
(0.115515 -2.48391 -1.05323e-19)
(0.218939 -2.05882 -2.25978e-14)
(0.354372 -1.46244 -2.05531e-14)
(0.51824 -0.670744 -1.85841e-14)
(0.693071 0.291488 1.81916e-14)
(0.848749 1.31641 -2.38565e-19)
(0.962982 2.30954 0)
(1.02851 3.22396 0)
(1.04608 4.03081 -1.1028e-14)
(1.02303 4.72064 -1.15024e-14)
(0.972245 5.299 0)
(0.918387 5.85457 0)
(0.858444 6.41872 0)
(0.799792 6.94664 0)
(0.748113 7.44761 0)
(0.706312 7.92993 0)
(0.6756 8.39967 0)
(0.655803 8.85982 0)
(0.646317 9.31117 0)
(0.645526 9.7528 0)
(0.651464 10.1812 0)
(0.662534 10.5121 0)
(0.676767 10.7645 0)
(0.692531 11.0308 0)
(0.707781 11.3092 0)
(0.720379 11.5971 0)
(0.728057 11.8918 0)
(0.728197 12.1914 0)
(0.720778 12.4926 0)
(0.703911 12.7924 0)
(0.677587 13.088 0)
(0.642697 13.3765 0)
(0.601046 13.6548 0)
(0.555246 13.9191 0)
(0.508481 14.1646 0)
(0.464115 14.3827 0)
(0.42572 14.5539 0)
(0.395803 14.6711 0)
(0.375112 14.7376 0)
(0.361993 14.7499 0)
(0.352122 14.697 0)
(0.333919 14.5163 0)
(0.29984 14.1394 0)
(0.20598 13.2395 0)
(0.186404 -2.44414 0)
(0.121405 -2.62676 0)
(0.0699098 -2.77681 -3.51089e-14)
(0.025119 -2.90604 0)
(-0.00383733 -2.99798 0)
(-0.014445 -3.03197 0)
(-0.00921365 -3.004 0)
(0.023446 -2.90191 -2.84094e-14)
(0.0792906 -2.69945 -1.30963e-14)
(0.162512 -2.37544 -1.1494e-19)
(0.27574 -1.9067 2.19629e-14)
(0.417948 -1.27037 1.99839e-14)
(0.582442 -0.447936 1.80737e-14)
(0.748384 0.528434 0)
(0.884534 1.54756 1.86284e-14)
(0.973404 2.51679 9.78272e-15)
(1.01227 3.39511 1.02545e-14)
(1.00666 4.16137 0)
(0.968002 4.81373 0)
(0.909958 5.36341 5.90078e-15)
(0.855075 5.89678 0)
(0.800163 6.44457 0)
(0.749763 6.96437 0)
(0.708027 7.46356 0)
(0.676626 7.94809 0)
(0.65586 8.42145 0)
(0.6454 8.88503 0)
(0.643876 9.33882 0)
(0.649536 9.7802 0)
(0.660903 10.2061 0)
(0.675463 10.5345 0)
(0.691263 10.7839 0)
(0.706757 11.0455 0)
(0.719865 11.3171 0)
(0.728289 11.5965 0)
(0.729409 11.8819 0)
(0.723258 12.171 0)
(0.707846 12.4614 0)
(0.683059 12.751 0)
(0.649687 13.0376 0)
(0.609412 13.3192 0)
(0.564739 13.5929 0)
(0.51883 13.8554 0)
(0.475059 14.1016 0)
(0.436694 14.3222 0)
(0.406434 14.4965 0)
(0.385837 14.6168 0)
(0.373531 14.6831 0)
(0.366065 14.695 0)
(0.35358 14.6187 0)
(0.333639 14.4443 0)
(0.251089 13.864 0)
(0.154646 -2.55961 0)
(0.0969392 -2.73523 0)
(0.0528132 -2.87284 -4.98118e-20)
(0.0153954 -2.98274 0)
(-0.00435318 -3.04874 0)
(-0.00571183 -3.05279 0)
(0.00844864 -2.98957 0)
(0.0504718 -2.84655 1.3781e-14)
(0.116447 -2.60086 1.27163e-14)
(0.209548 -2.23253 1.16781e-14)
(0.330635 -1.72108 0)
(0.476146 -1.04816 2.37798e-19)
(0.636326 -0.201257 -1.75663e-14)
(0.787437 0.780255 0)
(0.900766 1.78415 0)
(0.963405 2.72232 -9.51537e-15)
(0.977777 3.56074 -9.97905e-15)
(0.954187 4.28681 -1.04379e-14)
(0.905983 4.90558 5.43596e-15)
(0.846216 5.43167 -5.73191e-15)
(0.794526 5.9479 0)
(0.747114 6.4834 0)
(0.706374 6.99731 0)
(0.675135 7.49523 0)
(0.65407 7.98086 0)
(0.643093 8.45595 0)
(0.641126 8.92108 0)
(0.646658 9.3744 0)
(0.658096 9.81309 0)
(0.67342 10.2349 0)
(0.689779 10.5593 0)
(0.705401 10.8048 0)
(0.718852 11.0604 0)
(0.727848 11.3244 0)
(0.729774 11.595 0)
(0.724666 11.8708 0)
(0.710466 12.1495 0)
(0.687032 12.4298 0)
(0.65504 12.7101 0)
(0.616055 12.989 0)
(0.572458 13.2649 0)
(0.527329 13.5355 0)
(0.484035 13.7974 0)
(0.445932 14.0451 0)
(0.415528 14.2684 0)
(0.394758 14.4459 0)
(0.382839 14.5669 0)
(0.376838 14.6351 0)
(0.368068 14.6307 0)
(0.355092 14.5687 0)
(0.286596 14.2365 0)
(0.121738 -2.65506 0)
(0.0716888 -2.82141 0)
(0.0352498 -2.94429 1.64864e-14)
(0.00557052 -3.03268 0)
(-0.00495711 -3.07014 0)
(0.00378793 -3.04299 0)
(0.0266811 -2.94192 0)
(0.0781905 -2.75653 1.33733e-14)
(0.153887 -2.46647 0)
(0.255381 -2.054 1.13489e-14)
(0.381517 -1.50226 0)
(0.526191 -0.797475 2.37698e-19)
(0.676418 0.0654941 0)
(0.808569 1.04233 1.66896e-14)
(0.8972 2.02209 0)
(0.934767 2.92328 -9.26012e-15)
(0.929132 3.72023 9.71321e-15)
(0.893532 4.40859 2.03137e-14)
(0.841593 4.99833 3.42991e-20)
(0.78473 5.50561 0)
(0.739336 6.00873 0)
(0.70104 6.53476 0)
(0.670688 7.04415 0)
(0.649973 7.54058 0)
(0.639003 8.02604 0)
(0.636964 8.50145 0)
(0.642573 8.96554 0)
(0.654253 9.41597 0)
(0.669936 9.85061 0)
(0.687441 10.2669 0)
(0.703796 10.5858 0)
(0.717449 10.8262 0)
(0.726862 11.0753 0)
(0.729392 11.3312 0)
(0.725125 11.5929 0)
(0.711946 11.8589 0)
(0.689681 12.1278 0)
(0.658926 12.3987 0)
(0.621145 12.6708 0)
(0.578596 12.9433 0)
(0.534259 13.215 0)
(0.491423 13.4838 0)
(0.453505 13.746 0)
(0.423104 13.9956 0)
(0.402269 14.2217 0)
(0.390413 14.4002 0)
(0.385394 14.524 0)
(0.379102 14.5791 0)
(0.370264 14.592 0)
(0.311792 14.4102 0)
(0.0878664 -2.72859 1.51814e-14)
(0.0458027 -2.8833 1.5527e-14)
(0.0172985 -2.98919 0)
(-0.00422616 -3.05361 0)
(-0.00533367 -3.0613 0)
(0.0135341 -2.99936 0)
(0.0455262 -2.85917 0)
(0.106378 -2.62972 1.33653e-19)
(0.190667 -2.29494 0)
(0.298338 -1.83991 -1.10328e-14)
(0.426106 -1.25156 0)
(0.564854 -0.522214 -1.84112e-14)
(0.700731 0.347423 -1.65895e-14)
(0.811175 1.30967 -1.62341e-14)
(0.875106 2.25742 -1.71464e-14)
(0.89114 3.11778 9.01662e-15)
(0.871133 3.87396 -1.89151e-14)
(0.829508 4.52832 -9.88513e-15)
(0.778846 5.09375 -5.13793e-15)
(0.728357 5.58626 0)
(0.691367 6.07921 0)
(0.663073 6.59779 0)
(0.643252 7.10319 0)
(0.632797 7.59756 0)
(0.631083 8.08195 0)
(0.637032 8.55556 0)
(0.649129 9.01654 0)
(0.665311 9.46281 0)
(0.683464 9.89202 0)
(0.701255 10.3009 0)
(0.715758 10.6133 0)
(0.725445 10.8482 0)
(0.728447 11.0898 0)
(0.724786 11.3376 0)
(0.712461 11.5903 0)
(0.691184 11.8468 0)
(0.661514 12.1065 0)
(0.624831 12.3691 0)
(0.583289 12.6343 0)
(0.539761 12.9018 0)
(0.497437 13.1706 0)
(0.459721 13.4386 0)
(0.42925 13.7017 0)
(0.40843 13.9536 0)
(0.396626 14.1804 0)
(0.392297 14.3618 0)
(0.387712 14.474 0)
(0.381471 14.5488 0)
(0.330521 14.4636 0)
(0.0532254 -2.77833 -1.47342e-14)
(0.0194122 -2.91897 -1.50623e-14)
(-0.00074063 -3.00541 7.74831e-15)
(-0.0142373 -3.04379 0)
(-0.00514013 -3.01789 0)
(0.0238578 -2.92049 0)
(0.0649307 -2.73893 -6.87894e-15)
(0.134328 -2.46468 -1.26066e-14)
(0.225504 -2.08599 -1.1658e-14)
(0.336557 -1.59136 0)
(0.461621 -0.972461 -9.82964e-15)
(0.590128 -0.22733 0)
(0.708383 0.638889 1.61343e-14)
(0.795998 1.57714 0)
(0.837576 2.48681 1.66968e-14)
(0.8371 3.30495 -8.7828e-15)
(0.808682 4.02287 9.21149e-15)
(0.766388 4.6476 9.62206e-15)
(0.720886 5.19306 0)
(0.679139 5.67392 0)
(0.651801 6.15887 0)
(0.633775 6.67119 0)
(0.624237 7.17273 0)
(0.623221 7.66462 0)
(0.629801 8.14639 0)
(0.642516 8.61658 0)
(0.659344 9.07322 0)
(0.678257 9.51409 0)
(0.696925 9.93601 0)
(0.713061 10.3364 0)
(0.723694 10.6419 0)
(0.727054 10.8699 0)
(0.723839 11.1042 0)
(0.712183 11.3437 0)
(0.691721 11.5875 0)
(0.662977 11.8352 0)
(0.627269 12.0867 0)
(0.586664 12.3422 0)
(0.543937 12.6019 0)
(0.502174 12.8657 0)
(0.464734 13.1328 0)
(0.434218 13.4008 0)
(0.413333 13.6653 0)
(0.401537 13.9175 0)
(0.397889 14.1467 0)
(0.394571 14.3172 0)
(0.389881 14.4493 0)
(0.345294 14.4368 0)
(0.0180333 -2.8024 0)
(-0.00718019 -2.92633 1.46118e-14)
(-0.0186849 -2.99094 -1.50232e-14)
(-0.0236802 -3.00003 0)
(-0.00458357 -2.93954 0)
(0.0346128 -2.80368 0)
(0.084449 -2.57972 6.6781e-15)
(0.16111 -2.26087 1.22428e-14)
(0.256908 -1.84069 1.1337e-14)
(0.367757 -1.3114 -1.0442e-14)
(0.486051 -0.67011 9.57115e-15)
(0.600977 0.0811245 -1.74211e-14)
(0.699647 0.933798 0)
(0.765503 1.84015 0)
(0.788837 2.7081 1.6269e-14)
(0.777515 3.48483 8.55847e-15)
(0.746256 4.16815 -8.97476e-15)
(0.707589 4.7677 -1.87342e-14)
(0.669972 5.29689 4.85951e-15)
(0.638376 5.76852 0)
(0.621203 6.24691 0)
(0.613246 6.7537 0)
(0.613204 7.25142 0)
(0.620677 7.73986 0)
(0.634225 8.21784 0)
(0.651865 8.68349 0)
(0.671646 9.13467 0)
(0.691285 9.56841 0)
(0.708449 9.98218 0)
(0.720894 10.3735 0)
(0.725326 10.6703 0)
(0.722434 10.8917 0)
(0.711277 11.1186 0)
(0.691468 11.3498 0)
(0.663494 11.5853 0)
(0.628627 11.825 0)
(0.588863 12.0694 0)
(0.546896 12.3191 0)
(0.50571 12.5747 0)
(0.468607 12.8361 0)
(0.438123 13.1024 0)
(0.417173 13.371 0)
(0.405245 13.6355 0)
(0.40223 13.8894 0)
(0.399983 14.1081 0)
(0.396469 14.2972 0)
(0.357092 14.3501 0)
(-0.0174312 -2.79881 0)
(-0.0337574 -2.90337 -1.41714e-14)
(-0.0366915 -2.94312 7.28396e-15)
(-0.033014 -2.92114 0)
(-0.00356221 -2.82307 0)
(0.0455947 -2.64747 0)
(0.10346 -2.38077 0)
(0.185577 -2.01925 -1.19004e-14)
(0.283084 -1.56166 0)
(0.390043 -1.00519 1.01658e-14)
(0.498337 -0.350686 0)
(0.597325 0.396397 1.69493e-14)
(0.676379 1.22635 1.529e-14)
(0.723374 2.09505 0)
(0.733566 2.92018 -1.58571e-14)
(0.716976 3.65807 0)
(0.687519 4.31109 8.74501e-15)
(0.655606 4.88955 9.12357e-15)
(0.627566 5.40551 -9.45722e-15)
(0.606696 5.86966 0)
(0.599617 6.34251 0)
(0.601002 6.84426 0)
(0.609527 7.33777 0)
(0.624092 7.82199 0)
(0.642717 8.29523 0)
(0.663486 8.75538 0)
(0.684178 9.19971 0)
(0.702458 9.62558 0)
(0.716116 10.0304 0)
(0.72254 10.4108 0)
(0.720685 10.699 0)
(0.709888 10.9138 0)
(0.690588 11.133 0)
(0.663237 11.3565 0)
(0.629074 11.5843 0)
(0.590041 11.8172 0)
(0.548763 12.0557 0)
(0.508135 12.3011 0)
(0.471399 12.5537 0)
(0.441015 12.8139 0)
(0.420036 13.0801 0)
(0.407942 13.3484 0)
(0.405402 13.6139 0)
(0.403865 13.8578 0)
(0.401352 14.0932 0)
(0.366049 14.2101 0)
(-0.0533237 -2.76561 -1.34712e-14)
(-0.0605088 -2.84782 0)
(-0.0545556 -2.86031 0)
(-0.0417761 -2.80433 0)
(-0.00206956 -2.66708 0)
(0.0564578 -2.45099 0)
(0.121158 -2.14289 0)
(0.206396 -1.74217 0)
(0.302365 -1.25397 0)
(0.402392 -0.67904 9.90115e-15)
(0.498176 -0.0214121 0)
(0.580451 0.711761 0)
(0.641643 1.51165 -1.48962e-14)
(0.673956 2.33952 1.46183e-14)
(0.67633 3.1229 0)
(0.65934 3.8257 -8.13554e-15)
(0.635181 4.45273 -8.5257e-15)
(0.612051 5.01373 0)
(0.594376 5.51891 -1.91971e-20)
(0.584147 5.97694 0)
(0.586514 6.44501 0)
(0.596359 6.94187 0)
(0.612022 7.43075 0)
(0.631764 7.91011 0)
(0.653642 8.37788 0)
(0.675474 8.83147 0)
(0.694946 9.26813 0)
(0.709867 9.68522 0)
(0.717681 10.0794 0)
(0.717844 10.4487 0)
(0.708148 10.7281 0)
(0.689227 10.936 0)
(0.662367 11.148 0)
(0.628779 11.3643 0)
(0.590362 11.5856 0)
(0.549684 11.8126 0)
(0.509566 12.0468 0)
(0.47319 12.289 0)
(0.442946 12.5401 0)
(0.421973 12.7997 0)
(0.409668 13.0656 0)
(0.407539 13.3341 0)
(0.406261 13.5902 0)
(0.404663 13.8488 0)
(0.372216 14.0188 0)
(-0.0893533 -2.70068 1.30757e-14)
(-0.087127 -2.75767 0)
(-0.0719591 -2.74003 0)
(-0.0498033 -2.64811 0)
(-0.000156428 -2.47073 0)
(0.066722 -2.21496 0)
(0.136578 -1.86825 0)
(0.222184 -1.43443 0)
(0.31382 -0.923924 0)
(0.404411 -0.340368 -9.65e-15)
(0.486413 0.310335 0)
(0.552811 1.02124 1.60743e-14)
(0.599256 1.78603 -1.45226e-14)
(0.621618 2.5724 9.47423e-20)
(0.621085 3.31691 0)
(0.607519 3.98895 7.93559e-15)
(0.591031 4.5941 8.31234e-15)
(0.577725 5.14075 0)
(0.570477 5.63713 4.4828e-15)
(0.570199 6.0901 4.70608e-15)
(0.581148 6.55383 0)
(0.598039 7.04577 0)
(0.618922 7.52975 0)
(0.641996 8.00371 0)
(0.665058 8.46516 0)
(0.685798 8.91131 0)
(0.702058 9.33945 0)
(0.711346 9.74617 0)
(0.712906 10.1292 0)
(0.705313 10.4872 0)
(0.687516 10.7575 0)
(0.661027 10.9588 0)
(0.627895 11.1641 0)
(0.589984 11.3742 0)
(0.549812 11.5899 0)
(0.510137 11.8126 0)
(0.474088 12.0435 0)
(0.443992 12.284 0)
(0.423046 12.5343 0)
(0.410531 12.7933 0)
(0.408811 13.059 0)
(0.407435 13.3191 0)
(0.406699 13.5879 0)
(0.375406 13.7879 0)
(-0.125251 -2.60193 0)
(-0.113181 -2.63077 0)
(-0.0885036 -2.58079 6.65586e-15)
(-0.0568581 -2.45166 0)
(0.00205318 -2.23473 0)
(0.0757978 -1.94152 0)
(0.148668 -1.56138 0)
(0.232092 -1.10244 0)
(0.316972 -0.579135 0)
(0.39659 0.00297123 0)
(0.464942 0.63777 0)
(0.517635 1.32008 -1.56694e-14)
(0.553249 2.04735 1.4165e-14)
(0.570283 2.79375 -2.7823e-14)
(0.570885 3.50336 0)
(0.56347 4.14914 0)
(0.555985 4.73614 0)
(0.552753 5.27107 8.44442e-15)
(0.555347 5.76025 -4.36805e-15)
(0.564084 6.20893 -4.58437e-15)
(0.582169 6.66858 0)
(0.60422 7.15561 0)
(0.628474 7.63431 0)
(0.652823 8.10223 0)
(0.67491 8.55657 0)
(0.69258 8.99451 0)
(0.703408 9.41264 0)
(0.706474 9.80833 0)
(0.700373 10.18 0)
(0.68472 10.5261 0)
(0.659346 10.7875 0)
(0.626563 10.9826 0)
(0.589055 11.1821 0)
(0.549296 11.3869 0)
(0.509992 11.5983 0)
(0.474222 11.8179 0)
(0.44426 12.047 0)
(0.42334 12.2864 0)
(0.410683 12.536 0)
(0.409238 12.7949 0)
(0.407561 13.0531 0)
(0.40771 13.3238 0)
(0.375967 13.5401 0)
(-0.160426 -2.46742 0)
(-0.138054 -2.46568 1.25761e-14)
(-0.103694 -2.38188 -6.46179e-15)
(-0.0627111 -2.21568 0)
(0.00434132 -1.96123 0)
(0.0830169 -1.63501 0)
(0.156727 -1.22872 0)
(0.235686 -0.753823 0)
(0.312102 -0.227743 9.9299e-15)
(0.380348 0.343546 0)
(0.436423 0.955224 -8.38709e-15)
(0.478465 1.60512 0)
(0.507318 2.29491 -1.38217e-14)
(0.523068 3.00448 2.71618e-14)
(0.527831 3.68378 0)
(0.528238 4.30762 0)
(0.530241 4.8798 0)
(0.536637 5.40521 -8.23587e-15)
(0.548213 5.88845 4.25775e-15)
(0.564438 6.33344 0)
(0.587717 6.78921 0)
(0.613116 7.27114 0)
(0.63871 7.74414 0)
(0.662189 8.20533 0)
(0.681333 8.65181 0)
(0.693764 9.08015 0)
(0.69843 9.48744 0)
(0.693937 9.87174 0)
(0.679839 10.2313 0)
(0.656602 10.5656 0)
(0.624905 10.8185 0)
(0.587707 11.0081 0)
(0.548275 11.2026 0)
(0.50927 11.4034 0)
(0.473723 11.6117 0)
(0.443868 11.8294 0)
(0.422956 12.0575 0)
(0.410141 12.2963 0)
(0.408817 12.5457 0)
(0.406834 12.7981 0)
(0.407854 13.0649 0)
(0.374607 13.2889 0)
(-0.194007 -2.29583 0)
(-0.160947 -2.26191 -1.22156e-14)
(-0.116991 -2.14408 0)
(-0.0672082 -1.9423 0)
(0.00647869 -1.65455 0)
(0.0879032 -1.30192 0)
(0.160325 -0.877844 0)
(0.23304 -0.396928 0)
(0.300227 0.122361 -9.67889e-15)
(0.3578 0.675003 0)
(0.403888 1.25871 -5.97119e-20)
(0.438684 1.8749 0)
(0.464497 2.52923 1.34931e-14)
(0.482168 3.20622 -1.32604e-14)
(0.493104 3.85993 0)
(0.502099 4.46581 0)
(0.513337 5.02603 7.72142e-15)
(0.528595 5.54374 0)
(0.547706 6.02211 0)
(0.569392 6.4638 0)
(0.595986 6.91573 0)
(0.622751 7.3923 0)
(0.64757 7.85899 0)
(0.668226 8.31274 0)
(0.68232 8.75005 0)
(0.688673 9.16782 0)
(0.685892 9.56376 0)
(0.673479 9.93588 0)
(0.651815 10.2832 0)
(0.622211 10.6059 0)
(0.586057 10.8509 0)
(0.546875 11.0359 0)
(0.508101 11.2266 0)
(0.472723 11.4243 0)
(0.44294 11.631 0)
(0.422008 11.8475 0)
(0.409022 12.0751 0)
(0.407729 12.3138 0)
(0.405389 12.5579 0)
(0.407214 12.817 0)
(0.371876 13.0428 0)
(-0.224878 -2.08692 -1.16392e-14)
(-0.181014 -2.0204 0)
(-0.127865 -1.86954 0)
(-0.0701417 -1.63589 0)
(0.00822217 -1.32117 0)
(0.0901393 -0.949772 0)
(0.159414 -0.517287 0)
(0.22484 -0.0399936 0)
(0.282966 0.464258 0)
(0.331453 0.992674 0)
(0.370293 1.54609 7.98093e-15)
(0.401115 2.12952 0)
(0.427001 2.75191 0)
(0.44887 3.40109 0)
(0.467079 4.03376 0)
(0.484649 4.62518 -7.20548e-15)
(0.504492 5.17585 -7.53793e-15)
(0.527266 5.68741 0)
(0.551939 6.16162 0)
(0.577121 6.60024 0)
(0.605005 7.04823 0)
(0.631079 7.51895 0)
(0.653199 7.97864 0)
(0.668993 8.42369 0)
(0.677113 8.85077 0)
(0.676143 9.25729 0)
(0.665533 9.64099 0)
(0.645586 10.0006 0)
(0.617532 10.3359 0)
(0.583399 10.6475 0)
(0.545203 10.8854 0)
(0.506601 11.0668 0)
(0.471342 11.2546 0)
(0.441596 11.4507 0)
(0.420613 11.6562 0)
(0.407442 11.8725 0)
(0.406103 12.0999 0)
(0.403381 12.3344 0)
(0.405853 12.5837 0)
(0.368187 12.8069 0)
(-0.251847 -1.84177 2.26389e-14)
(-0.197341 -1.74347 0)
(-0.135729 -1.56284 0)
(-0.0715244 -1.30288 0)
(0.00935586 -0.968629 0)
(0.0896528 -0.587194 0)
(0.154385 -0.155539 0)
(0.212273 0.309617 0)
(0.262305 0.792712 0)
(0.30383 1.29378 8.49392e-15)
(0.338166 1.81698 7.7904e-15)
(0.367859 2.37041 0)
(0.396171 2.96527 0)
(0.423653 3.59151 0)
(0.449439 4.20726 0)
(0.47514 4.78724 1.40771e-14)
(0.502375 5.33041 7.36094e-15)
(0.530777 5.83691 0)
(0.559066 6.30736 0)
(0.585671 6.743 0)
(0.612763 7.18669 0)
(0.636276 7.6509 0)
(0.653727 8.10236 0)
(0.663671 8.53756 0)
(0.664606 8.95357 0)
(0.655912 9.34784 0)
(0.637818 9.7188 0)
(0.61147 10.0658 0)
(0.578826 10.3894 0)
(0.542548 10.6908 0)
(0.504867 10.9227 0)
(0.469683 11.1013 0)
(0.439943 11.2876 0)
(0.418883 11.4826 0)
(0.405513 11.688 0)
(0.404057 11.9042 0)
(0.400946 12.1284 0)
(0.403898 12.3667 0)
(0.36391 12.5848 0)
(-0.273596 -1.56298 1.39978e-19)
(-0.209022 -1.43596 0)
(-0.140367 -1.23032 0)
(-0.071474 -0.950781 0)
(0.009758 -0.60554 0)
(0.0866409 -0.222812 0)
(0.146032 0.199703 0)
(0.196827 0.646175 0)
(0.240316 1.10441 0)
(0.277114 1.57751 -8.29105e-15)
(0.309455 2.07257 3.97041e-20)
(0.340244 2.59994 0)
(0.372573 3.17214 -1.25749e-14)
(0.4063 3.78004 0)
(0.439475 4.38251 0)
(0.472286 4.95363 -6.87585e-15)
(0.505154 5.49081 -7.18853e-15)
(0.537273 5.99286 0)
(0.567138 6.45976 0)
(0.59306 6.89214 0)
(0.617475 7.33094 0)
(0.636542 7.78742 0)
(0.648294 8.22944 0)
(0.651207 8.6538 0)
(0.64454 9.0576 0)
(0.628427 9.43894 0)
(0.603933 9.79691 0)
(0.572941 10.1317 0)
(0.538053 10.4442 0)
(0.502168 10.7364 0)
(0.467838 10.9631 0)
(0.438076 11.1404 0)
(0.416914 11.3256 0)
(0.403335 11.5206 0)
(0.401704 11.726 0)
(0.398207 11.9399 0)
(0.401485 12.1669 0)
(0.359299 12.3782 0)
(-0.288911 -1.25559 -1.07189e-14)
(-0.2157 -1.10421 -1.09415e-14)
(-0.141773 -0.879527 -5.63256e-15)
(-0.0701649 -0.588197 0)
(0.00939119 -0.240545 0)
(0.0815607 0.135544 0)
(0.135395 0.54232 0)
(0.180138 0.965977 0)
(0.218827 1.39814 0)
(0.253016 1.8448 0)
(0.28541 2.31524 -7.43045e-15)
(0.318896 2.82122 -6.78194e-15)
(0.356099 3.37555 1.22885e-14)
(0.39617 3.96928 0)
(0.435969 4.5616 0)
(0.474315 5.1258 0)
(0.510976 5.65788 0)
(0.544816 6.15581 0)
(0.574189 6.61895 0)
(0.597538 7.04751 0)
(0.617424 7.48023 0)
(0.630993 7.92774 0)
(0.635898 8.35918 0)
(0.631349 8.7714 0)
(0.617343 9.16213 0)
(0.594847 9.53012 0)
(0.565666 9.87522 0)
(0.532332 10.1981 0)
(0.497697 10.5006 0)
(0.465032 10.7847 0)
(0.436074 11.0078 0)
(0.414792 11.184 0)
(0.400997 11.3694 0)
(0.399146 11.5644 0)
(0.395272 11.7684 0)
(0.398741 11.9841 0)
(0.354536 12.1877 0)
(-0.297308 -0.925834 -1.04403e-14)
(-0.217318 -0.755688 2.1322e-14)
(-0.140136 -0.518953 1.09834e-14)
(-0.0678695 -0.223738 0)
(0.00833056 0.118507 0)
(0.0750342 0.4815 0)
(0.123652 0.868228 0)
(0.163644 1.26742 4.60353e-15)
(0.199276 1.6746 0)
(0.232676 2.09797 0)
(0.266647 2.54825 -7.25894e-15)
(0.303803 3.03766 6.62675e-15)
(0.346205 3.57862 0)
(0.392158 4.16182 0)
(0.437253 4.74639 0)
(0.479415 5.30489 -6.5656e-15)
(0.517937 5.83233 -6.85955e-15)
(0.55147 6.326 0)
(0.578484 6.78478 0)
(0.597445 7.20837 -1.92236e-15)
(0.611726 7.63371 0)
(0.618682 8.07095 0)
(0.616295 8.49037 0)
(0.604506 8.88943 0)
(0.584148 9.26648 0)
(0.556932 9.62105 0)
(0.525316 9.95357 0)
(0.492096 10.2656 0)
(0.460515 10.559 0)
(0.4331 10.8366 0)
(0.412588 11.0564 0)
(0.398572 11.2329 0)
(0.396467 11.4183 0)
(0.392232 11.6129 0)
(0.395778 11.8177 0)
(0.349755 12.0133 0)
(-0.2987 -0.581162 1.0173e-14)
(-0.214155 -0.398756 1.12146e-19)
(-0.135908 -0.157073 5.33937e-20)
(-0.0648975 0.134767 0)
(0.00673359 0.465201 0)
(0.0677989 0.810785 0)
(0.111887 1.17555 4.87388e-15)
(0.148514 1.55097 -4.49662e-15)
(0.182649 1.936 0)
(0.216674 2.34032 0)
(0.253235 2.77528 7.09202e-15)
(0.294528 3.2528 0)
(0.34192 3.7844 0)
(0.392729 4.35993 0)
(0.441588 4.93835 0)
(0.485733 5.49178 6.41614e-15)
(0.524151 6.01449 6.70191e-15)
(0.555537 6.50329 0)
(0.578392 6.95656 0)
(0.591886 7.37378 1.87514e-15)
(0.599488 7.79031 0)
(0.599374 8.21569 0)
(0.589877 8.6219 0)
(0.571784 9.00697 0)
(0.546684 9.37009 0)
(0.516947 9.71137 0)
(0.485306 10.0322 0)
(0.454967 10.3341 0)
(0.428452 10.6201 0)
(0.409389 10.8918 0)
(0.39612 11.1101 0)
(0.393741 11.2866 0)
(0.389162 11.4724 0)
(0.392693 11.6669 0)
(0.345059 11.8544 0)
(-0.293539 -0.229679 9.92092e-15)
(-0.206941 -0.0416175 -1.52103e-14)
(-0.129724 0.198454 4.67036e-20)
(-0.0615551 0.480918 0)
(0.00482265 0.795236 0)
(0.06052 1.12138 0)
(0.100985 1.46451 -4.76152e-15)
(0.13555 1.81872 0)
(0.169475 2.18567 0)
(0.205126 2.57575 0)
(0.244843 3.00016 0)
(0.29025 3.47009 0)
(0.34189 3.99559 5.73757e-15)
(0.396259 4.56543 0)
(0.447194 5.13852 0)
(0.491447 5.68687 0)
(0.527957 6.20426 0)
(0.555433 6.68698 0)
(0.573011 7.13321 0)
(0.580002 7.54249 1.82868e-15)
(0.580493 7.94849 0)
(0.573447 8.36063 0)
(0.557721 8.7526 0)
(0.534877 9.12325 0)
(0.507177 9.4724 0)
(0.477276 9.80116 0)
(0.448337 10.111 0)
(0.422869 10.4046 0)
(0.404534 10.6838 0)
(0.392629 10.9516 0)
(0.391025 11.1681 0)
(0.386122 11.3457 0)
(0.389567 11.5305 0)
(0.34052 11.7103 0)
(-0.282841 0.120736 9.30216e-20)
(-0.196665 0.308403 4.94325e-15)
(-0.122292 0.541448 4.04553e-20)
(-0.058137 0.810428 0)
(0.00281117 1.10657 0)
(0.053752 1.4134 0)
(0.0915676 1.7371 0)
(0.125203 2.07402 0)
(0.159885 2.42763 0)
(0.197791 2.80831 0)
(0.240789 3.22667 0)
(0.2898 3.69255 0)
(0.344645 4.2143 -5.6087e-15)
(0.401092 4.77955 -5.52043e-15)
(0.452343 5.34742 0)
(0.494958 5.89008 0)
(0.527837 6.40087 0)
(0.550248 6.8759 0)
(0.561508 7.31338 0)
(0.561572 7.71281 -1.78299e-15)
(0.555109 8.10667 0)
(0.541949 8.50437 0)
(0.521486 8.88147 0)
(0.49597 9.23751 0)
(0.467969 9.57333 0)
(0.440584 9.89017 0)
(0.416309 10.1908 0)
(0.398826 10.4767 0)
(0.387478 10.7515 0)
(0.387212 11.0151 0)
(0.383154 11.2317 0)
(0.386466 11.4075 0)
(0.336187 11.5799 0)
(-0.268009 0.463206 -9.42531e-15)
(-0.184493 0.645506 4.82218e-15)
(-0.114367 0.867765 3.4948e-20)
(-0.0548796 1.12126 0)
(0.000885901 1.39928 0)
(0.0478844 1.68873 0)
(0.0839874 1.99664 0)
(0.117616 2.32094 0)
(0.15372 2.6661 0)
(0.194127 3.04202 0)
(0.240097 3.45811 0)
(0.291895 3.92259 0)
(0.348684 4.44199 0)
(0.405621 5.00291 5.39817e-15)
(0.455523 5.56495 0)
(0.494824 6.10061 0)
(0.522893 6.60308 0)
(0.539181 7.06854 0)
(0.543648 7.49519 0)
(0.536943 7.88296 0)
(0.524355 8.26323 0)
(0.506498 8.64566 0)
(0.483304 9.00754 0)
(0.457354 9.34949 0)
(0.431677 9.67251 0)
(0.40874 9.9793 0)
(0.392228 10.2712 0)
(0.381538 10.5523 0)
(0.381695 10.8219 0)
(0.379034 11.0846 0)
(0.383422 11.2967 0)
(0.332068 11.4623 0)
(-0.343475 0.67412 8.92424e-15)
(-0.250683 0.792379 9.193e-15)
(-0.171621 0.965902 -4.70676e-15)
(-0.106601 1.17552 -4.86069e-15)
(-0.0519626 1.41349 0)
(-0.000822477 1.67525 0)
(0.0431394 1.95068 0)
(0.0783841 2.24722 0)
(0.112685 2.56383 0)
(0.150562 2.90528 0)
(0.193333 3.28041 0)
(0.241672 3.69712 6.45726e-15)
(0.295219 4.16186 0)
(0.352562 4.67935 0)
(0.408432 5.23539 -5.27833e-15)
(0.455384 5.79024 0)
(0.490173 6.31707 0)
(0.512362 6.80918 -3.05186e-15)
(0.521998 7.26283 0)
(0.51975 7.67666 0)
(0.507092 8.05108 0)
(0.489804 8.4167 0)
(0.46917 8.78335 0)
(0.445416 9.13042 0)
(0.421592 9.45872 0)
(0.400134 9.77087 0)
(0.384714 10.0681 0)
(0.374788 10.3547 0)
(0.375444 10.6296 0)
(0.373154 10.8987 0)
(0.379213 11.1538 0)
(0.328199 11.3564 0)
(-0.422748 0.954297 8.39533e-15)
(-0.320539 0.992714 8.70366e-15)
(-0.232512 1.10488 6.07352e-20)
(-0.159072 1.26795 4.59603e-15)
(-0.0995099 1.46488 0)
(-0.0495138 1.68901 0)
(-0.00223646 1.93778 0)
(0.0396122 2.20339 0)
(0.0747134 2.49331 0)
(0.110114 2.80703 0)
(0.149773 3.14889 -3.71394e-15)
(0.194501 3.52632 0)
(0.244382 3.94552 -6.30648e-15)
(0.298501 4.41116 -5.76904e-15)
(0.35501 4.92627 -5.24108e-15)
(0.408303 5.47604 1.03233e-14)
(0.451085 6.02178 0)
(0.480286 6.53758 0)
(0.496002 7.01693 2.98076e-15)
(0.498986 7.45657 3.08336e-15)
(0.490752 7.85572 -1.58134e-15)
(0.473547 8.21552 -1.65053e-15)
(0.45347 8.56573 0)
(0.432146 8.91689 0)
(0.410315 9.24952 0)
(0.390473 9.56616 0)
(0.376262 9.86789 0)
(0.367208 10.1593 0)
(0.368426 10.4389 0)
(0.366589 10.7138 0)
(0.373306 10.9735 0)
(0.323035 11.2199 0)
(-0.504619 1.31861 1.57047e-14)
(-0.393694 1.25897 0)
(-0.296738 1.29485 5.62703e-20)
(-0.214918 1.39942 5.28156e-20)
(-0.14767 1.55206 -4.4891e-15)
(-0.0934634 1.73781 0)
(-0.0475994 1.9511 0)
(-0.00330053 2.19103 0)
(0.0372898 2.45137 0)
(0.072778 2.73937 0)
(0.109422 3.05442 0)
(0.15063 3.39992 7.2481e-15)
(0.196684 3.78168 0)
(0.247133 4.20416 0)
(0.300614 4.67032 -2.6624e-20)
(0.354931 5.18171 5.12433e-15)
(0.404452 5.7232 -1.00962e-14)
(0.441971 6.25747 0)
(0.464919 6.75967 0)
(0.474073 7.22387 0)
(0.471038 7.64748 -3.0086e-15)
(0.458138 8.03053 1.54208e-15)
(0.438259 8.37474 -4.24865e-21)
(0.417464 8.70967 0)
(0.397843 9.04562 0)
(0.379745 9.36585 0)
(0.366855 9.67126 0)
(0.358775 9.96676 0)
(0.36062 10.2504 0)
(0.359322 10.5304 0)
(0.366692 10.7941 0)
(0.316075 11.0477 0)
(-0.46903 1.60515 0)
(-0.363916 1.54761 -7.98939e-15)
(-0.273859 1.57959 -8.29112e-15)
(-0.199013 1.6766 -8.55491e-15)
(-0.13798 1.82029 4.385e-15)
(-0.0886648 1.99761 0)
(-0.0462031 2.2039 0)
(-0.00398979 2.43949 0)
(0.0360577 2.69913 0)
(0.0722414 2.9894 4.12448e-15)
(0.110052 3.30915 0)
(0.15237 3.66046 -3.53559e-15)
(0.198974 4.04746 -3.26908e-15)
(0.248966 4.47291 6.01479e-15)
(0.300617 4.93827 5.50874e-15)
(0.351614 5.44386 0)
(0.396285 5.97459 4.93619e-15)
(0.42781 6.49464 0)
(0.444308 6.98064 0)
(0.44742 7.42746 2.84246e-15)
(0.439582 7.83348 1.46818e-15)
(0.423804 8.19939 0)
(0.403282 8.52798 1.56915e-15)
(0.384112 8.84775 0)
(0.367949 9.17061 0)
(0.356485 9.47884 0)
(0.349475 9.77762 0)
(0.352008 10.0646 0)
(0.351333 10.3491 0)
(0.35937 10.6163 0)
(0.308652 10.8764 0)
(-0.433058 1.87649 0)
(-0.335567 1.81974 -4.50949e-20)
(-0.253314 1.84777 -8.09714e-15)
(-0.185565 1.93859 0)
(-0.130315 2.07594 2.01989e-20)
(-0.0851451 2.24836 0)
(-0.045262 2.45192 0)
(-0.00431915 2.68771 0)
(0.0357139 2.95072 0)
(0.072706 3.24662 1.83454e-20)
(0.111412 3.57336 0)
(0.154248 3.93151 0)
(0.200561 4.32354 3.1904e-15)
(0.249071 4.75065 -5.87355e-15)
(0.297881 5.21306 0)
(0.344547 5.71023 4.89941e-15)
(0.38358 6.22727 0)
(0.408794 6.73031 0)
(0.419231 7.1977 0)
(0.417398 7.62543 -5.55259e-15)
(0.40645 8.0127 -1.4332e-15)
(0.389753 8.36143 0)
(0.370861 8.67442 0)
(0.355041 8.98112 0)
(0.34515 9.29128 0)
(0.339298 9.59253 0)
(0.342576 9.88205 0)
(0.342606 10.1704 0)
(0.351337 10.4404 0)
(0.300773 10.7066 0)
(-0.399164 2.13258 0)
(-0.310291 2.0764 1.52309e-14)
(-0.236037 2.10164 7.90815e-15)
(-0.174967 2.1887 8.16235e-15)
(-0.124715 2.32306 -4.18379e-15)
(-0.0828152 2.49452 0)
(-0.0446917 2.69968 0)
(-0.00433972 2.93975 0)
(0.0360194 3.20945 0)
(0.0737494 3.51332 1.82802e-20)
(0.112933 3.84817 0)
(0.155614 4.21301 -3.36313e-15)
(0.200769 4.60873 0)
(0.246902 5.03531 -5.73634e-15)
(0.291962 5.49202 0)
(0.333526 5.97767 -4.79133e-15)
(0.3665 6.478 -4.72172e-15)
(0.385636 6.9614 0)
(0.390964 7.4083 -2.60902e-15)
(0.385759 7.8157 2.7124e-15)
(0.373579 8.18418 0)
(0.358163 8.51575 0)
(0.342584 8.81528 0)
(0.332824 9.10922 0)
(0.328245 9.41209 0)
(0.332316 9.70343 0)
(0.333128 9.99495 0)
(0.342574 10.2671 0)
(0.292433 10.5387 0)
(-0.369214 2.37472 0)
(-0.289175 2.31991 -1.48769e-14)
(-0.222494 2.34451 -7.72447e-15)
(-0.167264 2.43089 -1.19593e-14)
(-0.121043 2.56602 0)
(-0.0815103 2.74058 0)
(-0.0443917 2.95125 0)
(-0.00411265 3.19893 0)
(0.0367127 3.47766 0)
(0.0749566 3.79067 -3.81753e-15)
(0.114107 4.13353 0)
(0.155919 4.50373 -1.55314e-20)
(0.199141 4.90092 -3.03844e-15)
(0.24209 5.32411 5.60213e-15)
(0.282681 5.77186 -5.14203e-15)
(0.318677 6.24273 -4.68549e-15)
(0.345676 6.72348 9.23684e-15)
(0.359511 7.18518 0)
(0.361162 7.61022 2.55076e-15)
(0.354357 7.99722 0)
(0.34306 8.34695 0)
(0.330584 8.66367 0)
(0.320912 8.95001 7.31464e-16)
(0.316307 9.23693 0)
(0.321228 9.52929 0)
(0.322887 9.82322 0)
(0.333064 10.097 0)
(0.283624 10.3733 0)
(-0.344384 2.60522 0)
(-0.272733 2.55349 1.45306e-14)
(-0.212716 2.5802 1.50914e-14)
(-0.162267 2.66943 3.89247e-15)
(-0.119037 2.80919 -3.98695e-15)
(-0.0809967 2.99054 0)
(-0.0442452 3.20993 0)
(-0.00371285 3.46758 0)
(0.0375432 3.75654 0)
(0.0759602 4.07864 -3.71806e-15)
(0.11451 4.42823 0)
(0.154795 4.80154 -1.48229e-20)
(0.195369 5.19726 -1.31577e-20)
(0.234475 5.61363 0)
(0.270131 6.04893 5.02629e-15)
(0.300541 6.50183 4.58318e-15)
(0.322157 6.9607 -4.51895e-15)
(0.331957 7.39921 0)
(0.331567 7.80231 -2.49496e-15)
(0.325179 8.16898 0)
(0.316391 8.50243 0)
(0.309381 8.80463 -6.85132e-16)
(0.304773 9.08386 -1.43236e-15)
(0.309306 9.36022 0)
(0.31188 9.6558 0)
(0.322794 9.9305 0)
(0.274341 10.211 0)
(-0.32519 2.82712 0)
(-0.260958 2.7808 -7.09788e-15)
(-0.206451 2.81281 -7.36956e-15)
(-0.159606 2.90852 0)
(-0.118323 3.05647 7.77937e-15)
(-0.0809972 3.24766 4.00948e-15)
(-0.0441403 3.47808 0)
(-0.00320872 3.74691 0)
(0.0382914 4.04609 0)
(0.0764545 4.37607 1.81031e-15)
(0.113851 4.7301 0)
(0.151989 5.1035 3.11857e-15)
(0.189318 5.49419 2.89433e-15)
(0.224123 5.90006 -2.67271e-15)
(0.254768 6.31941 -2.45712e-15)
(0.280028 6.75174 0)
(0.297339 7.18705 0)
(0.304578 7.60225 0)
(0.304054 7.9835 4.88392e-15)
(0.29966 8.33246 -1.26874e-15)
(0.295825 8.65005 -1.3098e-15)
(0.293567 8.94426 1.34218e-15)
(0.297783 9.21259 1.05422e-15)
(0.300109 9.49325 0)
(0.311758 9.76829 0)
(0.264574 10.0522 0)
(-0.378991 3.17794 0)
(-0.31158 3.04385 0)
(-0.253526 3.00569 0)
(-0.203211 3.04639 0)
(-0.158751 3.15195 0)
(-0.118463 3.31102 -3.79384e-15)
(-0.0812371 3.51424 -3.90711e-15)
(-0.0439635 3.75689 0)
(-0.00265722 4.03692 0)
(0.0387729 4.34514 0)
(0.076228 4.68075 -8.2324e-21)
(0.111937 5.03614 0)
(0.147391 5.40599 0)
(0.181037 5.7878 2.82534e-15)
(0.211415 6.17943 5.22282e-15)
(0.237359 6.57995 4.80638e-15)
(0.258377 6.98971 0)
(0.272663 7.40121 0)
(0.279116 7.79319 0)
(0.279958 8.15539 -3.58644e-15)
(0.279922 8.48715 1.24289e-15)
(0.280464 8.79584 1.28363e-15)
(0.286563 9.07809 -1.31735e-15)
(0.288807 9.35141 -3.45267e-16)
(0.299996 9.61089 0)
(0.254363 9.89757 0)
(-0.430383 3.5983 -2.52206e-14)
(-0.363824 3.38164 0)
(-0.303136 3.25897 0)
(-0.249814 3.232 0)
(-0.202297 3.28452 -7.02729e-15)
(-0.159089 3.40274 0)
(-0.119008 3.57505 -3.69867e-15)
(-0.0814371 3.79146 0)
(-0.0436089 4.04638 0)
(-0.00210698 4.33642 0)
(0.0388652 4.65148 0)
(0.0751393 4.98966 1.71651e-15)
(0.108682 5.34271 0)
(0.141031 5.70502 0)
(0.170827 6.07403 -5.51755e-15)
(0.196981 6.44828 -2.55266e-15)
(0.218972 6.82762 -4.70321e-15)
(0.236822 7.21436 0)
(0.249717 7.60205 -2.122e-15)
(0.256776 7.97378 0)
(0.261279 8.31749 -2.29179e-21)
(0.265146 8.63948 0)
(0.273505 8.93513 0)
(0.27781 9.22239 6.47266e-16)
(0.288671 9.47371 -1.69969e-16)
(0.243693 9.7475 0)
(-0.474202 4.04318 -1.36832e-14)
(-0.414147 3.78704 1.23231e-14)
(-0.354618 3.58467 1.20548e-14)
(-0.299101 3.476 0)
(-0.248948 3.46311 6.61645e-15)
(-0.202918 3.53009 6.86069e-15)
(-0.159999 3.663 0)
(-0.119517 3.84966 3.60544e-15)
(-0.0813423 4.07931 3.70742e-15)
(-0.0429898 4.34537 0)
(-0.0015868 4.64321 0)
(0.0384867 4.96207 0)
(0.0731197 5.29913 1.67147e-15)
(0.104103 5.64575 -1.54627e-15)
(0.133148 5.99643 -2.89482e-15)
(0.159198 6.34927 5.39001e-15)
(0.181724 6.70354 0)
(0.200643 7.06103 -5.74305e-21)
(0.216787 7.42452 2.10646e-15)
(0.22953 7.79147 2.0799e-15)
(0.239432 8.14354 0)
(0.247241 8.47668 1.14927e-15)
(0.258317 8.78456 0)
(0.265032 9.08529 0)
(0.277539 9.34904 0)
(0.233628 9.61686 1.67955e-16)
(-0.457499 4.21679 1.3369e-14)
(-0.404554 3.97615 1.20431e-14)
(-0.350474 3.79014 -1.17834e-14)
(-0.298414 3.69805 0)
(-0.249942 3.7017 -6.46212e-15)
(-0.204262 3.78508 0)
(-0.160867 3.93377 0)
(-0.119595 4.1348 0)
(-0.0807403 4.37662 -3.61039e-15)
(-0.0420415 4.65166 0)
(-0.00111619 4.95424 0)
(0.0375991 5.2732 0)
(0.0701766 5.60504 -3.25604e-15)
(0.0983725 5.941 1.50748e-15)
(0.124139 6.27654 2.82601e-15)
(0.146893 6.61038 -2.63464e-15)
(0.166493 6.94379 0)
(0.183616 7.27896 2.25554e-15)
(0.199096 7.62224 -2.06503e-15)
(0.213861 7.96899 2.04019e-15)
(0.226315 8.30981 -1.07746e-15)
(0.240652 8.62782 5.6445e-16)
(0.250156 8.94088 0)
(0.264752 9.21672 1.52396e-16)
(0.223948 9.4985 0)
(-0.44793 4.39176 2.73534e-20)
(-0.400573 4.1683 -1.17731e-14)
(-0.350137 4.00085 0)
(-0.299892 3.92758 0)
(-0.251795 3.94961 0)
(-0.205538 4.05047 0)
(-0.161143 4.21496 0)
(-0.118909 4.42931 0)
(-0.0794772 4.68119 0)
(-0.0407212 4.96221 0)
(-0.000706211 5.26579 0)
(0.0362053 5.58076 0)
(0.0664329 5.90309 3.17241e-15)
(0.0917921 6.22474 0)
(0.114592 6.5421 0)
(0.134596 6.85592 0)
(0.15235 7.16781 0)
(0.168523 7.48363 2.21053e-15)
(0.185399 7.80707 0)
(0.201878 8.14245 -1.00125e-15)
(0.220119 8.46722 1.05849e-15)
(0.232827 8.79056 -1.10969e-15)
(0.24996 9.07751 -2.89415e-16)
(0.212941 9.37312 -1.50525e-16)
(-0.444358 4.57033 -6.3831e-15)
(-0.400767 4.36582 -5.75474e-15)
(-0.352235 4.21897 0)
(-0.302345 4.16628 0)
(-0.253534 4.20776 -6.16317e-15)
(-0.20604 4.32617 0)
(-0.160369 4.50542 0)
(-0.117222 4.73101 0)
(-0.0774496 4.99002 -1.71177e-15)
(-0.0390132 5.2733 0)
(-0.000360568 5.57374 0)
(0.0343766 5.8804 0)
(0.062094 6.18948 -1.54643e-15)
(0.0848057 6.49365 0)
(0.105039 6.79168 0)
(0.123178 7.08464 0)
(0.139772 7.3779 0)
(0.156873 7.67455 -1.08411e-15)
(0.174758 7.98729 9.9428e-16)
(0.19627 8.3062 -9.83768e-16)
(0.212647 8.63657 0)
(0.232704 8.93256 2.73018e-16)
(0.200382 9.24144 2.85769e-16)
(-0.445199 4.75438 0)
(-0.403602 4.57061 5.62594e-15)
(-0.355387 4.44601 5.50331e-15)
(-0.304613 4.41497 0)
(-0.254294 4.47604 -2.84957e-20)
(-0.20518 4.611 3.11215e-15)
(-0.158226 4.80298 0)
(-0.114377 5.0369 3.25036e-15)
(-0.0746106 5.2994 1.6669e-15)
(-0.0369276 5.58083 0)
(-6.42779e-05 5.87374 0)
(0.0322327 6.16828 0)
(0.057469 6.46085 0)
(0.0778052 6.74628 -1.40269e-15)
(0.0961709 7.02398 -1.32045e-15)
(0.112994 7.29893 0)
(0.130087 7.57357 1.14951e-15)
(0.147676 7.8604 -1.06416e-15)
(0.169907 8.15697 -9.77048e-16)
(0.189172 8.48222 0)
(0.212722 8.784 2.5599e-16)
(0.18591 9.10453 2.69486e-16)
(-0.448801 4.94547 6.0985e-15)
(-0.407532 4.78396 -5.50055e-15)
(-0.358256 4.6827 -5.38059e-15)
(-0.305667 4.67356 0)
(-0.253348 4.75331 5.87733e-15)
(-0.202547 4.90287 -6.07393e-15)
(-0.154496 5.10472 -3.11468e-15)
(-0.110305 5.34334 -3.16715e-15)
(-0.0709746 5.60524 1.62363e-15)
(-0.0345057 5.88043 0)
(0.000206513 6.16195 0)
(0.0299465 6.44103 0)
(0.052827 6.71572 1.47355e-15)
(0.0713034 6.98127 1.37175e-15)
(0.0882391 7.24148 1.29266e-15)
(0.105169 7.49825 0)
(0.122337 7.76382 -1.12815e-15)
(0.143613 8.035 -1.04578e-15)
(0.163249 8.33927 0)
(0.189611 8.63502 0)
(0.169284 8.96433 -2.52601e-16)
(-0.453499 5.14469 -5.9619e-15)
(-0.411057 5.00653 1.07579e-14)
(-0.359655 4.92895 0)
(-0.304639 4.94096 0)
(-0.250196 5.03757 0)
(-0.197866 5.19892 2.96395e-15)
(-0.149088 5.40702 3.03753e-15)
(-0.105031 5.64626 0)
(-0.0666346 5.90322 -1.58198e-15)
(-0.0318201 6.16828 0)
(0.000476938 6.43499 0)
(0.0276582 6.69716 0)
(0.0485114 6.9527 -1.44048e-15)
(0.0654763 7.20117 0)
(0.0821538 7.44358 0)
(0.0988377 7.6919 0)
(0.119004 7.94223 0)
(0.13754 8.22252 1.54265e-15)
(0.164134 8.49697 0)
(0.150221 8.82381 0)
(-0.457661 5.35263 0)
(-0.412842 5.23821 -5.25972e-15)
(-0.358573 5.18379 -5.14267e-15)
(-0.300941 5.21526 0)
(-0.244489 5.32602 0)
(-0.191015 5.49558 0)
(-0.142037 5.70588 0)
(-0.0987011 5.94138 0)
(-0.0617493 6.18953 -1.54239e-15)
(-0.0289931 6.44099 0)
(0.000750692 6.69138 0)
(0.0255377 6.93524 0)
(0.0446352 7.17436 0)
(0.0610065 7.40534 0)
(0.0771856 7.6398 0)
(0.0961675 7.87322 0)
(0.113655 8.13381 0)
(0.138725 8.38415 -5.06139e-16)
(0.129414 8.69362 0)
(-0.459834 5.56919 0)
(-0.411742 5.47813 0)
(-0.354327 5.44539 1.00566e-14)
(-0.294153 5.49382 0)
(-0.236086 5.61522 0)
(-0.182046 5.78896 0)
(-0.13355 5.9971 0)
(-0.0915668 6.225 1.46803e-15)
(-0.056579 6.46082 3.01025e-15)
(-0.0261573 6.69708 0)
(0.00101131 6.92971 0)
(0.0236292 7.15791 0)
(0.0416585 7.38006 0)
(0.0573341 7.60347 0)
(0.0751168 7.8233 0)
(0.0916357 8.06789 0)
(0.114912 8.29834 -2.68467e-16)
(0.108882 8.58723 0)
(-0.458755 5.79356 0)
(-0.406996 5.72465 -5.02987e-15)
(-0.346423 5.7113 -4.91646e-15)
(-0.28411 5.7733 0)
(-0.22506 5.90136 -2.67392e-15)
(-0.171237 6.07495 0)
(-0.123984 6.27703 0)
(-0.0840263 6.49379 -1.43336e-15)
(-0.0513858 6.71563 -2.93967e-15)
(-0.0235153 6.93515 0)
(0.001233 7.15258 0)
(0.0221651 7.36445 0)
(0.0392003 7.57957 0)
(0.0558093 7.78858 0)
(0.0714543 8.02028 0)
(0.0927824 8.23445 0)
(0.0897896 8.50636 2.65256e-16)
(-0.453597 6.02427 0)
(-0.398026 5.97547 4.91847e-15)
(-0.334667 5.97835 0)
(-0.270902 6.05002 0)
(-0.211761 6.18045 5.2253e-15)
(-0.159054 6.34996 0)
(-0.11388 6.54243 0)
(-0.0764656 6.74631 0)
(-0.0465444 6.95256 1.43692e-15)
(-0.0211631 7.15779 0)
(0.00140675 7.35931 0)
(0.0209393 7.56475 0)
(0.0381707 7.76583 0)
(0.0530348 7.98724 0)
(0.0724632 8.18821 0)
(0.0723613 8.44627 0)
(-0.443712 6.25925 0)
(-0.384614 6.22768 0)
(-0.319186 6.24306 4.70157e-15)
(-0.254964 6.32019 0)
(-0.196777 6.44902 -2.55385e-15)
(-0.146193 6.61086 0)
(-0.103764 6.79187 0)
(-0.0694314 6.98122 0)
(-0.0422202 7.17417 0)
(-0.0193511 7.36431 0)
(0.00151221 7.55978 0)
(0.020415 7.75167 0)
(0.0362722 7.96568 0)
(0.0537982 8.15608 -1.53803e-16)
(0.0565248 8.40295 0)
(-0.428868 6.49581 5.20526e-15)
(-0.366919 6.47802 0)
(-0.300496 6.50183 -4.59854e-15)
(-0.23702 6.58044 0)
(-0.18097 6.70403 0)
(-0.133334 6.85622 0)
(-0.0943585 7.02405 1.31894e-15)
(-0.06315 7.20104 -1.34015e-15)
(-0.038892 7.37981 0)
(-0.0179141 7.56457 0)
(0.00155031 7.74685 0)
(0.0194097 7.95218 0)
(0.036725 8.13513 0)
(0.0418901 8.37306 1.52424e-16)
(-0.409258 6.73097 -5.08874e-15)
(-0.345557 6.72314 0)
(-0.27947 6.75146 0)
(-0.2181 6.82785 0)
(-0.165188 6.94408 2.44465e-15)
(-0.121382 7.08478 0)
(-0.0859695 7.24143 -1.2912e-15)
(-0.0583235 7.40513 1.31307e-15)
(-0.0362203 7.57927 0)
(-0.0173131 7.75146 0)
(0.0015033 7.94751 0)
(0.0195215 8.12191 0)
(0.0285121 8.35377 0)
(-0.385573 6.96161 0)
(-0.32154 6.96005 4.50228e-15)
(-0.257309 6.98918 0)
(-0.199233 7.06104 0)
(-0.150517 7.16792 -4.78803e-15)
(-0.11074 7.29893 0)
(-0.0795245 7.44342 0)
(-0.0544344 7.60316 0)
(-0.0351123 7.76547 0)
(-0.0164018 7.95194 0)
(0.00129459 8.11724 0)
(0.0151266 8.34155 0)
(-0.358956 7.18502 2.43282e-15)
(-0.296227 7.18615 -4.40705e-15)
(-0.23524 7.21364 2.15693e-15)
(-0.181691 7.27881 0)
(-0.137486 7.37786 2.34555e-15)
(-0.102555 7.49811 1.21067e-15)
(-0.0743381 7.6395 0)
(-0.0528298 7.78817 6.33065e-16)
(-0.0333066 7.96524 3.26676e-16)
(-0.0169314 8.12162 0)
(0.000810135 8.33715 0)
(-0.330912 7.39874 -4.76071e-15)
(-0.271049 7.40012 2.15795e-15)
(-0.214711 7.42366 -2.1135e-15)
(-0.166155 7.48331 0)
(-0.127446 7.57336 0)
(-0.0960064 7.6916 -1.18802e-15)
(-0.0721876 7.82287 -6.10271e-16)
(-0.0501468 7.98672 -6.23172e-16)
(-0.034178 8.13461 -4.83365e-16)
(-0.0135109 8.34124 0)
(-0.30304 7.60156 2.32982e-15)
(-0.247617 7.60083 -2.11434e-15)
(-0.196592 7.62124 2.07201e-15)
(-0.154155 7.67405 0)
(-0.119482 7.76343 0)
(-0.0932538 7.87276 0)
(-0.0686165 8.0197 6.00609e-16)
(-0.0513274 8.15545 0)
(-0.0269335 8.3532 1.59821e-16)
(-0.277096 7.79237 0)
(-0.227007 7.79013 0)
(-0.182556 7.80593 -4.06546e-15)
(-0.144749 7.85973 0)
(-0.116067 7.94167 -5.54801e-16)
(-0.0888153 8.06724 0)
(-0.070043 8.18751 1.47986e-16)
(-0.040371 8.37234 0)
(-0.254333 7.97285 0)
(-0.211004 7.96755 0)
(-0.171714 7.98599 9.97768e-16)
(-0.14061 8.03416 0)
(-0.110813 8.13304 -1.21466e-21)
(-0.0903804 8.23366 0)
(-0.0550498 8.40212 -1.46524e-16)
(-0.236653 8.14252 0)
(-0.198824 8.1409 -9.97889e-16)
(-0.166791 8.15554 1.96115e-15)
(-0.134634 8.22147 0)
(-0.112493 8.29739 5.37425e-16)
(-0.0709038 8.44534 0)
(-0.22334 8.30872 -1.07573e-15)
(-0.193144 8.30455 9.80607e-16)
(-0.160232 8.33767 -9.64276e-16)
(-0.136249 8.38294 0)
(-0.0883217 8.50529 0)
(-0.217071 8.46607 2.11388e-15)
(-0.186149 8.48046 0)
(-0.161561 8.49525 0)
(-0.10737 8.58592 0)
(-0.209711 8.63536 -1.55879e-15)
(-0.187044 8.6332 0)
(-0.127824 8.69189 0)
(-0.210246 8.78281 5.11376e-16)
(-0.148634 8.82209 0)
(-0.16777 8.96335 0)
)
;

boundaryField
{
    inlet
    {
        type            fixedValue;
        value           nonuniform List<vector> 0();
    }
    outlet
    {
        type            zeroGradient;
    }
    splitter
    {
        type            noSlip;
    }
    fuel_inlet
    {
        type            fixedValue;
        value           uniform (0 15 0);
    }
    back
    {
        type            noSlip;
    }
    sides
    {
        type            noSlip;
    }
    frontAndBack
    {
        type            empty;
    }
    procBoundary2to1
    {
        type            processor;
        value           nonuniform List<vector> 
71
(
(0.00690409 6.00983 0)
(-0.278046 14.6366 0)
(0.0221869 9.53592 0)
(-0.951909 12.3736 0)
(0.0451703 11.5478 0)
(-1.46122 10.8647 0)
(0.0727006 13.2304 0)
(-1.7926 10.4432 0)
(0.0993606 14.6488 0)
(-1.98279 10.3425 0)
(0.11943 15.7714 0)
(-2.11048 10.2251 0)
(0.128112 16.5577 0)
(-2.21073 10.1713 0)
(0.127535 17.0053 0)
(-2.24573 10.2127 0)
(0.123329 17.2212 0)
(-2.24832 10.2981 0)
(0.118016 17.3304 0)
(-2.23909 10.399 0)
(0.112201 17.3944 0)
(-2.22069 10.5082 0)
(0.106444 17.4375 0)
(-2.19336 10.6235 0)
(0.10157 17.4695 0)
(-2.15975 10.7396 0)
(0.0987903 17.4942 0)
(-2.11902 10.8541 0)
(0.100162 17.5086 0)
(-2.0741 10.9686 0)
(0.106457 17.5115 0)
(-2.02571 11.085 0)
(0.116871 17.4972 0)
(-1.97181 11.2046 0)
(0.133276 17.4561 0)
(-1.8993 11.3493 0)
(0.15531 17.3742 0)
(-1.80402 11.5139 0)
(0.182978 17.2287 0)
(-1.69873 11.6688 0)
(0.215901 16.9849 0)
(-1.58337 11.8076 0)
(0.251382 16.6096 0)
(-1.45716 11.9269 0)
(0.285017 16.1038 0)
(-1.31986 12.0251 0)
(0.313808 15.4852 0)
(-1.17324 12.1013 0)
(0.335359 14.7935 0)
(-1.01982 12.1555 0)
(0.348183 14.0846 0)
(-0.860963 12.1874 0)
(0.352792 13.4138 0)
(-0.698197 12.196 0)
(0.351599 12.8235 0)
(-0.534129 12.1802 0)
(0.348236 12.3402 0)
(-0.371176 12.1397 0)
(0.346576 11.9746 0)
(-0.211117 12.075 0)
(0.349667 11.7219 0)
(-0.0564831 11.9863 0)
(0.358962 11.5658 0)
(0.0904123 11.8762 0)
(0.374892 11.4834 0)
(0.227152 11.7481 0)
(0.396268 11.4506 0)
(0.351638 11.6056 0)
(0.421849 11.4454 0)
(0.462547 11.453 0)
(0.462547 11.453 0)
)
;
    }
    procBoundary2to3
    {
        type            processor;
        value           nonuniform List<vector> 
83
(
(0.0113042 0.00802375 -2.67617e-13)
(0.043869 0.0153593 1.96307e-20)
(0.0732326 0.0167915 2.01841e-13)
(0.103777 0.0129846 0)
(0.136749 0.00377799 0)
(0.172193 -0.0113937 0)
(0.209827 -0.033462 -1.24399e-13)
(0.249137 -0.0635996 4.84342e-20)
(0.289337 -0.103108 4.90957e-20)
(0.329357 -0.153312 4.9016e-20)
(0.367839 -0.215429 8.79844e-14)
(0.403199 -0.290417 -8.14386e-14)
(0.433768 -0.378819 4.36383e-20)
(0.457984 -0.480627 4.03296e-20)
(0.474646 -0.595225 3.6779e-20)
(0.483153 -0.72146 3.37496e-20)
(0.483718 -0.85797 3.1166e-20)
(0.475488 -1.03286 3.96398e-14)
(0.455929 -1.23569 0)
(0.430277 -1.43011 -1.86994e-14)
(0.401104 -1.61457 3.63041e-14)
(0.369468 -1.7877 -1.76259e-14)
(0.335799 -1.94843 0)
(0.30026 -2.09564 0)
(0.262949 -2.22806 0)
(0.223985 -2.34427 0)
(0.183514 -2.44267 0)
(0.141716 -2.52156 0)
(0.0987989 -2.57918 0)
(0.0549961 -2.61376 -1.39127e-14)
(0.0105585 -2.62355 -7.29409e-20)
(-0.0343477 -2.60667 2.62374e-14)
(-0.0798318 -2.56123 -1.27352e-14)
(-0.125537 -2.48521 0)
(-0.171081 -2.37656 0)
(-0.215668 -2.23353 0)
(-0.258155 -2.05496 -1.13408e-14)
(-0.297056 -1.84096 2.20491e-14)
(-0.330845 -1.59258 -1.07256e-14)
(-0.357661 -1.31294 0)
(-0.376111 -1.00712 0)
(-0.38563 -0.681259 0)
(-0.386139 -0.342664 0)
(-0.378287 0.000857142 0)
(-0.363441 0.341896 9.15528e-15)
(-0.363441 0.341896 9.15528e-15)
(-0.448509 0.635823 8.61332e-15)
(-0.536855 1.01846 1.61129e-14)
(-0.586993 1.78317 -1.4581e-14)
(-0.544638 2.04637 -9.77086e-20)
(-0.502476 2.2958 2.77518e-14)
(-0.463223 2.53185 -2.70937e-14)
(-0.428867 2.75598 2.64557e-14)
(-0.400626 2.97042 -1.29208e-14)
(-0.400626 2.97042 -1.29208e-14)
(-0.453859 3.40726 -1.29081e-14)
(-0.498698 3.86885 -7.00502e-15)
(-0.509447 4.47701 -7.37506e-15)
(-0.492785 4.63638 0)
(-0.483549 4.79808 0)
(-0.480538 4.96382 0)
(-0.482069 5.13515 6.71574e-15)
(-0.48641 5.31326 -1.31234e-14)
(-0.491807 5.49906 6.41321e-15)
(-0.496541 5.69305 -6.2673e-15)
(-0.499068 5.89516 6.12571e-15)
(-0.498028 6.10462 0)
(-0.492549 6.32014 -5.85049e-15)
(-0.481921 6.5398 5.71746e-15)
(-0.465905 6.76117 0)
(-0.44472 6.98154 2.72919e-15)
(-0.419137 7.19808 -2.66677e-15)
(-0.390393 7.40826 0)
(-0.360119 7.60987 2.54837e-15)
(-0.330041 7.80173 -4.98554e-15)
(-0.302057 7.98278 2.43961e-15)
(-0.277545 8.1546 0)
(-0.258532 8.31665 -1.17094e-15)
(-0.244305 8.47582 1.14868e-15)
(-0.237643 8.62697 0)
(-0.22994 8.78973 0)
(-0.230288 8.93185 0)
(-0.18444 9.10414 0)
)
;
    }
}


// ************************************************************************* //
