/*--------------------------------*- C++ -*----------------------------------*\
  =========                 |
  \\      /  F ield         | OpenFOAM: The Open Source CFD Toolbox
   \\    /   O peration     | Website:  https://openfoam.org
    \\  /    A nd           | Version:  8
     \\/     M anipulation  |
\*---------------------------------------------------------------------------*/
FoamFile
{
    version     2.0;
    format      ascii;
    class       labelList;
    note        "nPoints: 8126 nCells: 3929 nFaces: 15849 nInternalFaces: 7725";
    location    "constant/polyMesh";
    object      owner;
}
// * * * * * * * * * * * * * * * * * * * * * * * * * * * * * * * * * * * * * //


15849
(
0
0
1
1
2
2
3
3
4
4
5
5
6
6
7
7
8
8
9
9
10
10
11
11
12
12
13
13
14
14
15
15
16
16
17
17
18
18
19
19
20
20
21
21
22
22
23
23
24
24
25
25
26
26
27
27
28
28
29
29
30
30
31
31
32
32
33
33
34
34
35
35
36
36
37
37
38
38
39
39
40
40
41
41
42
42
43
43
44
44
45
45
46
46
47
47
48
48
49
49
50
50
51
51
52
52
53
53
54
54
55
55
56
56
57
57
58
58
59
59
60
60
61
61
62
62
63
63
64
64
65
65
66
66
67
67
68
68
69
69
70
70
71
71
72
72
73
73
74
74
75
75
76
76
77
77
78
78
79
79
80
80
81
81
82
82
83
83
84
84
85
85
86
86
87
87
88
88
89
89
90
90
91
91
92
92
93
93
94
94
95
95
96
96
97
97
98
98
99
99
100
100
101
101
102
102
103
103
104
104
105
105
106
106
107
107
108
108
109
109
110
110
111
111
112
112
113
113
114
114
115
115
116
116
117
117
118
118
119
119
120
120
121
121
122
122
123
123
124
124
125
125
126
126
127
127
128
128
129
129
130
130
131
131
132
132
133
133
134
134
135
135
136
136
137
137
138
138
139
139
140
140
141
141
142
142
143
143
144
144
145
145
146
146
147
147
148
148
149
149
150
150
151
151
152
152
153
153
154
154
155
155
156
156
157
157
158
158
159
159
160
160
161
161
162
162
163
163
164
164
165
165
166
166
167
167
168
168
169
169
170
170
171
171
172
172
173
173
174
174
175
175
176
176
177
177
178
178
179
179
180
180
181
181
182
182
183
183
184
184
185
185
186
186
187
187
188
188
189
189
190
190
191
191
192
192
193
193
194
194
195
195
196
196
197
197
198
198
199
199
200
200
201
201
202
202
203
203
204
204
205
205
206
206
207
207
208
208
209
209
210
210
211
211
212
212
213
213
214
214
215
215
216
216
217
217
218
218
219
219
220
220
221
221
222
222
223
223
224
224
225
225
226
226
227
227
228
228
229
229
230
231
231
232
232
233
233
234
234
235
235
236
236
237
237
238
238
239
239
240
240
241
241
242
242
243
243
244
244
245
245
246
246
247
247
248
248
249
249
250
250
251
252
252
253
253
254
254
255
255
256
256
257
257
258
258
259
259
260
260
261
261
262
262
263
263
264
264
265
265
266
266
267
267
268
268
269
269
270
270
271
271
272
273
273
274
274
275
275
276
276
277
277
278
278
279
279
280
280
281
281
282
282
283
283
284
284
285
285
286
286
287
287
288
288
289
289
290
290
291
291
292
292
293
294
294
295
295
296
296
297
297
298
298
299
299
300
300
301
301
302
302
303
303
304
304
305
305
306
306
307
307
308
308
309
309
310
310
311
311
312
312
313
313
314
315
315
316
316
317
317
318
318
319
319
320
320
321
321
322
322
323
323
324
324
325
325
326
326
327
327
328
328
329
329
330
330
331
331
332
332
333
333
334
334
335
335
336
337
337
337
338
338
339
339
340
340
341
341
342
342
343
343
344
344
345
345
346
346
347
347
348
348
349
349
350
350
351
351
352
352
353
353
354
354
355
355
356
356
357
357
358
359
359
360
360
360
361
361
362
362
363
363
364
364
365
365
366
366
367
367
368
368
369
369
370
370
371
371
372
372
373
373
374
374
375
375
376
376
377
377
378
378
379
379
380
380
381
382
382
383
383
384
384
384
385
385
386
386
387
387
388
388
389
389
390
390
391
391
392
392
393
393
394
394
395
395
396
396
397
397
398
398
399
399
400
400
401
401
402
402
403
403
404
404
405
406
406
407
407
408
408
409
409
409
410
410
411
411
412
412
413
413
414
414
415
415
416
416
417
417
418
418
419
419
420
420
421
421
422
422
423
423
424
424
425
425
426
426
427
427
428
428
429
429
430
431
431
432
432
433
433
434
434
435
435
435
436
436
437
437
438
438
439
439
440
440
441
441
442
442
443
443
444
444
445
445
446
446
447
447
448
448
449
449
450
450
451
451
452
452
453
453
454
454
455
455
456
457
457
458
458
459
459
460
460
461
461
462
462
462
463
463
464
464
465
465
466
466
467
467
468
468
469
469
470
470
471
471
472
472
473
473
474
474
475
475
476
476
477
477
478
478
479
479
480
480
481
481
482
482
483
484
484
485
485
486
486
487
487
488
488
489
489
490
490
490
491
491
492
492
493
493
494
494
495
495
496
496
497
497
498
498
499
499
500
500
501
501
502
502
503
503
504
504
505
505
506
506
507
507
508
508
509
509
510
510
511
512
512
513
513
514
514
515
515
516
516
517
517
518
518
519
519
519
520
520
521
521
522
522
523
523
524
524
525
525
526
526
527
527
528
528
529
529
530
530
531
531
532
532
533
533
534
534
535
535
536
536
537
537
538
538
539
539
540
541
541
542
542
543
543
544
544
545
545
546
546
547
547
548
548
549
549
549
550
550
551
551
552
552
553
553
554
554
555
555
556
556
557
557
558
558
559
559
560
560
561
561
562
562
563
563
564
564
565
565
566
566
567
567
568
568
569
569
570
571
571
572
572
573
573
574
574
575
575
576
576
577
577
578
578
579
579
580
580
580
581
581
582
582
583
583
584
584
585
585
586
586
587
587
588
588
589
589
590
590
591
591
592
592
593
593
594
594
595
595
596
596
597
597
598
598
599
599
600
600
601
602
602
603
603
604
604
605
605
606
606
607
607
608
608
609
609
610
610
611
611
612
612
612
613
614
614
615
615
616
616
617
617
618
618
619
619
620
620
621
621
622
622
623
623
624
624
625
625
626
626
627
627
628
628
629
629
630
630
631
631
632
632
633
633
634
634
635
635
636
636
637
637
638
638
639
639
640
640
641
641
642
642
643
643
644
644
645
645
645
646
647
647
648
648
649
649
650
650
651
651
652
652
653
653
654
654
655
655
656
656
657
657
658
658
659
659
660
660
661
661
662
662
663
663
664
664
665
665
666
666
667
667
668
668
669
669
670
670
671
671
672
672
673
673
674
674
675
675
676
676
677
677
678
678
679
679
679
680
681
681
682
682
683
683
684
684
685
685
686
686
687
687
688
688
689
689
690
690
691
691
692
692
693
693
694
694
695
695
696
696
697
697
698
698
699
699
700
700
701
701
702
702
703
703
704
704
705
705
706
706
707
707
708
708
709
709
710
710
711
711
712
712
713
713
714
714
714
715
716
716
717
717
718
718
719
719
720
720
721
721
722
722
723
723
724
724
725
725
726
726
727
727
728
728
729
729
730
730
731
731
732
732
733
733
734
734
735
735
736
736
737
737
738
738
739
739
740
740
741
741
742
742
743
743
744
744
745
745
746
746
747
747
748
748
749
749
750
750
750
751
752
752
753
753
754
754
755
755
756
756
757
757
758
758
759
759
760
760
761
761
762
762
763
763
764
764
765
765
766
766
767
767
768
768
769
769
770
770
771
771
772
772
773
773
774
774
775
775
776
776
777
777
778
778
779
779
780
780
781
781
782
782
783
783
784
784
785
785
786
786
787
787
787
788
789
789
790
790
791
791
792
792
793
793
794
794
795
795
796
796
797
797
798
798
799
799
800
800
801
801
802
802
803
803
804
804
805
805
806
806
807
807
808
808
809
809
810
810
811
811
812
812
813
813
814
814
815
815
816
816
817
817
818
818
819
819
820
820
821
821
822
822
823
823
824
824
825
825
825
826
827
827
828
828
829
829
830
830
831
831
832
832
833
833
834
834
835
835
836
836
837
837
838
838
839
839
840
840
841
841
842
842
843
843
844
844
845
845
846
846
847
847
848
848
849
849
850
850
851
851
852
852
853
853
854
854
855
855
856
856
857
857
858
858
859
859
860
860
861
861
862
862
863
863
864
864
864
865
866
866
867
867
868
868
869
869
870
870
871
871
872
872
873
873
874
874
875
875
876
876
877
877
878
878
879
879
880
880
881
881
882
882
883
883
884
884
885
885
886
886
887
887
888
888
889
889
890
890
891
891
892
892
893
893
894
894
895
895
896
896
897
897
898
898
899
899
900
900
901
901
902
902
903
903
904
904
904
905
906
906
907
907
908
908
909
909
910
910
911
911
912
912
913
913
914
914
915
915
916
916
917
917
918
918
919
919
920
920
921
921
922
922
923
923
924
924
925
926
926
927
927
928
928
929
929
930
930
931
931
932
932
933
933
934
934
935
935
936
936
937
937
938
938
939
939
940
940
941
941
942
942
943
943
944
944
945
945
945
946
947
947
948
948
949
949
950
950
951
951
952
952
953
953
954
954
955
955
956
956
957
957
958
958
959
959
960
960
961
961
962
962
963
963
964
964
965
966
966
967
967
968
968
969
969
970
970
971
971
972
972
973
973
974
974
975
975
976
976
977
977
978
978
979
979
980
980
981
981
982
982
983
983
984
984
985
985
986
986
986
987
988
988
989
989
990
990
991
991
992
992
993
993
994
994
995
995
996
996
997
997
998
998
999
999
1000
1000
1001
1001
1002
1002
1003
1003
1004
1004
1005
1006
1006
1007
1007
1008
1008
1009
1009
1010
1010
1011
1011
1012
1012
1013
1013
1014
1014
1015
1015
1016
1016
1017
1017
1018
1018
1019
1019
1020
1020
1021
1021
1022
1022
1023
1023
1024
1024
1025
1025
1026
1026
1027
1027
1027
1028
1029
1029
1030
1030
1031
1031
1032
1032
1033
1033
1034
1034
1035
1035
1036
1036
1037
1037
1038
1038
1039
1039
1040
1040
1041
1041
1042
1042
1043
1043
1044
1044
1045
1045
1046
1046
1047
1047
1048
1048
1049
1049
1050
1050
1051
1051
1052
1052
1053
1053
1054
1054
1055
1055
1056
1056
1057
1057
1058
1058
1059
1059
1060
1060
1061
1061
1062
1062
1063
1063
1064
1064
1065
1065
1066
1066
1067
1067
1068
1068
1068
1069
1070
1070
1071
1071
1072
1072
1073
1073
1074
1074
1075
1075
1076
1076
1077
1077
1078
1078
1079
1079
1080
1080
1081
1081
1082
1082
1083
1083
1084
1084
1085
1085
1086
1086
1087
1087
1088
1088
1089
1089
1090
1090
1091
1091
1092
1092
1093
1093
1094
1094
1095
1095
1096
1096
1097
1097
1098
1098
1099
1099
1100
1100
1101
1101
1102
1102
1103
1103
1104
1104
1105
1105
1106
1106
1107
1107
1108
1108
1109
1109
1110
1110
1110
1111
1112
1112
1113
1113
1114
1114
1115
1115
1116
1116
1117
1117
1118
1118
1119
1119
1120
1120
1121
1121
1122
1122
1123
1123
1124
1124
1125
1125
1126
1126
1127
1127
1128
1128
1129
1129
1130
1130
1131
1131
1132
1132
1133
1133
1134
1134
1135
1135
1136
1136
1137
1137
1138
1138
1139
1139
1140
1140
1141
1141
1142
1142
1143
1143
1144
1144
1145
1145
1146
1146
1147
1147
1148
1148
1149
1149
1150
1150
1151
1151
1152
1152
1153
1153
1153
1154
1155
1155
1156
1156
1157
1157
1158
1158
1159
1159
1160
1160
1161
1161
1162
1162
1163
1163
1164
1164
1165
1165
1166
1166
1167
1167
1168
1168
1169
1169
1170
1170
1171
1171
1172
1172
1173
1173
1174
1174
1175
1175
1176
1176
1177
1177
1178
1178
1179
1179
1180
1180
1181
1181
1182
1182
1183
1183
1184
1184
1185
1185
1186
1186
1187
1187
1188
1188
1189
1189
1190
1190
1191
1191
1192
1192
1193
1193
1194
1194
1195
1195
1196
1196
1197
1197
1197
1198
1199
1199
1200
1200
1201
1201
1202
1202
1203
1203
1204
1204
1205
1205
1206
1206
1207
1207
1208
1208
1209
1209
1210
1210
1211
1211
1212
1212
1213
1213
1214
1214
1215
1215
1216
1216
1217
1217
1218
1218
1219
1219
1220
1220
1221
1221
1222
1222
1223
1223
1224
1224
1225
1225
1226
1226
1227
1227
1228
1228
1229
1229
1230
1230
1231
1231
1232
1232
1233
1233
1234
1234
1235
1235
1236
1236
1237
1237
1238
1238
1239
1239
1240
1240
1241
1241
1242
1242
1242
1243
1244
1244
1245
1245
1246
1246
1247
1247
1248
1248
1249
1249
1250
1250
1251
1251
1252
1252
1253
1253
1254
1254
1255
1255
1256
1256
1257
1257
1258
1258
1259
1259
1260
1260
1261
1261
1262
1262
1263
1263
1264
1264
1265
1265
1266
1266
1267
1267
1268
1268
1269
1269
1270
1270
1271
1271
1272
1272
1273
1273
1274
1274
1275
1275
1276
1276
1277
1277
1278
1278
1279
1279
1280
1280
1281
1281
1282
1282
1283
1283
1284
1284
1285
1285
1286
1286
1287
1287
1288
1288
1288
1289
1290
1290
1291
1291
1292
1292
1293
1293
1294
1294
1295
1295
1296
1296
1297
1297
1298
1298
1299
1299
1300
1300
1301
1301
1302
1302
1303
1303
1304
1304
1305
1305
1306
1307
1307
1308
1308
1309
1309
1310
1310
1311
1311
1312
1312
1313
1313
1314
1314
1315
1315
1316
1316
1317
1317
1318
1318
1319
1319
1320
1320
1321
1321
1322
1322
1323
1323
1324
1324
1325
1325
1326
1326
1327
1327
1328
1328
1329
1329
1330
1330
1331
1331
1332
1332
1333
1333
1334
1334
1335
1335
1335
1336
1337
1337
1338
1338
1339
1339
1340
1340
1341
1341
1342
1342
1343
1343
1344
1344
1345
1345
1346
1346
1347
1347
1348
1348
1349
1349
1350
1350
1351
1351
1352
1353
1353
1354
1354
1355
1355
1356
1356
1357
1357
1358
1358
1359
1359
1360
1360
1361
1361
1362
1362
1363
1363
1364
1364
1365
1365
1366
1366
1367
1367
1368
1368
1369
1369
1370
1370
1371
1371
1372
1372
1373
1373
1374
1374
1375
1375
1376
1376
1377
1377
1378
1378
1379
1379
1380
1380
1381
1381
1382
1382
1382
1383
1384
1384
1385
1385
1386
1386
1387
1387
1388
1388
1389
1389
1390
1390
1391
1391
1392
1392
1393
1393
1394
1394
1395
1395
1396
1396
1397
1397
1398
1399
1399
1400
1400
1401
1401
1402
1402
1403
1403
1404
1404
1405
1405
1406
1406
1407
1407
1408
1408
1409
1409
1410
1410
1411
1411
1412
1412
1413
1413
1414
1414
1415
1415
1416
1416
1417
1417
1418
1418
1419
1419
1420
1420
1421
1421
1422
1422
1423
1423
1424
1424
1425
1425
1426
1426
1427
1427
1428
1428
1429
1429
1429
1430
1431
1431
1432
1432
1433
1433
1434
1434
1435
1435
1436
1436
1437
1437
1438
1438
1439
1439
1440
1440
1441
1441
1442
1442
1443
1443
1444
1444
1445
1445
1446
1446
1447
1447
1448
1448
1449
1449
1450
1450
1451
1451
1452
1452
1453
1453
1454
1454
1455
1455
1456
1456
1457
1457
1458
1458
1459
1459
1460
1460
1461
1461
1462
1462
1463
1463
1464
1464
1465
1465
1466
1466
1467
1467
1468
1468
1469
1469
1470
1470
1471
1471
1472
1472
1473
1473
1474
1474
1475
1475
1476
1476
1476
1477
1478
1478
1479
1479
1480
1480
1481
1481
1482
1482
1483
1483
1484
1484
1485
1485
1486
1486
1487
1487
1488
1488
1489
1489
1490
1490
1491
1491
1492
1492
1493
1493
1494
1494
1495
1495
1496
1496
1497
1497
1498
1498
1499
1499
1500
1500
1501
1501
1502
1502
1503
1503
1504
1504
1505
1505
1506
1506
1507
1507
1508
1508
1509
1509
1510
1510
1511
1511
1512
1512
1513
1513
1514
1514
1515
1515
1516
1516
1517
1517
1518
1518
1519
1519
1520
1520
1521
1521
1522
1522
1523
1523
1524
1524
1524
1525
1526
1526
1527
1527
1528
1528
1529
1529
1530
1530
1531
1531
1532
1532
1533
1533
1534
1534
1535
1535
1536
1536
1537
1537
1538
1538
1539
1539
1540
1540
1541
1541
1542
1542
1543
1543
1544
1544
1545
1545
1546
1546
1547
1547
1548
1548
1549
1549
1550
1550
1551
1551
1552
1552
1553
1553
1554
1554
1555
1555
1556
1556
1557
1557
1558
1558
1559
1559
1560
1560
1561
1561
1562
1562
1563
1563
1564
1564
1565
1565
1566
1566
1567
1567
1568
1568
1569
1569
1570
1570
1571
1571
1572
1572
1573
1573
1573
1574
1575
1575
1576
1576
1577
1577
1578
1578
1579
1579
1580
1580
1581
1581
1582
1582
1583
1583
1584
1584
1585
1585
1586
1586
1587
1587
1588
1588
1589
1590
1590
1591
1591
1592
1592
1593
1593
1594
1594
1595
1595
1596
1596
1597
1597
1598
1598
1599
1599
1600
1600
1601
1601
1602
1602
1603
1603
1604
1604
1605
1605
1606
1606
1607
1607
1608
1608
1609
1609
1610
1610
1611
1611
1612
1612
1613
1613
1614
1614
1615
1615
1616
1616
1617
1617
1618
1618
1619
1619
1620
1620
1621
1621
1622
1622
1623
1623
1623
1624
1625
1625
1626
1626
1627
1627
1628
1628
1629
1629
1630
1630
1631
1631
1632
1632
1633
1633
1634
1634
1635
1635
1636
1636
1637
1637
1638
1638
1639
1640
1640
1641
1641
1642
1642
1643
1643
1644
1644
1645
1645
1646
1646
1647
1647
1648
1648
1649
1649
1650
1650
1651
1651
1652
1652
1653
1653
1654
1654
1655
1655
1656
1656
1657
1657
1658
1658
1659
1659
1660
1660
1661
1661
1662
1662
1663
1663
1664
1664
1665
1665
1666
1666
1667
1667
1668
1668
1669
1669
1670
1670
1671
1671
1672
1672
1673
1673
1673
1674
1675
1675
1676
1676
1677
1677
1678
1678
1679
1679
1680
1680
1681
1681
1682
1682
1683
1683
1684
1684
1685
1685
1686
1686
1687
1687
1688
1688
1689
1690
1690
1691
1691
1692
1692
1693
1693
1694
1694
1695
1695
1696
1696
1697
1697
1698
1698
1699
1699
1700
1700
1701
1701
1702
1702
1703
1703
1704
1704
1705
1705
1706
1706
1707
1707
1708
1708
1709
1709
1710
1710
1711
1711
1712
1712
1713
1713
1714
1714
1715
1715
1716
1716
1717
1717
1718
1718
1719
1719
1720
1720
1721
1721
1722
1722
1723
1723
1723
1724
1725
1725
1726
1726
1727
1727
1728
1728
1729
1729
1730
1730
1731
1731
1732
1732
1733
1733
1734
1734
1735
1735
1736
1736
1737
1737
1738
1738
1739
1740
1740
1741
1741
1742
1742
1743
1743
1744
1744
1745
1745
1746
1746
1747
1747
1748
1748
1749
1749
1750
1750
1751
1751
1752
1752
1753
1753
1754
1754
1755
1755
1756
1756
1757
1757
1758
1758
1759
1759
1760
1760
1761
1761
1762
1762
1763
1763
1764
1764
1765
1765
1766
1766
1767
1767
1768
1768
1769
1769
1770
1770
1771
1771
1772
1772
1773
1773
1773
1774
1775
1775
1776
1776
1777
1777
1778
1778
1779
1779
1780
1780
1781
1781
1782
1782
1783
1783
1784
1784
1785
1785
1786
1786
1787
1787
1788
1788
1789
1790
1790
1791
1791
1792
1792
1793
1793
1794
1794
1795
1795
1796
1796
1797
1797
1798
1798
1799
1799
1800
1800
1801
1801
1802
1802
1803
1803
1804
1804
1805
1805
1806
1806
1807
1807
1808
1808
1809
1809
1810
1810
1811
1811
1812
1812
1813
1813
1814
1814
1815
1815
1816
1816
1817
1817
1818
1818
1819
1819
1820
1820
1821
1821
1822
1822
1823
1823
1823
1824
1825
1825
1826
1826
1827
1827
1828
1828
1829
1829
1830
1830
1831
1831
1832
1832
1833
1833
1834
1834
1835
1835
1836
1836
1837
1837
1838
1838
1839
1840
1840
1841
1841
1842
1842
1843
1843
1844
1844
1845
1845
1846
1846
1847
1847
1848
1848
1849
1849
1850
1850
1851
1851
1852
1852
1853
1853
1854
1854
1855
1855
1856
1856
1857
1857
1858
1858
1859
1859
1860
1860
1861
1861
1862
1862
1863
1863
1864
1864
1865
1865
1866
1866
1867
1867
1868
1868
1869
1869
1870
1870
1871
1871
1872
1872
1873
1873
1873
1874
1875
1875
1876
1876
1877
1877
1878
1878
1879
1879
1880
1880
1881
1881
1882
1882
1883
1883
1884
1884
1885
1885
1886
1886
1887
1887
1888
1888
1889
1890
1890
1891
1891
1892
1892
1893
1893
1894
1894
1895
1895
1896
1896
1897
1897
1898
1898
1899
1899
1900
1900
1901
1901
1902
1902
1903
1903
1904
1904
1905
1905
1906
1906
1907
1907
1908
1908
1909
1909
1910
1910
1911
1911
1912
1912
1913
1913
1914
1914
1915
1915
1916
1916
1917
1917
1918
1918
1919
1919
1920
1920
1921
1921
1922
1922
1923
1923
1923
1924
1925
1925
1926
1926
1927
1927
1928
1928
1929
1929
1930
1930
1931
1931
1932
1932
1933
1933
1934
1934
1935
1935
1936
1936
1937
1937
1938
1938
1939
1940
1940
1941
1941
1942
1942
1943
1943
1944
1944
1945
1945
1946
1946
1947
1947
1948
1948
1949
1949
1950
1950
1951
1951
1952
1952
1953
1953
1954
1954
1955
1955
1956
1956
1957
1957
1958
1958
1959
1959
1960
1960
1961
1961
1962
1962
1963
1963
1964
1964
1965
1965
1966
1966
1967
1967
1968
1968
1969
1969
1970
1970
1971
1971
1972
1972
1973
1973
1973
1974
1975
1975
1976
1976
1977
1977
1978
1978
1979
1979
1980
1980
1981
1981
1982
1982
1983
1983
1984
1984
1985
1985
1986
1986
1987
1987
1988
1988
1989
1990
1990
1991
1991
1992
1992
1993
1993
1994
1994
1995
1995
1996
1996
1997
1997
1998
1998
1999
1999
2000
2000
2001
2001
2002
2002
2003
2003
2004
2004
2005
2005
2006
2006
2007
2007
2008
2008
2009
2009
2010
2010
2011
2011
2012
2012
2013
2013
2014
2014
2015
2015
2016
2016
2017
2017
2018
2018
2019
2019
2020
2020
2021
2021
2022
2022
2023
2023
2023
2024
2025
2025
2026
2026
2027
2027
2028
2028
2029
2029
2030
2030
2031
2031
2032
2032
2033
2033
2034
2034
2035
2035
2036
2036
2037
2037
2038
2038
2039
2040
2040
2041
2041
2042
2042
2043
2043
2044
2044
2045
2045
2046
2046
2047
2047
2048
2048
2049
2049
2050
2050
2051
2051
2052
2052
2053
2053
2054
2054
2055
2055
2056
2056
2057
2057
2058
2058
2059
2059
2060
2060
2061
2061
2062
2062
2063
2063
2064
2064
2065
2065
2066
2066
2067
2067
2068
2068
2069
2069
2070
2070
2071
2071
2072
2072
2073
2073
2073
2074
2075
2075
2076
2076
2077
2077
2078
2078
2079
2079
2080
2080
2081
2081
2082
2082
2083
2083
2084
2084
2085
2085
2086
2086
2087
2087
2088
2088
2089
2090
2090
2091
2091
2092
2092
2093
2093
2094
2094
2095
2095
2096
2096
2097
2097
2098
2098
2099
2099
2100
2100
2101
2101
2102
2102
2103
2103
2104
2104
2105
2105
2106
2106
2107
2107
2108
2108
2109
2109
2110
2110
2111
2111
2112
2112
2113
2113
2114
2114
2115
2115
2116
2116
2117
2117
2118
2118
2119
2119
2120
2120
2121
2121
2122
2122
2123
2123
2123
2124
2125
2125
2126
2126
2127
2127
2128
2128
2129
2129
2130
2130
2131
2131
2132
2132
2133
2133
2134
2134
2135
2135
2136
2136
2137
2137
2138
2138
2139
2140
2140
2141
2141
2142
2142
2143
2143
2144
2144
2145
2145
2146
2146
2147
2147
2148
2148
2149
2149
2150
2150
2151
2151
2152
2152
2153
2153
2154
2154
2155
2155
2156
2156
2157
2157
2158
2158
2159
2159
2160
2160
2161
2161
2162
2162
2163
2163
2164
2164
2165
2165
2166
2166
2167
2167
2168
2168
2169
2169
2170
2170
2171
2171
2172
2172
2173
2173
2173
2174
2175
2175
2176
2176
2177
2177
2178
2178
2179
2179
2180
2180
2181
2181
2182
2182
2183
2183
2184
2184
2185
2185
2186
2186
2187
2187
2188
2188
2189
2190
2190
2191
2191
2192
2192
2193
2193
2194
2194
2195
2195
2196
2196
2197
2197
2198
2198
2199
2199
2200
2200
2201
2201
2202
2202
2203
2203
2204
2204
2205
2205
2206
2206
2207
2207
2208
2208
2209
2209
2210
2210
2211
2211
2212
2212
2213
2213
2214
2214
2215
2215
2216
2216
2217
2217
2218
2218
2219
2219
2220
2220
2221
2221
2222
2222
2223
2223
2223
2224
2225
2225
2226
2226
2227
2227
2228
2228
2229
2229
2230
2230
2231
2231
2232
2232
2233
2233
2234
2234
2235
2235
2236
2236
2237
2237
2238
2238
2239
2240
2240
2241
2241
2242
2242
2243
2243
2244
2244
2245
2245
2246
2246
2247
2247
2248
2248
2249
2249
2250
2250
2251
2251
2252
2252
2253
2253
2254
2254
2255
2255
2256
2256
2257
2257
2258
2258
2259
2259
2260
2260
2261
2261
2262
2262
2263
2263
2264
2264
2265
2265
2266
2266
2267
2267
2268
2268
2269
2269
2270
2270
2271
2271
2272
2272
2273
2273
2273
2274
2275
2275
2276
2276
2277
2277
2278
2278
2279
2279
2280
2280
2281
2281
2282
2282
2283
2283
2284
2284
2285
2285
2286
2286
2287
2287
2288
2288
2289
2290
2290
2291
2291
2292
2292
2293
2293
2294
2294
2295
2295
2296
2296
2297
2297
2298
2298
2299
2299
2300
2300
2301
2301
2302
2302
2303
2303
2304
2304
2305
2305
2306
2306
2307
2307
2308
2308
2309
2309
2310
2310
2311
2311
2312
2312
2313
2313
2314
2314
2315
2315
2316
2316
2317
2317
2318
2318
2319
2319
2320
2320
2321
2321
2322
2322
2323
2323
2323
2324
2325
2325
2326
2326
2327
2327
2328
2328
2329
2329
2330
2330
2331
2331
2332
2332
2333
2333
2334
2334
2335
2335
2336
2336
2337
2337
2338
2338
2339
2340
2340
2341
2341
2342
2342
2343
2343
2344
2344
2345
2345
2346
2346
2347
2347
2348
2348
2349
2349
2350
2350
2351
2351
2352
2352
2353
2353
2354
2354
2355
2355
2356
2356
2357
2357
2358
2358
2359
2359
2360
2360
2361
2361
2362
2362
2363
2363
2364
2364
2365
2365
2366
2366
2367
2367
2368
2368
2369
2369
2370
2370
2371
2371
2372
2372
2373
2373
2373
2374
2375
2375
2376
2376
2377
2377
2378
2378
2379
2379
2380
2380
2381
2381
2382
2382
2383
2383
2384
2384
2385
2385
2386
2386
2387
2387
2388
2388
2389
2390
2390
2391
2391
2392
2392
2393
2393
2394
2394
2395
2395
2396
2396
2397
2397
2398
2398
2399
2399
2400
2400
2401
2401
2402
2402
2403
2403
2404
2404
2405
2405
2406
2406
2407
2407
2408
2408
2409
2409
2410
2410
2411
2411
2412
2412
2413
2413
2414
2414
2415
2415
2416
2416
2417
2417
2418
2418
2419
2419
2420
2420
2421
2421
2422
2422
2423
2423
2423
2424
2425
2425
2426
2426
2427
2427
2428
2428
2429
2429
2430
2430
2431
2431
2432
2432
2433
2433
2434
2434
2435
2435
2436
2436
2437
2437
2438
2438
2439
2440
2440
2441
2441
2442
2442
2443
2443
2444
2444
2445
2445
2446
2446
2447
2447
2448
2448
2449
2449
2450
2450
2451
2451
2452
2452
2453
2453
2454
2454
2455
2455
2456
2456
2457
2457
2458
2458
2459
2459
2460
2460
2461
2461
2462
2462
2463
2463
2464
2464
2465
2465
2466
2466
2467
2467
2468
2468
2469
2469
2470
2470
2471
2471
2472
2472
2473
2473
2473
2474
2475
2475
2476
2476
2477
2477
2478
2478
2479
2479
2480
2480
2481
2481
2482
2482
2483
2483
2484
2484
2485
2485
2486
2486
2487
2487
2488
2488
2489
2490
2490
2491
2491
2492
2492
2493
2493
2494
2494
2495
2495
2496
2496
2497
2497
2498
2498
2499
2499
2500
2500
2501
2501
2502
2502
2503
2503
2504
2504
2505
2505
2506
2506
2507
2507
2508
2508
2509
2509
2510
2510
2511
2511
2512
2512
2513
2513
2514
2514
2515
2515
2516
2516
2517
2517
2518
2518
2519
2519
2520
2520
2521
2521
2522
2522
2523
2523
2523
2524
2525
2525
2526
2526
2527
2527
2528
2528
2529
2529
2530
2530
2531
2531
2532
2532
2533
2533
2534
2534
2535
2535
2536
2536
2537
2537
2538
2538
2539
2540
2540
2541
2541
2542
2542
2543
2543
2544
2544
2545
2545
2546
2546
2547
2547
2548
2548
2549
2549
2550
2550
2551
2551
2552
2552
2553
2553
2554
2554
2555
2555
2556
2556
2557
2557
2558
2558
2559
2559
2560
2560
2561
2561
2562
2562
2563
2563
2564
2564
2565
2565
2566
2566
2567
2567
2568
2568
2569
2569
2570
2570
2571
2571
2572
2572
2573
2573
2573
2574
2575
2575
2576
2576
2577
2577
2578
2578
2579
2579
2580
2580
2581
2581
2582
2582
2583
2583
2584
2584
2585
2585
2586
2586
2587
2587
2588
2588
2589
2590
2590
2591
2591
2592
2592
2593
2593
2594
2594
2595
2595
2596
2596
2597
2597
2598
2598
2599
2599
2600
2600
2601
2601
2602
2602
2603
2603
2604
2604
2605
2605
2606
2606
2607
2607
2608
2608
2609
2609
2610
2610
2611
2611
2612
2612
2613
2613
2614
2614
2615
2615
2616
2616
2617
2617
2618
2618
2619
2619
2620
2620
2621
2621
2622
2622
2623
2623
2623
2624
2625
2625
2626
2626
2627
2627
2628
2628
2629
2629
2630
2630
2631
2631
2632
2632
2633
2633
2634
2634
2635
2635
2636
2636
2637
2637
2638
2638
2639
2640
2640
2641
2641
2642
2642
2643
2643
2644
2644
2645
2645
2646
2646
2647
2647
2648
2648
2649
2649
2650
2650
2651
2651
2652
2652
2653
2653
2654
2654
2655
2655
2656
2656
2657
2657
2658
2658
2659
2659
2660
2660
2661
2661
2662
2662
2663
2663
2664
2664
2665
2665
2666
2666
2667
2667
2668
2668
2669
2669
2670
2670
2671
2671
2672
2672
2673
2673
2673
2674
2675
2675
2676
2676
2677
2677
2678
2678
2679
2679
2680
2680
2681
2681
2682
2682
2683
2683
2684
2684
2685
2685
2686
2686
2687
2687
2688
2688
2689
2690
2690
2691
2691
2692
2692
2693
2693
2694
2694
2695
2695
2696
2696
2697
2697
2698
2698
2699
2699
2700
2700
2701
2701
2702
2702
2703
2703
2704
2704
2705
2705
2706
2706
2707
2707
2708
2708
2709
2709
2710
2710
2711
2711
2712
2712
2713
2713
2714
2714
2715
2715
2716
2716
2717
2717
2718
2718
2719
2719
2720
2720
2721
2721
2722
2722
2723
2723
2723
2724
2725
2725
2726
2726
2727
2727
2728
2728
2729
2729
2730
2730
2731
2731
2732
2732
2733
2733
2734
2734
2735
2735
2736
2736
2737
2737
2738
2739
2740
2740
2741
2741
2742
2742
2743
2743
2744
2744
2745
2745
2746
2746
2747
2747
2748
2748
2749
2749
2750
2750
2751
2751
2752
2752
2753
2753
2754
2754
2755
2755
2756
2756
2757
2757
2758
2758
2759
2759
2760
2760
2761
2761
2762
2762
2763
2763
2764
2764
2765
2765
2766
2766
2767
2767
2768
2768
2769
2769
2770
2770
2771
2771
2772
2772
2773
2773
2773
2774
2775
2775
2776
2776
2777
2777
2778
2778
2779
2779
2780
2780
2781
2781
2782
2782
2783
2783
2784
2784
2785
2785
2786
2786
2787
2788
2789
2789
2790
2790
2791
2791
2792
2792
2793
2793
2794
2794
2795
2795
2796
2796
2797
2797
2798
2798
2799
2799
2800
2800
2801
2801
2802
2802
2803
2803
2804
2804
2805
2805
2806
2806
2807
2807
2808
2808
2809
2809
2810
2810
2811
2811
2812
2812
2813
2813
2814
2814
2815
2815
2816
2816
2817
2817
2818
2818
2819
2819
2820
2820
2821
2821
2822
2822
2822
2823
2824
2824
2825
2825
2826
2826
2827
2827
2828
2828
2829
2829
2830
2830
2831
2831
2832
2832
2833
2833
2834
2834
2835
2836
2837
2837
2838
2838
2839
2839
2840
2840
2841
2841
2842
2842
2843
2843
2844
2844
2845
2845
2846
2846
2847
2847
2848
2848
2849
2849
2850
2850
2851
2851
2852
2852
2853
2853
2854
2854
2855
2855
2856
2856
2857
2857
2858
2858
2859
2859
2860
2860
2861
2861
2862
2862
2863
2863
2864
2864
2865
2865
2866
2866
2867
2867
2868
2868
2869
2869
2870
2870
2870
2871
2872
2872
2873
2873
2874
2874
2875
2875
2876
2876
2877
2877
2878
2878
2879
2879
2880
2880
2881
2881
2882
2883
2884
2884
2885
2885
2886
2886
2887
2887
2888
2888
2889
2889
2890
2890
2891
2891
2892
2892
2893
2893
2894
2894
2895
2895
2896
2896
2897
2897
2898
2898
2899
2899
2900
2900
2901
2901
2902
2902
2903
2903
2904
2904
2905
2905
2906
2906
2907
2907
2908
2908
2909
2909
2910
2910
2911
2911
2912
2912
2913
2913
2914
2914
2915
2915
2916
2916
2917
2917
2917
2918
2919
2919
2920
2920
2921
2921
2922
2922
2923
2923
2924
2924
2925
2925
2926
2926
2927
2927
2928
2929
2930
2930
2931
2931
2932
2932
2933
2933
2934
2934
2935
2935
2936
2936
2937
2937
2938
2938
2939
2939
2940
2940
2941
2941
2942
2942
2943
2943
2944
2944
2945
2945
2946
2946
2947
2947
2948
2948
2949
2949
2950
2950
2951
2951
2952
2952
2953
2953
2954
2954
2955
2955
2956
2956
2957
2957
2958
2958
2959
2959
2960
2960
2961
2961
2962
2962
2963
2963
2963
2964
2965
2965
2966
2966
2967
2967
2968
2968
2969
2969
2970
2970
2971
2971
2972
2972
2973
2974
2975
2975
2976
2976
2977
2977
2978
2978
2979
2979
2980
2980
2981
2981
2982
2982
2983
2983
2984
2984
2985
2985
2986
2986
2987
2987
2988
2988
2989
2989
2990
2990
2991
2991
2992
2992
2993
2993
2994
2994
2995
2995
2996
2996
2997
2997
2998
2998
2999
2999
3000
3000
3001
3001
3002
3002
3003
3003
3004
3004
3005
3005
3006
3006
3007
3007
3008
3008
3008
3009
3010
3010
3011
3011
3012
3012
3013
3013
3014
3014
3015
3015
3016
3016
3017
3018
3019
3019
3020
3020
3021
3021
3022
3022
3023
3023
3024
3024
3025
3025
3026
3026
3027
3027
3028
3028
3029
3029
3030
3030
3031
3031
3032
3032
3033
3033
3034
3034
3035
3035
3036
3036
3037
3037
3038
3038
3039
3039
3040
3040
3041
3041
3042
3042
3043
3043
3044
3044
3045
3045
3046
3046
3047
3047
3048
3048
3049
3049
3050
3050
3051
3051
3052
3052
3052
3053
3054
3054
3055
3055
3056
3056
3057
3057
3058
3058
3059
3059
3060
3061
3062
3062
3063
3063
3064
3064
3065
3065
3066
3066
3067
3067
3068
3068
3069
3069
3070
3070
3071
3071
3072
3072
3073
3073
3074
3074
3075
3075
3076
3076
3077
3077
3078
3078
3079
3079
3080
3080
3081
3081
3082
3082
3083
3083
3084
3084
3085
3085
3086
3086
3087
3087
3088
3088
3089
3089
3090
3090
3091
3091
3092
3092
3093
3093
3094
3094
3095
3095
3095
3096
3097
3097
3098
3098
3099
3099
3100
3100
3101
3101
3102
3103
3104
3104
3105
3105
3106
3106
3107
3107
3108
3108
3109
3109
3110
3110
3111
3111
3112
3112
3113
3113
3114
3114
3115
3115
3116
3116
3117
3117
3118
3118
3119
3119
3120
3120
3121
3121
3122
3122
3123
3123
3124
3124
3125
3125
3126
3126
3127
3127
3128
3128
3129
3129
3130
3130
3131
3131
3132
3132
3133
3133
3134
3134
3135
3135
3136
3136
3137
3137
3137
3138
3139
3139
3140
3140
3141
3141
3142
3142
3143
3144
3145
3145
3146
3146
3147
3147
3148
3148
3149
3149
3150
3150
3151
3151
3152
3152
3153
3153
3154
3154
3155
3155
3156
3156
3157
3157
3158
3158
3159
3159
3160
3160
3161
3161
3162
3162
3163
3163
3164
3164
3165
3165
3166
3166
3167
3167
3168
3168
3169
3169
3170
3170
3171
3171
3172
3172
3173
3173
3174
3174
3175
3175
3176
3176
3177
3177
3178
3178
3178
3179
3180
3180
3181
3181
3182
3182
3183
3184
3185
3185
3186
3186
3187
3187
3188
3188
3189
3189
3190
3190
3191
3191
3192
3192
3193
3193
3194
3194
3195
3195
3196
3196
3197
3197
3198
3198
3199
3199
3200
3200
3201
3201
3202
3202
3203
3203
3204
3204
3205
3205
3206
3206
3207
3207
3208
3208
3209
3209
3210
3210
3211
3211
3212
3212
3213
3213
3214
3214
3215
3215
3216
3216
3217
3217
3218
3218
3218
3219
3220
3220
3221
3221
3222
3223
3224
3224
3225
3225
3226
3226
3227
3227
3228
3228
3229
3229
3230
3230
3231
3231
3232
3232
3233
3233
3234
3234
3235
3235
3236
3236
3237
3237
3238
3238
3239
3239
3240
3240
3241
3241
3242
3242
3243
3243
3244
3244
3245
3245
3246
3246
3247
3247
3248
3248
3249
3249
3250
3250
3251
3251
3252
3252
3253
3253
3254
3254
3255
3255
3256
3256
3257
3257
3257
3258
3259
3259
3260
3261
3262
3262
3263
3263
3264
3264
3265
3265
3266
3266
3267
3267
3268
3268
3269
3269
3270
3270
3271
3271
3272
3272
3273
3273
3274
3274
3275
3275
3276
3276
3277
3277
3278
3278
3279
3279
3280
3280
3281
3281
3282
3282
3283
3283
3284
3284
3285
3285
3286
3286
3287
3287
3288
3288
3289
3289
3290
3290
3291
3291
3292
3292
3293
3293
3294
3294
3295
3295
3295
3296
3297
3298
3299
3299
3300
3300
3301
3301
3302
3302
3303
3303
3304
3304
3305
3305
3306
3306
3307
3307
3308
3308
3309
3309
3310
3310
3311
3311
3312
3312
3313
3313
3314
3314
3315
3315
3316
3316
3317
3317
3318
3318
3319
3319
3320
3320
3321
3321
3322
3322
3323
3323
3324
3324
3325
3325
3326
3326
3327
3327
3328
3328
3329
3329
3330
3330
3331
3331
3332
3332
3334
3335
3335
3336
3336
3337
3337
3338
3338
3339
3339
3340
3340
3341
3341
3342
3342
3343
3343
3344
3344
3345
3345
3346
3346
3347
3347
3348
3348
3349
3349
3350
3350
3351
3351
3352
3352
3353
3353
3354
3354
3355
3355
3356
3356
3357
3357
3358
3358
3359
3359
3360
3360
3361
3361
3362
3362
3363
3363
3364
3364
3365
3365
3366
3366
3367
3368
3369
3369
3370
3370
3371
3371
3372
3372
3373
3373
3374
3374
3375
3375
3376
3376
3377
3377
3378
3378
3379
3379
3380
3380
3381
3381
3382
3382
3383
3383
3384
3384
3385
3385
3386
3386
3387
3387
3388
3388
3389
3389
3390
3390
3391
3391
3392
3392
3393
3393
3394
3394
3395
3395
3396
3396
3397
3397
3398
3398
3399
3399
3400
3401
3402
3402
3403
3403
3404
3404
3405
3405
3406
3406
3407
3407
3408
3408
3409
3409
3410
3410
3411
3411
3412
3412
3413
3413
3414
3414
3415
3415
3416
3416
3417
3417
3418
3418
3419
3419
3420
3420
3421
3421
3422
3422
3423
3423
3424
3424
3425
3425
3426
3426
3427
3427
3428
3428
3429
3429
3430
3430
3431
3431
3432
3433
3434
3434
3435
3435
3436
3436
3437
3437
3438
3438
3439
3439
3440
3440
3441
3441
3442
3442
3443
3443
3444
3444
3445
3445
3446
3446
3447
3447
3448
3448
3449
3449
3450
3450
3451
3451
3452
3452
3453
3453
3454
3454
3455
3455
3456
3456
3457
3457
3458
3458
3459
3459
3460
3460
3461
3461
3462
3462
3463
3464
3465
3465
3466
3466
3467
3467
3468
3468
3469
3469
3470
3470
3471
3471
3472
3472
3473
3473
3474
3474
3475
3475
3476
3476
3477
3477
3478
3478
3479
3479
3480
3480
3481
3481
3482
3482
3483
3483
3484
3484
3485
3485
3486
3486
3487
3487
3488
3488
3489
3489
3490
3490
3491
3491
3492
3492
3493
3494
3495
3495
3496
3496
3497
3497
3498
3498
3499
3499
3500
3500
3501
3501
3502
3502
3503
3503
3504
3504
3505
3505
3506
3506
3507
3507
3508
3508
3509
3509
3510
3510
3511
3511
3512
3512
3513
3513
3514
3514
3515
3515
3516
3516
3517
3517
3518
3518
3519
3519
3520
3520
3521
3521
3522
3523
3524
3524
3525
3525
3526
3526
3527
3527
3528
3528
3529
3529
3530
3530
3531
3531
3532
3532
3533
3533
3534
3534
3535
3535
3536
3536
3537
3537
3538
3538
3539
3539
3540
3540
3541
3541
3542
3542
3543
3543
3544
3544
3545
3545
3546
3546
3547
3547
3548
3548
3549
3549
3550
3551
3552
3552
3553
3553
3554
3554
3555
3555
3556
3556
3557
3557
3558
3558
3559
3559
3560
3560
3561
3561
3562
3562
3563
3563
3564
3564
3565
3565
3566
3566
3567
3567
3568
3568
3569
3569
3570
3570
3571
3571
3572
3572
3573
3573
3574
3574
3575
3575
3576
3576
3577
3578
3579
3579
3580
3580
3581
3581
3582
3582
3583
3583
3584
3584
3585
3585
3586
3586
3587
3587
3588
3588
3589
3589
3590
3590
3591
3591
3592
3592
3593
3593
3594
3594
3595
3595
3596
3596
3597
3597
3598
3598
3599
3599
3600
3600
3601
3601
3602
3602
3603
3604
3605
3605
3606
3606
3607
3607
3608
3608
3609
3609
3610
3610
3611
3611
3612
3612
3613
3613
3614
3614
3615
3615
3616
3616
3617
3617
3618
3618
3619
3619
3620
3620
3621
3621
3622
3622
3623
3623
3624
3624
3625
3625
3626
3626
3627
3627
3628
3629
3630
3630
3631
3631
3632
3632
3633
3633
3634
3634
3635
3635
3636
3636
3637
3637
3638
3638
3639
3639
3640
3640
3641
3641
3642
3642
3643
3643
3644
3644
3645
3645
3646
3646
3647
3647
3648
3648
3649
3649
3650
3650
3651
3651
3652
3653
3654
3654
3655
3655
3656
3656
3657
3657
3658
3658
3659
3659
3660
3660
3661
3661
3662
3662
3663
3663
3664
3664
3665
3665
3666
3666
3667
3667
3668
3668
3669
3669
3670
3670
3671
3671
3672
3672
3673
3673
3674
3674
3675
3676
3677
3677
3678
3678
3679
3679
3680
3680
3681
3681
3682
3682
3683
3683
3684
3684
3685
3685
3686
3686
3687
3687
3688
3688
3689
3689
3690
3690
3691
3691
3692
3692
3693
3693
3694
3694
3695
3695
3696
3696
3697
3698
3699
3699
3700
3700
3701
3701
3702
3702
3703
3703
3704
3704
3705
3705
3706
3706
3707
3707
3708
3708
3709
3709
3710
3710
3711
3711
3712
3712
3713
3713
3714
3714
3715
3715
3716
3716
3717
3717
3718
3719
3720
3720
3721
3721
3722
3722
3723
3723
3724
3724
3725
3725
3726
3726
3727
3727
3728
3728
3729
3729
3730
3730
3731
3731
3732
3732
3733
3733
3734
3734
3735
3735
3736
3736
3737
3737
3738
3739
3740
3740
3741
3741
3742
3742
3743
3743
3744
3744
3745
3745
3746
3746
3747
3747
3748
3748
3749
3749
3750
3750
3751
3751
3752
3752
3753
3753
3754
3754
3755
3755
3756
3756
3757
3758
3759
3759
3760
3760
3761
3761
3762
3762
3763
3763
3764
3764
3765
3765
3766
3766
3767
3767
3768
3768
3769
3769
3770
3770
3771
3771
3772
3772
3773
3773
3774
3774
3775
3776
3777
3777
3778
3778
3779
3779
3780
3780
3781
3781
3782
3782
3783
3783
3784
3784
3785
3785
3786
3786
3787
3787
3788
3788
3789
3789
3790
3790
3791
3791
3792
3793
3794
3794
3795
3795
3796
3796
3797
3797
3798
3798
3799
3799
3800
3800
3801
3801
3802
3802
3803
3803
3804
3804
3805
3805
3806
3806
3807
3807
3808
3809
3810
3810
3811
3811
3812
3812
3813
3813
3814
3814
3815
3815
3816
3816
3817
3817
3818
3818
3819
3819
3820
3820
3821
3821
3822
3822
3823
3824
3825
3825
3826
3826
3827
3827
3828
3828
3829
3829
3830
3830
3831
3831
3832
3832
3833
3833
3834
3834
3835
3835
3836
3836
3837
3838
3839
3839
3840
3840
3841
3841
3842
3842
3843
3843
3844
3844
3845
3845
3846
3846
3847
3847
3848
3848
3849
3849
3850
3851
3852
3852
3853
3853
3854
3854
3855
3855
3856
3856
3857
3857
3858
3858
3859
3859
3860
3860
3861
3861
3862
3863
3864
3864
3865
3865
3866
3866
3867
3867
3868
3868
3869
3869
3870
3870
3871
3871
3872
3872
3873
3874
3875
3875
3876
3876
3877
3877
3878
3878
3879
3879
3880
3880
3881
3881
3882
3882
3883
3884
3885
3885
3886
3886
3887
3887
3888
3888
3889
3889
3890
3890
3891
3891
3892
3893
3894
3894
3895
3895
3896
3896
3897
3897
3898
3898
3899
3899
3900
3901
3902
3902
3903
3903
3904
3904
3905
3905
3906
3906
3907
3908
3909
3909
3910
3910
3911
3911
3912
3912
3913
3914
3915
3915
3916
3916
3917
3917
3918
3919
3920
3920
3921
3921
3922
3923
3924
3924
3925
3926
3927
2738
2787
2835
2882
2928
2973
3017
3060
3102
3143
3183
3222
3260
3297
3333
3332
3367
3400
3432
3463
3493
3522
3550
3577
3603
3628
3652
3675
3697
3718
3738
3757
3775
3792
3808
3823
3837
3850
3862
3873
3883
3892
3900
3907
3913
3918
3922
3925
3927
3928
77
90
104
119
135
152
170
189
209
230
0
2
5
9
14
20
27
35
44
54
65
2139
2189
2239
2289
2339
2389
2439
2489
2539
2589
2639
2689
2739
2788
2836
2883
2929
2974
3018
3061
3103
3144
3184
3223
3261
3298
3334
3368
3401
3433
3464
3494
3523
3551
3578
3604
3629
3653
3676
3698
3719
3739
3758
3776
3793
3809
3824
3838
3851
3863
3874
3884
3893
3901
3908
3914
3919
3923
3926
3928
1589
1639
1689
1739
1789
1839
1889
1939
1989
2039
2089
0
1
3
6
10
15
21
28
36
45
55
66
78
91
105
120
136
2
4
7
11
16
22
29
37
46
56
67
79
92
106
121
137
153
5
8
12
17
23
30
38
47
57
68
80
93
107
122
138
155
171
9
13
18
24
31
39
48
58
69
81
94
108
123
139
156
174
190
14
19
25
32
40
49
59
70
82
95
109
124
140
157
175
194
210
20
26
33
41
50
60
71
83
96
110
125
141
158
176
195
215
231
27
34
42
51
61
72
84
97
111
126
142
159
177
196
216
237
252
35
43
52
62
73
85
98
112
127
143
160
178
197
217
238
259
273
44
53
63
74
86
99
113
128
144
161
179
198
218
239
260
281
294
54
64
75
87
100
114
129
145
162
180
199
219
240
261
282
303
316
65
76
88
101
115
130
146
163
181
200
220
241
262
283
304
326
338
77
89
102
116
131
147
164
182
201
221
242
263
284
305
327
349
361
90
103
117
132
148
165
183
202
222
243
264
285
306
328
350
373
385
104
118
133
149
166
184
203
223
244
265
286
307
329
351
374
398
410
119
134
150
167
185
204
224
245
266
287
308
330
352
375
399
424
436
135
151
168
186
205
225
246
267
288
309
331
353
376
400
425
451
463
152
169
187
206
226
247
268
289
310
332
354
377
401
426
452
479
491
170
188
207
227
248
269
290
311
333
355
378
402
427
453
480
508
520
189
208
228
249
270
291
312
334
356
379
403
428
454
481
509
538
550
209
229
250
271
292
313
335
357
380
404
429
455
482
510
539
569
581
230
251
272
293
314
336
358
381
405
430
456
483
511
540
570
601
613
315
337
360
384
409
435
462
490
519
549
580
612
359
383
408
434
461
489
518
548
579
611
644
382
407
433
460
488
517
547
578
610
643
677
406
432
459
487
516
546
577
609
642
676
711
431
458
486
515
545
576
608
641
675
710
746
457
485
514
544
575
607
640
674
709
745
782
484
513
543
574
606
639
673
708
744
781
819
512
542
573
605
638
672
707
743
780
818
857
541
572
604
637
671
706
742
779
817
856
896
571
603
636
670
705
741
778
816
855
895
936
602
635
669
704
740
777
815
854
894
935
976
634
668
703
739
776
814
853
893
934
975
1016
667
702
738
775
813
852
892
933
974
1015
1056
701
737
774
812
851
891
932
973
1014
1055
1097
736
773
811
850
890
931
972
1013
1054
1096
1139
772
810
849
889
930
971
1012
1053
1095
1138
1182
809
848
888
929
970
1011
1052
1094
1137
1181
1226
847
887
928
969
1010
1051
1093
1136
1180
1225
1271
886
927
968
1009
1050
1092
1135
1179
1224
1270
1317
926
967
1008
1049
1091
1134
1178
1223
1269
1316
1363
966
1007
1048
1090
1133
1177
1222
1268
1315
1362
1409
1006
1047
1089
1132
1176
1221
1267
1314
1361
1408
1455
1046
1088
1131
1175
1220
1266
1313
1360
1407
1454
1502
1087
1130
1174
1219
1265
1312
1359
1406
1453
1501
1550
1129
1173
1218
1264
1311
1358
1405
1452
1500
1549
1599
1172
1217
1263
1310
1357
1404
1451
1499
1548
1598
1648
1216
1262
1309
1356
1403
1450
1498
1547
1597
1647
1697
1261
1308
1355
1402
1449
1497
1546
1596
1646
1696
1746
1307
1354
1401
1448
1496
1545
1595
1645
1695
1745
1795
1353
1400
1447
1495
1544
1594
1644
1694
1744
1794
1844
1399
1446
1494
1543
1593
1643
1693
1743
1793
1843
1893
1445
1493
1542
1592
1642
1692
1742
1792
1842
1892
1942
1492
1541
1591
1641
1691
1741
1791
1841
1891
1941
1991
1540
1590
1640
1690
1740
1790
1840
1890
1940
1990
2040
1589
1639
1689
1739
1789
1839
1889
1939
1989
2039
2089
645
679
714
750
787
825
864
904
945
986
1027
1068
1110
1153
1197
1242
1288
1335
1382
1429
1476
1524
1573
1623
1673
1723
1773
1823
1873
1923
1973
2023
2073
2123
2173
2223
2273
2323
2373
2423
2473
2523
2573
2623
2673
2723
2773
2822
2870
2917
2963
3008
3052
3095
3137
3178
3218
3257
3295
3332
678
713
749
786
824
863
903
944
985
1026
1067
1109
1152
1196
1241
1287
1334
1381
1428
1475
1523
1572
1622
1672
1722
1772
1822
1872
1922
1972
2022
2072
2122
2172
2222
2272
2322
2372
2422
2472
2522
2572
2622
2672
2722
2772
2821
2869
2916
2962
3007
3051
3094
3136
3177
3217
3256
3294
3331
3367
712
748
785
823
862
902
943
984
1025
1066
1108
1151
1195
1240
1286
1333
1380
1427
1474
1522
1571
1621
1671
1721
1771
1821
1871
1921
1971
2021
2071
2121
2171
2221
2271
2321
2371
2421
2471
2521
2571
2621
2671
2721
2771
2820
2868
2915
2961
3006
3050
3093
3135
3176
3216
3255
3293
3330
3366
3400
747
784
822
861
901
942
983
1024
1065
1107
1150
1194
1239
1285
1332
1379
1426
1473
1521
1570
1620
1670
1720
1770
1820
1870
1920
1970
2020
2070
2120
2170
2220
2270
2320
2370
2420
2470
2520
2570
2620
2670
2720
2770
2819
2867
2914
2960
3005
3049
3092
3134
3175
3215
3254
3292
3329
3365
3399
3432
783
821
860
900
941
982
1023
1064
1106
1149
1193
1238
1284
1331
1378
1425
1472
1520
1569
1619
1669
1719
1769
1819
1869
1919
1969
2019
2069
2119
2169
2219
2269
2319
2369
2419
2469
2519
2569
2619
2669
2719
2769
2818
2866
2913
2959
3004
3048
3091
3133
3174
3214
3253
3291
3328
3364
3398
3431
3463
820
859
899
940
981
1022
1063
1105
1148
1192
1237
1283
1330
1377
1424
1471
1519
1568
1618
1668
1718
1768
1818
1868
1918
1968
2018
2068
2118
2168
2218
2268
2318
2368
2418
2468
2518
2568
2618
2668
2718
2768
2817
2865
2912
2958
3003
3047
3090
3132
3173
3213
3252
3290
3327
3363
3397
3430
3462
3493
858
898
939
980
1021
1062
1104
1147
1191
1236
1282
1329
1376
1423
1470
1518
1567
1617
1667
1717
1767
1817
1867
1917
1967
2017
2067
2117
2167
2217
2267
2317
2367
2417
2467
2517
2567
2617
2667
2717
2767
2816
2864
2911
2957
3002
3046
3089
3131
3172
3212
3251
3289
3326
3362
3396
3429
3461
3492
3522
897
938
979
1020
1061
1103
1146
1190
1235
1281
1328
1375
1422
1469
1517
1566
1616
1666
1716
1766
1816
1866
1916
1966
2016
2066
2116
2166
2216
2266
2316
2366
2416
2466
2516
2566
2616
2666
2716
2766
2815
2863
2910
2956
3001
3045
3088
3130
3171
3211
3250
3288
3325
3361
3395
3428
3460
3491
3521
3550
937
978
1019
1060
1102
1145
1189
1234
1280
1327
1374
1421
1468
1516
1565
1615
1665
1715
1765
1815
1865
1915
1965
2015
2065
2115
2165
2215
2265
2315
2365
2415
2465
2515
2565
2615
2665
2715
2765
2814
2862
2909
2955
3000
3044
3087
3129
3170
3210
3249
3287
3324
3360
3394
3427
3459
3490
3520
3549
3577
977
1018
1059
1101
1144
1188
1233
1279
1326
1373
1420
1467
1515
1564
1614
1664
1714
1764
1814
1864
1914
1964
2014
2064
2114
2164
2214
2264
2314
2364
2414
2464
2514
2564
2614
2664
2714
2764
2813
2861
2908
2954
2999
3043
3086
3128
3169
3209
3248
3286
3323
3359
3393
3426
3458
3489
3519
3548
3576
3603
1017
1058
1100
1143
1187
1232
1278
1325
1372
1419
1466
1514
1563
1613
1663
1713
1763
1813
1863
1913
1963
2013
2063
2113
2163
2213
2263
2313
2363
2413
2463
2513
2563
2613
2663
2713
2763
2812
2860
2907
2953
2998
3042
3085
3127
3168
3208
3247
3285
3322
3358
3392
3425
3457
3488
3518
3547
3575
3602
3628
1057
1099
1142
1186
1231
1277
1324
1371
1418
1465
1513
1562
1612
1662
1712
1762
1812
1862
1912
1962
2012
2062
2112
2162
2212
2262
2312
2362
2412
2462
2512
2562
2612
2662
2712
2762
2811
2859
2906
2952
2997
3041
3084
3126
3167
3207
3246
3284
3321
3357
3391
3424
3456
3487
3517
3546
3574
3601
3627
3652
1098
1141
1185
1230
1276
1323
1370
1417
1464
1512
1561
1611
1661
1711
1761
1811
1861
1911
1961
2011
2061
2111
2161
2211
2261
2311
2361
2411
2461
2511
2561
2611
2661
2711
2761
2810
2858
2905
2951
2996
3040
3083
3125
3166
3206
3245
3283
3320
3356
3390
3423
3455
3486
3516
3545
3573
3600
3626
3651
3675
1140
1184
1229
1275
1322
1369
1416
1463
1511
1560
1610
1660
1710
1760
1810
1860
1910
1960
2010
2060
2110
2160
2210
2260
2310
2360
2410
2460
2510
2560
2610
2660
2710
2760
2809
2857
2904
2950
2995
3039
3082
3124
3165
3205
3244
3282
3319
3355
3389
3422
3454
3485
3515
3544
3572
3599
3625
3650
3674
3697
1183
1228
1274
1321
1368
1415
1462
1510
1559
1609
1659
1709
1759
1809
1859
1909
1959
2009
2059
2109
2159
2209
2259
2309
2359
2409
2459
2509
2559
2609
2659
2709
2759
2808
2856
2903
2949
2994
3038
3081
3123
3164
3204
3243
3281
3318
3354
3388
3421
3453
3484
3514
3543
3571
3598
3624
3649
3673
3696
3718
1227
1273
1320
1367
1414
1461
1509
1558
1608
1658
1708
1758
1808
1858
1908
1958
2008
2058
2108
2158
2208
2258
2308
2358
2408
2458
2508
2558
2608
2658
2708
2758
2807
2855
2902
2948
2993
3037
3080
3122
3163
3203
3242
3280
3317
3353
3387
3420
3452
3483
3513
3542
3570
3597
3623
3648
3672
3695
3717
3738
1272
1319
1366
1413
1460
1508
1557
1607
1657
1707
1757
1807
1857
1907
1957
2007
2057
2107
2157
2207
2257
2307
2357
2407
2457
2507
2557
2607
2657
2707
2757
2806
2854
2901
2947
2992
3036
3079
3121
3162
3202
3241
3279
3316
3352
3386
3419
3451
3482
3512
3541
3569
3596
3622
3647
3671
3694
3716
3737
3757
1318
1365
1412
1459
1507
1556
1606
1656
1706
1756
1806
1856
1906
1956
2006
2056
2106
2156
2206
2256
2306
2356
2406
2456
2506
2556
2606
2656
2706
2756
2805
2853
2900
2946
2991
3035
3078
3120
3161
3201
3240
3278
3315
3351
3385
3418
3450
3481
3511
3540
3568
3595
3621
3646
3670
3693
3715
3736
3756
3775
1364
1411
1458
1506
1555
1605
1655
1705
1755
1805
1855
1905
1955
2005
2055
2105
2155
2205
2255
2305
2355
2405
2455
2505
2555
2605
2655
2705
2755
2804
2852
2899
2945
2990
3034
3077
3119
3160
3200
3239
3277
3314
3350
3384
3417
3449
3480
3510
3539
3567
3594
3620
3645
3669
3692
3714
3735
3755
3774
3792
1410
1457
1505
1554
1604
1654
1704
1754
1804
1854
1904
1954
2004
2054
2104
2154
2204
2254
2304
2354
2404
2454
2504
2554
2604
2654
2704
2754
2803
2851
2898
2944
2989
3033
3076
3118
3159
3199
3238
3276
3313
3349
3383
3416
3448
3479
3509
3538
3566
3593
3619
3644
3668
3691
3713
3734
3754
3773
3791
3808
1456
1504
1553
1603
1653
1703
1753
1803
1853
1903
1953
2003
2053
2103
2153
2203
2253
2303
2353
2403
2453
2503
2553
2603
2653
2703
2753
2802
2850
2897
2943
2988
3032
3075
3117
3158
3198
3237
3275
3312
3348
3382
3415
3447
3478
3508
3537
3565
3592
3618
3643
3667
3690
3712
3733
3753
3772
3790
3807
3823
1503
1552
1602
1652
1702
1752
1802
1852
1902
1952
2002
2052
2102
2152
2202
2252
2302
2352
2402
2452
2502
2552
2602
2652
2702
2752
2801
2849
2896
2942
2987
3031
3074
3116
3157
3197
3236
3274
3311
3347
3381
3414
3446
3477
3507
3536
3564
3591
3617
3642
3666
3689
3711
3732
3752
3771
3789
3806
3822
3837
1551
1601
1651
1701
1751
1801
1851
1901
1951
2001
2051
2101
2151
2201
2251
2301
2351
2401
2451
2501
2551
2601
2651
2701
2751
2800
2848
2895
2941
2986
3030
3073
3115
3156
3196
3235
3273
3310
3346
3380
3413
3445
3476
3506
3535
3563
3590
3616
3641
3665
3688
3710
3731
3751
3770
3788
3805
3821
3836
3850
1600
1650
1700
1750
1800
1850
1900
1950
2000
2050
2100
2150
2200
2250
2300
2350
2400
2450
2500
2550
2600
2650
2700
2750
2799
2847
2894
2940
2985
3029
3072
3114
3155
3195
3234
3272
3309
3345
3379
3412
3444
3475
3505
3534
3562
3589
3615
3640
3664
3687
3709
3730
3750
3769
3787
3804
3820
3835
3849
3862
1649
1699
1749
1799
1849
1899
1949
1999
2049
2099
2149
2199
2249
2299
2349
2399
2449
2499
2549
2599
2649
2699
2749
2798
2846
2893
2939
2984
3028
3071
3113
3154
3194
3233
3271
3308
3344
3378
3411
3443
3474
3504
3533
3561
3588
3614
3639
3663
3686
3708
3729
3749
3768
3786
3803
3819
3834
3848
3861
3873
1698
1748
1798
1848
1898
1948
1998
2048
2098
2148
2198
2248
2298
2348
2398
2448
2498
2548
2598
2648
2698
2748
2797
2845
2892
2938
2983
3027
3070
3112
3153
3193
3232
3270
3307
3343
3377
3410
3442
3473
3503
3532
3560
3587
3613
3638
3662
3685
3707
3728
3748
3767
3785
3802
3818
3833
3847
3860
3872
3883
1747
1797
1847
1897
1947
1997
2047
2097
2147
2197
2247
2297
2347
2397
2447
2497
2547
2597
2647
2697
2747
2796
2844
2891
2937
2982
3026
3069
3111
3152
3192
3231
3269
3306
3342
3376
3409
3441
3472
3502
3531
3559
3586
3612
3637
3661
3684
3706
3727
3747
3766
3784
3801
3817
3832
3846
3859
3871
3882
3892
1796
1846
1896
1946
1996
2046
2096
2146
2196
2246
2296
2346
2396
2446
2496
2546
2596
2646
2696
2746
2795
2843
2890
2936
2981
3025
3068
3110
3151
3191
3230
3268
3305
3341
3375
3408
3440
3471
3501
3530
3558
3585
3611
3636
3660
3683
3705
3726
3746
3765
3783
3800
3816
3831
3845
3858
3870
3881
3891
3900
1845
1895
1945
1995
2045
2095
2145
2195
2245
2295
2345
2395
2445
2495
2545
2595
2645
2695
2745
2794
2842
2889
2935
2980
3024
3067
3109
3150
3190
3229
3267
3304
3340
3374
3407
3439
3470
3500
3529
3557
3584
3610
3635
3659
3682
3704
3725
3745
3764
3782
3799
3815
3830
3844
3857
3869
3880
3890
3899
3907
1894
1944
1994
2044
2094
2144
2194
2244
2294
2344
2394
2444
2494
2544
2594
2644
2694
2744
2793
2841
2888
2934
2979
3023
3066
3108
3149
3189
3228
3266
3303
3339
3373
3406
3438
3469
3499
3528
3556
3583
3609
3634
3658
3681
3703
3724
3744
3763
3781
3798
3814
3829
3843
3856
3868
3879
3889
3898
3906
3913
1943
1993
2043
2093
2143
2193
2243
2293
2343
2393
2443
2493
2543
2593
2643
2693
2743
2792
2840
2887
2933
2978
3022
3065
3107
3148
3188
3227
3265
3302
3338
3372
3405
3437
3468
3498
3527
3555
3582
3608
3633
3657
3680
3702
3723
3743
3762
3780
3797
3813
3828
3842
3855
3867
3878
3888
3897
3905
3912
3918
1992
2042
2092
2142
2192
2242
2292
2342
2392
2442
2492
2542
2592
2642
2692
2742
2791
2839
2886
2932
2977
3021
3064
3106
3147
3187
3226
3264
3301
3337
3371
3404
3436
3467
3497
3526
3554
3581
3607
3632
3656
3679
3701
3722
3742
3761
3779
3796
3812
3827
3841
3854
3866
3877
3887
3896
3904
3911
3917
3922
2041
2091
2141
2191
2241
2291
2341
2391
2441
2491
2541
2591
2641
2691
2741
2790
2838
2885
2931
2976
3020
3063
3105
3146
3186
3225
3263
3300
3336
3370
3403
3435
3466
3496
3525
3553
3580
3606
3631
3655
3678
3700
3721
3741
3760
3778
3795
3811
3826
3840
3853
3865
3876
3886
3895
3903
3910
3916
3921
3925
2090
2140
2190
2240
2290
2340
2390
2440
2490
2540
2590
2640
2690
2740
2789
2837
2884
2930
2975
3019
3062
3104
3145
3185
3224
3262
3299
3335
3369
3402
3434
3465
3495
3524
3552
3579
3605
3630
3654
3677
3699
3720
3740
3759
3777
3794
3810
3825
3839
3852
3864
3875
3885
3894
3902
3909
3915
3920
3924
3927
2139
2189
2239
2289
2339
2389
2439
2489
2539
2589
2639
2689
2739
2788
2836
2883
2929
2974
3018
3061
3103
3144
3184
3223
3261
3298
3334
3368
3401
3433
3464
3494
3523
3551
3578
3604
3629
3653
3676
3698
3719
3739
3758
3776
3793
3809
3824
3838
3851
3863
3874
3884
3893
3901
3908
3914
3919
3923
3926
3928
386
412
439
467
496
526
557
589
622
655
689
724
760
797
835
874
914
955
996
1037
1078
1120
1163
1207
1252
1298
1345
1392
1439
1486
1534
1583
1633
1683
1733
1783
1833
1883
1933
1983
2033
2083
2133
2183
2233
2283
2333
2383
2433
2483
2533
2583
2633
2683
2733
2783
2832
2880
2927
2973
411
438
466
495
525
556
588
621
654
688
723
759
796
834
873
913
954
995
1036
1077
1119
1162
1206
1251
1297
1344
1391
1438
1485
1533
1582
1632
1682
1732
1782
1832
1882
1932
1982
2032
2082
2132
2182
2232
2282
2332
2382
2432
2482
2532
2582
2632
2682
2732
2782
2831
2879
2926
2972
3017
437
465
494
524
555
587
620
653
687
722
758
795
833
872
912
953
994
1035
1076
1118
1161
1205
1250
1296
1343
1390
1437
1484
1532
1581
1631
1681
1731
1781
1831
1881
1931
1981
2031
2081
2131
2181
2231
2281
2331
2381
2431
2481
2531
2581
2631
2681
2731
2781
2830
2878
2925
2971
3016
3060
464
493
523
554
586
619
652
686
721
757
794
832
871
911
952
993
1034
1075
1117
1160
1204
1249
1295
1342
1389
1436
1483
1531
1580
1630
1680
1730
1780
1830
1880
1930
1980
2030
2080
2130
2180
2230
2280
2330
2380
2430
2480
2530
2580
2630
2680
2730
2780
2829
2877
2924
2970
3015
3059
3102
492
522
553
585
618
651
685
720
756
793
831
870
910
951
992
1033
1074
1116
1159
1203
1248
1294
1341
1388
1435
1482
1530
1579
1629
1679
1729
1779
1829
1879
1929
1979
2029
2079
2129
2179
2229
2279
2329
2379
2429
2479
2529
2579
2629
2679
2729
2779
2828
2876
2923
2969
3014
3058
3101
3143
521
552
584
617
650
684
719
755
792
830
869
909
950
991
1032
1073
1115
1158
1202
1247
1293
1340
1387
1434
1481
1529
1578
1628
1678
1728
1778
1828
1878
1928
1978
2028
2078
2128
2178
2228
2278
2328
2378
2428
2478
2528
2578
2628
2678
2728
2778
2827
2875
2922
2968
3013
3057
3100
3142
3183
551
583
616
649
683
718
754
791
829
868
908
949
990
1031
1072
1114
1157
1201
1246
1292
1339
1386
1433
1480
1528
1577
1627
1677
1727
1777
1827
1877
1927
1977
2027
2077
2127
2177
2227
2277
2327
2377
2427
2477
2527
2577
2627
2677
2727
2777
2826
2874
2921
2967
3012
3056
3099
3141
3182
3222
582
615
648
682
717
753
790
828
867
907
948
989
1030
1071
1113
1156
1200
1245
1291
1338
1385
1432
1479
1527
1576
1626
1676
1726
1776
1826
1876
1926
1976
2026
2076
2126
2176
2226
2276
2326
2376
2426
2476
2526
2576
2626
2676
2726
2776
2825
2873
2920
2966
3011
3055
3098
3140
3181
3221
3260
614
647
681
716
752
789
827
866
906
947
988
1029
1070
1112
1155
1199
1244
1290
1337
1384
1431
1478
1526
1575
1625
1675
1725
1775
1825
1875
1925
1975
2025
2075
2125
2175
2225
2275
2325
2375
2425
2475
2525
2575
2625
2675
2725
2775
2824
2872
2919
2965
3010
3054
3097
3139
3180
3220
3259
3297
646
680
715
751
788
826
865
905
946
987
1028
1069
1111
1154
1198
1243
1289
1336
1383
1430
1477
1525
1574
1624
1674
1724
1774
1824
1874
1924
1974
2024
2074
2124
2174
2224
2274
2324
2374
2424
2474
2524
2574
2624
2674
2724
2774
2823
2871
2918
2964
3009
3053
3096
3138
3179
3219
3258
3296
3333
154
173
193
214
236
258
280
302
325
348
372
397
423
450
478
507
537
568
600
633
666
700
735
771
808
846
885
925
172
192
213
235
257
279
301
324
347
371
396
422
449
477
506
536
567
599
632
665
699
734
770
807
845
884
924
965
191
212
234
256
278
300
323
346
370
395
421
448
476
505
535
566
598
631
664
698
733
769
806
844
883
923
964
1005
211
233
255
277
299
322
345
369
394
420
447
475
504
534
565
597
630
663
697
732
768
805
843
882
922
963
1004
1045
1086
1128
1171
1215
1260
1306
232
254
276
298
321
344
368
393
419
446
474
503
533
564
596
629
662
696
731
767
804
842
881
921
962
1003
1044
1085
1127
1170
1214
1259
1305
1352
253
275
297
320
343
367
392
418
445
473
502
532
563
595
628
661
695
730
766
803
841
880
920
961
1002
1043
1084
1126
1169
1213
1258
1304
1351
1398
274
296
319
342
366
391
417
444
472
501
531
562
594
627
660
694
729
765
802
840
879
919
960
1001
1042
1083
1125
1168
1212
1257
1303
1350
1397
1444
1491
1539
1588
1638
1688
1738
1788
1838
1888
1938
1988
2038
2088
2138
2188
2238
2288
2338
2388
2438
2488
2538
2588
2638
2688
2738
295
318
341
365
390
416
443
471
500
530
561
593
626
659
693
728
764
801
839
878
918
959
1000
1041
1082
1124
1167
1211
1256
1302
1349
1396
1443
1490
1538
1587
1637
1687
1737
1787
1837
1887
1937
1987
2037
2087
2137
2187
2237
2287
2337
2387
2437
2487
2537
2587
2637
2687
2737
2787
317
340
364
389
415
442
470
499
529
560
592
625
658
692
727
763
800
838
877
917
958
999
1040
1081
1123
1166
1210
1255
1301
1348
1395
1442
1489
1537
1586
1636
1686
1736
1786
1836
1886
1936
1986
2036
2086
2136
2186
2236
2286
2336
2386
2436
2486
2536
2586
2636
2686
2736
2786
2835
339
363
388
414
441
469
498
528
559
591
624
657
691
726
762
799
837
876
916
957
998
1039
1080
1122
1165
1209
1254
1300
1347
1394
1441
1488
1536
1585
1635
1685
1735
1785
1835
1885
1935
1985
2035
2085
2135
2185
2235
2285
2335
2385
2435
2485
2535
2585
2635
2685
2735
2785
2834
2882
362
387
413
440
468
497
527
558
590
623
656
690
725
761
798
836
875
915
956
997
1038
1079
1121
1164
1208
1253
1299
1346
1393
1440
1487
1535
1584
1634
1684
1734
1784
1834
1884
1934
1984
2034
2084
2134
2184
2234
2284
2334
2384
2434
2484
2534
2584
2634
2684
2734
2784
2833
2881
2928
315
337
360
384
409
435
462
490
519
549
580
612
359
383
408
434
461
489
518
548
579
611
644
382
407
433
460
488
517
547
578
610
643
677
406
432
459
487
516
546
577
609
642
676
711
431
458
486
515
545
576
608
641
675
710
746
457
485
514
544
575
607
640
674
709
745
782
484
513
543
574
606
639
673
708
744
781
819
512
542
573
605
638
672
707
743
780
818
857
541
572
604
637
671
706
742
779
817
856
896
571
603
636
670
705
741
778
816
855
895
936
602
635
669
704
740
777
815
854
894
935
976
634
668
703
739
776
814
853
893
934
975
1016
667
702
738
775
813
852
892
933
974
1015
1056
701
737
774
812
851
891
932
973
1014
1055
1097
736
773
811
850
890
931
972
1013
1054
1096
1139
772
810
849
889
930
971
1012
1053
1095
1138
1182
809
848
888
929
970
1011
1052
1094
1137
1181
1226
847
887
928
969
1010
1051
1093
1136
1180
1225
1271
886
927
968
1009
1050
1092
1135
1179
1224
1270
1317
926
967
1008
1049
1091
1134
1178
1223
1269
1316
1363
966
1007
1048
1090
1133
1177
1222
1268
1315
1362
1409
1006
1047
1089
1132
1176
1221
1267
1314
1361
1408
1455
1046
1088
1131
1175
1220
1266
1313
1360
1407
1454
1502
1087
1130
1174
1219
1265
1312
1359
1406
1453
1501
1550
1129
1173
1218
1264
1311
1358
1405
1452
1500
1549
1599
1172
1217
1263
1310
1357
1404
1451
1499
1548
1598
1648
1216
1262
1309
1356
1403
1450
1498
1547
1597
1647
1697
1261
1308
1355
1402
1449
1497
1546
1596
1646
1696
1746
1307
1354
1401
1448
1496
1545
1595
1645
1695
1745
1795
1353
1400
1447
1495
1544
1594
1644
1694
1744
1794
1844
1399
1446
1494
1543
1593
1643
1693
1743
1793
1843
1893
1445
1493
1542
1592
1642
1692
1742
1792
1842
1892
1942
1492
1541
1591
1641
1691
1741
1791
1841
1891
1941
1991
1540
1590
1640
1690
1740
1790
1840
1890
1940
1990
2040
1589
1639
1689
1739
1789
1839
1889
1939
1989
2039
2089
77
89
102
116
131
147
164
182
201
221
242
263
284
305
327
349
361
90
103
117
132
148
165
183
202
222
243
264
285
306
328
350
373
385
104
118
133
149
166
184
203
223
244
265
286
307
329
351
374
398
410
119
134
150
167
185
204
224
245
266
287
308
330
352
375
399
424
436
135
151
168
186
205
225
246
267
288
309
331
353
376
400
425
451
463
152
169
187
206
226
247
268
289
310
332
354
377
401
426
452
479
491
170
188
207
227
248
269
290
311
333
355
378
402
427
453
480
508
520
189
208
228
249
270
291
312
334
356
379
403
428
454
481
509
538
550
209
229
250
271
292
313
335
357
380
404
429
455
482
510
539
569
581
230
251
272
293
314
336
358
381
405
430
456
483
511
540
570
601
613
0
1
3
6
10
15
21
28
36
45
55
66
78
91
105
120
136
2
4
7
11
16
22
29
37
46
56
67
79
92
106
121
137
153
5
8
12
17
23
30
38
47
57
68
80
93
107
122
138
155
171
9
13
18
24
31
39
48
58
69
81
94
108
123
139
156
174
190
14
19
25
32
40
49
59
70
82
95
109
124
140
157
175
194
210
20
26
33
41
50
60
71
83
96
110
125
141
158
176
195
215
231
27
34
42
51
61
72
84
97
111
126
142
159
177
196
216
237
252
35
43
52
62
73
85
98
112
127
143
160
178
197
217
238
259
273
44
53
63
74
86
99
113
128
144
161
179
198
218
239
260
281
294
54
64
75
87
100
114
129
145
162
180
199
219
240
261
282
303
316
65
76
88
101
115
130
146
163
181
200
220
241
262
283
304
326
338
645
679
714
750
787
825
864
904
945
986
1027
1068
1110
1153
1197
1242
1288
1335
1382
1429
1476
1524
1573
1623
1673
1723
1773
1823
1873
1923
1973
2023
2073
2123
2173
2223
2273
2323
2373
2423
2473
2523
2573
2623
2673
2723
2773
2822
2870
2917
2963
3008
3052
3095
3137
3178
3218
3257
3295
3332
678
713
749
786
824
863
903
944
985
1026
1067
1109
1152
1196
1241
1287
1334
1381
1428
1475
1523
1572
1622
1672
1722
1772
1822
1872
1922
1972
2022
2072
2122
2172
2222
2272
2322
2372
2422
2472
2522
2572
2622
2672
2722
2772
2821
2869
2916
2962
3007
3051
3094
3136
3177
3217
3256
3294
3331
3367
712
748
785
823
862
902
943
984
1025
1066
1108
1151
1195
1240
1286
1333
1380
1427
1474
1522
1571
1621
1671
1721
1771
1821
1871
1921
1971
2021
2071
2121
2171
2221
2271
2321
2371
2421
2471
2521
2571
2621
2671
2721
2771
2820
2868
2915
2961
3006
3050
3093
3135
3176
3216
3255
3293
3330
3366
3400
747
784
822
861
901
942
983
1024
1065
1107
1150
1194
1239
1285
1332
1379
1426
1473
1521
1570
1620
1670
1720
1770
1820
1870
1920
1970
2020
2070
2120
2170
2220
2270
2320
2370
2420
2470
2520
2570
2620
2670
2720
2770
2819
2867
2914
2960
3005
3049
3092
3134
3175
3215
3254
3292
3329
3365
3399
3432
783
821
860
900
941
982
1023
1064
1106
1149
1193
1238
1284
1331
1378
1425
1472
1520
1569
1619
1669
1719
1769
1819
1869
1919
1969
2019
2069
2119
2169
2219
2269
2319
2369
2419
2469
2519
2569
2619
2669
2719
2769
2818
2866
2913
2959
3004
3048
3091
3133
3174
3214
3253
3291
3328
3364
3398
3431
3463
820
859
899
940
981
1022
1063
1105
1148
1192
1237
1283
1330
1377
1424
1471
1519
1568
1618
1668
1718
1768
1818
1868
1918
1968
2018
2068
2118
2168
2218
2268
2318
2368
2418
2468
2518
2568
2618
2668
2718
2768
2817
2865
2912
2958
3003
3047
3090
3132
3173
3213
3252
3290
3327
3363
3397
3430
3462
3493
858
898
939
980
1021
1062
1104
1147
1191
1236
1282
1329
1376
1423
1470
1518
1567
1617
1667
1717
1767
1817
1867
1917
1967
2017
2067
2117
2167
2217
2267
2317
2367
2417
2467
2517
2567
2617
2667
2717
2767
2816
2864
2911
2957
3002
3046
3089
3131
3172
3212
3251
3289
3326
3362
3396
3429
3461
3492
3522
897
938
979
1020
1061
1103
1146
1190
1235
1281
1328
1375
1422
1469
1517
1566
1616
1666
1716
1766
1816
1866
1916
1966
2016
2066
2116
2166
2216
2266
2316
2366
2416
2466
2516
2566
2616
2666
2716
2766
2815
2863
2910
2956
3001
3045
3088
3130
3171
3211
3250
3288
3325
3361
3395
3428
3460
3491
3521
3550
937
978
1019
1060
1102
1145
1189
1234
1280
1327
1374
1421
1468
1516
1565
1615
1665
1715
1765
1815
1865
1915
1965
2015
2065
2115
2165
2215
2265
2315
2365
2415
2465
2515
2565
2615
2665
2715
2765
2814
2862
2909
2955
3000
3044
3087
3129
3170
3210
3249
3287
3324
3360
3394
3427
3459
3490
3520
3549
3577
977
1018
1059
1101
1144
1188
1233
1279
1326
1373
1420
1467
1515
1564
1614
1664
1714
1764
1814
1864
1914
1964
2014
2064
2114
2164
2214
2264
2314
2364
2414
2464
2514
2564
2614
2664
2714
2764
2813
2861
2908
2954
2999
3043
3086
3128
3169
3209
3248
3286
3323
3359
3393
3426
3458
3489
3519
3548
3576
3603
1017
1058
1100
1143
1187
1232
1278
1325
1372
1419
1466
1514
1563
1613
1663
1713
1763
1813
1863
1913
1963
2013
2063
2113
2163
2213
2263
2313
2363
2413
2463
2513
2563
2613
2663
2713
2763
2812
2860
2907
2953
2998
3042
3085
3127
3168
3208
3247
3285
3322
3358
3392
3425
3457
3488
3518
3547
3575
3602
3628
1057
1099
1142
1186
1231
1277
1324
1371
1418
1465
1513
1562
1612
1662
1712
1762
1812
1862
1912
1962
2012
2062
2112
2162
2212
2262
2312
2362
2412
2462
2512
2562
2612
2662
2712
2762
2811
2859
2906
2952
2997
3041
3084
3126
3167
3207
3246
3284
3321
3357
3391
3424
3456
3487
3517
3546
3574
3601
3627
3652
1098
1141
1185
1230
1276
1323
1370
1417
1464
1512
1561
1611
1661
1711
1761
1811
1861
1911
1961
2011
2061
2111
2161
2211
2261
2311
2361
2411
2461
2511
2561
2611
2661
2711
2761
2810
2858
2905
2951
2996
3040
3083
3125
3166
3206
3245
3283
3320
3356
3390
3423
3455
3486
3516
3545
3573
3600
3626
3651
3675
1140
1184
1229
1275
1322
1369
1416
1463
1511
1560
1610
1660
1710
1760
1810
1860
1910
1960
2010
2060
2110
2160
2210
2260
2310
2360
2410
2460
2510
2560
2610
2660
2710
2760
2809
2857
2904
2950
2995
3039
3082
3124
3165
3205
3244
3282
3319
3355
3389
3422
3454
3485
3515
3544
3572
3599
3625
3650
3674
3697
1183
1228
1274
1321
1368
1415
1462
1510
1559
1609
1659
1709
1759
1809
1859
1909
1959
2009
2059
2109
2159
2209
2259
2309
2359
2409
2459
2509
2559
2609
2659
2709
2759
2808
2856
2903
2949
2994
3038
3081
3123
3164
3204
3243
3281
3318
3354
3388
3421
3453
3484
3514
3543
3571
3598
3624
3649
3673
3696
3718
1227
1273
1320
1367
1414
1461
1509
1558
1608
1658
1708
1758
1808
1858
1908
1958
2008
2058
2108
2158
2208
2258
2308
2358
2408
2458
2508
2558
2608
2658
2708
2758
2807
2855
2902
2948
2993
3037
3080
3122
3163
3203
3242
3280
3317
3353
3387
3420
3452
3483
3513
3542
3570
3597
3623
3648
3672
3695
3717
3738
1272
1319
1366
1413
1460
1508
1557
1607
1657
1707
1757
1807
1857
1907
1957
2007
2057
2107
2157
2207
2257
2307
2357
2407
2457
2507
2557
2607
2657
2707
2757
2806
2854
2901
2947
2992
3036
3079
3121
3162
3202
3241
3279
3316
3352
3386
3419
3451
3482
3512
3541
3569
3596
3622
3647
3671
3694
3716
3737
3757
1318
1365
1412
1459
1507
1556
1606
1656
1706
1756
1806
1856
1906
1956
2006
2056
2106
2156
2206
2256
2306
2356
2406
2456
2506
2556
2606
2656
2706
2756
2805
2853
2900
2946
2991
3035
3078
3120
3161
3201
3240
3278
3315
3351
3385
3418
3450
3481
3511
3540
3568
3595
3621
3646
3670
3693
3715
3736
3756
3775
1364
1411
1458
1506
1555
1605
1655
1705
1755
1805
1855
1905
1955
2005
2055
2105
2155
2205
2255
2305
2355
2405
2455
2505
2555
2605
2655
2705
2755
2804
2852
2899
2945
2990
3034
3077
3119
3160
3200
3239
3277
3314
3350
3384
3417
3449
3480
3510
3539
3567
3594
3620
3645
3669
3692
3714
3735
3755
3774
3792
1410
1457
1505
1554
1604
1654
1704
1754
1804
1854
1904
1954
2004
2054
2104
2154
2204
2254
2304
2354
2404
2454
2504
2554
2604
2654
2704
2754
2803
2851
2898
2944
2989
3033
3076
3118
3159
3199
3238
3276
3313
3349
3383
3416
3448
3479
3509
3538
3566
3593
3619
3644
3668
3691
3713
3734
3754
3773
3791
3808
1456
1504
1553
1603
1653
1703
1753
1803
1853
1903
1953
2003
2053
2103
2153
2203
2253
2303
2353
2403
2453
2503
2553
2603
2653
2703
2753
2802
2850
2897
2943
2988
3032
3075
3117
3158
3198
3237
3275
3312
3348
3382
3415
3447
3478
3508
3537
3565
3592
3618
3643
3667
3690
3712
3733
3753
3772
3790
3807
3823
1503
1552
1602
1652
1702
1752
1802
1852
1902
1952
2002
2052
2102
2152
2202
2252
2302
2352
2402
2452
2502
2552
2602
2652
2702
2752
2801
2849
2896
2942
2987
3031
3074
3116
3157
3197
3236
3274
3311
3347
3381
3414
3446
3477
3507
3536
3564
3591
3617
3642
3666
3689
3711
3732
3752
3771
3789
3806
3822
3837
1551
1601
1651
1701
1751
1801
1851
1901
1951
2001
2051
2101
2151
2201
2251
2301
2351
2401
2451
2501
2551
2601
2651
2701
2751
2800
2848
2895
2941
2986
3030
3073
3115
3156
3196
3235
3273
3310
3346
3380
3413
3445
3476
3506
3535
3563
3590
3616
3641
3665
3688
3710
3731
3751
3770
3788
3805
3821
3836
3850
1600
1650
1700
1750
1800
1850
1900
1950
2000
2050
2100
2150
2200
2250
2300
2350
2400
2450
2500
2550
2600
2650
2700
2750
2799
2847
2894
2940
2985
3029
3072
3114
3155
3195
3234
3272
3309
3345
3379
3412
3444
3475
3505
3534
3562
3589
3615
3640
3664
3687
3709
3730
3750
3769
3787
3804
3820
3835
3849
3862
1649
1699
1749
1799
1849
1899
1949
1999
2049
2099
2149
2199
2249
2299
2349
2399
2449
2499
2549
2599
2649
2699
2749
2798
2846
2893
2939
2984
3028
3071
3113
3154
3194
3233
3271
3308
3344
3378
3411
3443
3474
3504
3533
3561
3588
3614
3639
3663
3686
3708
3729
3749
3768
3786
3803
3819
3834
3848
3861
3873
1698
1748
1798
1848
1898
1948
1998
2048
2098
2148
2198
2248
2298
2348
2398
2448
2498
2548
2598
2648
2698
2748
2797
2845
2892
2938
2983
3027
3070
3112
3153
3193
3232
3270
3307
3343
3377
3410
3442
3473
3503
3532
3560
3587
3613
3638
3662
3685
3707
3728
3748
3767
3785
3802
3818
3833
3847
3860
3872
3883
1747
1797
1847
1897
1947
1997
2047
2097
2147
2197
2247
2297
2347
2397
2447
2497
2547
2597
2647
2697
2747
2796
2844
2891
2937
2982
3026
3069
3111
3152
3192
3231
3269
3306
3342
3376
3409
3441
3472
3502
3531
3559
3586
3612
3637
3661
3684
3706
3727
3747
3766
3784
3801
3817
3832
3846
3859
3871
3882
3892
1796
1846
1896
1946
1996
2046
2096
2146
2196
2246
2296
2346
2396
2446
2496
2546
2596
2646
2696
2746
2795
2843
2890
2936
2981
3025
3068
3110
3151
3191
3230
3268
3305
3341
3375
3408
3440
3471
3501
3530
3558
3585
3611
3636
3660
3683
3705
3726
3746
3765
3783
3800
3816
3831
3845
3858
3870
3881
3891
3900
1845
1895
1945
1995
2045
2095
2145
2195
2245
2295
2345
2395
2445
2495
2545
2595
2645
2695
2745
2794
2842
2889
2935
2980
3024
3067
3109
3150
3190
3229
3267
3304
3340
3374
3407
3439
3470
3500
3529
3557
3584
3610
3635
3659
3682
3704
3725
3745
3764
3782
3799
3815
3830
3844
3857
3869
3880
3890
3899
3907
1894
1944
1994
2044
2094
2144
2194
2244
2294
2344
2394
2444
2494
2544
2594
2644
2694
2744
2793
2841
2888
2934
2979
3023
3066
3108
3149
3189
3228
3266
3303
3339
3373
3406
3438
3469
3499
3528
3556
3583
3609
3634
3658
3681
3703
3724
3744
3763
3781
3798
3814
3829
3843
3856
3868
3879
3889
3898
3906
3913
1943
1993
2043
2093
2143
2193
2243
2293
2343
2393
2443
2493
2543
2593
2643
2693
2743
2792
2840
2887
2933
2978
3022
3065
3107
3148
3188
3227
3265
3302
3338
3372
3405
3437
3468
3498
3527
3555
3582
3608
3633
3657
3680
3702
3723
3743
3762
3780
3797
3813
3828
3842
3855
3867
3878
3888
3897
3905
3912
3918
1992
2042
2092
2142
2192
2242
2292
2342
2392
2442
2492
2542
2592
2642
2692
2742
2791
2839
2886
2932
2977
3021
3064
3106
3147
3187
3226
3264
3301
3337
3371
3404
3436
3467
3497
3526
3554
3581
3607
3632
3656
3679
3701
3722
3742
3761
3779
3796
3812
3827
3841
3854
3866
3877
3887
3896
3904
3911
3917
3922
2041
2091
2141
2191
2241
2291
2341
2391
2441
2491
2541
2591
2641
2691
2741
2790
2838
2885
2931
2976
3020
3063
3105
3146
3186
3225
3263
3300
3336
3370
3403
3435
3466
3496
3525
3553
3580
3606
3631
3655
3678
3700
3721
3741
3760
3778
3795
3811
3826
3840
3853
3865
3876
3886
3895
3903
3910
3916
3921
3925
2090
2140
2190
2240
2290
2340
2390
2440
2490
2540
2590
2640
2690
2740
2789
2837
2884
2930
2975
3019
3062
3104
3145
3185
3224
3262
3299
3335
3369
3402
3434
3465
3495
3524
3552
3579
3605
3630
3654
3677
3699
3720
3740
3759
3777
3794
3810
3825
3839
3852
3864
3875
3885
3894
3902
3909
3915
3920
3924
3927
2139
2189
2239
2289
2339
2389
2439
2489
2539
2589
2639
2689
2739
2788
2836
2883
2929
2974
3018
3061
3103
3144
3184
3223
3261
3298
3334
3368
3401
3433
3464
3494
3523
3551
3578
3604
3629
3653
3676
3698
3719
3739
3758
3776
3793
3809
3824
3838
3851
3863
3874
3884
3893
3901
3908
3914
3919
3923
3926
3928
386
412
439
467
496
526
557
589
622
655
689
724
760
797
835
874
914
955
996
1037
1078
1120
1163
1207
1252
1298
1345
1392
1439
1486
1534
1583
1633
1683
1733
1783
1833
1883
1933
1983
2033
2083
2133
2183
2233
2283
2333
2383
2433
2483
2533
2583
2633
2683
2733
2783
2832
2880
2927
2973
411
438
466
495
525
556
588
621
654
688
723
759
796
834
873
913
954
995
1036
1077
1119
1162
1206
1251
1297
1344
1391
1438
1485
1533
1582
1632
1682
1732
1782
1832
1882
1932
1982
2032
2082
2132
2182
2232
2282
2332
2382
2432
2482
2532
2582
2632
2682
2732
2782
2831
2879
2926
2972
3017
437
465
494
524
555
587
620
653
687
722
758
795
833
872
912
953
994
1035
1076
1118
1161
1205
1250
1296
1343
1390
1437
1484
1532
1581
1631
1681
1731
1781
1831
1881
1931
1981
2031
2081
2131
2181
2231
2281
2331
2381
2431
2481
2531
2581
2631
2681
2731
2781
2830
2878
2925
2971
3016
3060
464
493
523
554
586
619
652
686
721
757
794
832
871
911
952
993
1034
1075
1117
1160
1204
1249
1295
1342
1389
1436
1483
1531
1580
1630
1680
1730
1780
1830
1880
1930
1980
2030
2080
2130
2180
2230
2280
2330
2380
2430
2480
2530
2580
2630
2680
2730
2780
2829
2877
2924
2970
3015
3059
3102
492
522
553
585
618
651
685
720
756
793
831
870
910
951
992
1033
1074
1116
1159
1203
1248
1294
1341
1388
1435
1482
1530
1579
1629
1679
1729
1779
1829
1879
1929
1979
2029
2079
2129
2179
2229
2279
2329
2379
2429
2479
2529
2579
2629
2679
2729
2779
2828
2876
2923
2969
3014
3058
3101
3143
521
552
584
617
650
684
719
755
792
830
869
909
950
991
1032
1073
1115
1158
1202
1247
1293
1340
1387
1434
1481
1529
1578
1628
1678
1728
1778
1828
1878
1928
1978
2028
2078
2128
2178
2228
2278
2328
2378
2428
2478
2528
2578
2628
2678
2728
2778
2827
2875
2922
2968
3013
3057
3100
3142
3183
551
583
616
649
683
718
754
791
829
868
908
949
990
1031
1072
1114
1157
1201
1246
1292
1339
1386
1433
1480
1528
1577
1627
1677
1727
1777
1827
1877
1927
1977
2027
2077
2127
2177
2227
2277
2327
2377
2427
2477
2527
2577
2627
2677
2727
2777
2826
2874
2921
2967
3012
3056
3099
3141
3182
3222
582
615
648
682
717
753
790
828
867
907
948
989
1030
1071
1113
1156
1200
1245
1291
1338
1385
1432
1479
1527
1576
1626
1676
1726
1776
1826
1876
1926
1976
2026
2076
2126
2176
2226
2276
2326
2376
2426
2476
2526
2576
2626
2676
2726
2776
2825
2873
2920
2966
3011
3055
3098
3140
3181
3221
3260
614
647
681
716
752
789
827
866
906
947
988
1029
1070
1112
1155
1199
1244
1290
1337
1384
1431
1478
1526
1575
1625
1675
1725
1775
1825
1875
1925
1975
2025
2075
2125
2175
2225
2275
2325
2375
2425
2475
2525
2575
2625
2675
2725
2775
2824
2872
2919
2965
3010
3054
3097
3139
3180
3220
3259
3297
646
680
715
751
788
826
865
905
946
987
1028
1069
1111
1154
1198
1243
1289
1336
1383
1430
1477
1525
1574
1624
1674
1724
1774
1824
1874
1924
1974
2024
2074
2124
2174
2224
2274
2324
2374
2424
2474
2524
2574
2624
2674
2724
2774
2823
2871
2918
2964
3009
3053
3096
3138
3179
3219
3258
3296
3333
154
173
193
214
236
258
280
302
325
348
372
397
423
450
478
507
537
568
600
633
666
700
735
771
808
846
885
925
172
192
213
235
257
279
301
324
347
371
396
422
449
477
506
536
567
599
632
665
699
734
770
807
845
884
924
965
191
212
234
256
278
300
323
346
370
395
421
448
476
505
535
566
598
631
664
698
733
769
806
844
883
923
964
1005
211
233
255
277
299
322
345
369
394
420
447
475
504
534
565
597
630
663
697
732
768
805
843
882
922
963
1004
1045
1086
1128
1171
1215
1260
1306
232
254
276
298
321
344
368
393
419
446
474
503
533
564
596
629
662
696
731
767
804
842
881
921
962
1003
1044
1085
1127
1170
1214
1259
1305
1352
253
275
297
320
343
367
392
418
445
473
502
532
563
595
628
661
695
730
766
803
841
880
920
961
1002
1043
1084
1126
1169
1213
1258
1304
1351
1398
274
296
319
342
366
391
417
444
472
501
531
562
594
627
660
694
729
765
802
840
879
919
960
1001
1042
1083
1125
1168
1212
1257
1303
1350
1397
1444
1491
1539
1588
1638
1688
1738
1788
1838
1888
1938
1988
2038
2088
2138
2188
2238
2288
2338
2388
2438
2488
2538
2588
2638
2688
2738
295
318
341
365
390
416
443
471
500
530
561
593
626
659
693
728
764
801
839
878
918
959
1000
1041
1082
1124
1167
1211
1256
1302
1349
1396
1443
1490
1538
1587
1637
1687
1737
1787
1837
1887
1937
1987
2037
2087
2137
2187
2237
2287
2337
2387
2437
2487
2537
2587
2637
2687
2737
2787
317
340
364
389
415
442
470
499
529
560
592
625
658
692
727
763
800
838
877
917
958
999
1040
1081
1123
1166
1210
1255
1301
1348
1395
1442
1489
1537
1586
1636
1686
1736
1786
1836
1886
1936
1986
2036
2086
2136
2186
2236
2286
2336
2386
2436
2486
2536
2586
2636
2686
2736
2786
2835
339
363
388
414
441
469
498
528
559
591
624
657
691
726
762
799
837
876
916
957
998
1039
1080
1122
1165
1209
1254
1300
1347
1394
1441
1488
1536
1585
1635
1685
1735
1785
1835
1885
1935
1985
2035
2085
2135
2185
2235
2285
2335
2385
2435
2485
2535
2585
2635
2685
2735
2785
2834
2882
362
387
413
440
468
497
527
558
590
623
656
690
725
761
798
836
875
915
956
997
1038
1079
1121
1164
1208
1253
1299
1346
1393
1440
1487
1535
1584
1634
1684
1734
1784
1834
1884
1934
1984
2034
2084
2134
2184
2234
2284
2334
2384
2434
2484
2534
2584
2634
2684
2734
2784
2833
2881
2928
230
251
272
293
314
315
315
359
382
406
431
457
484
512
541
571
602
634
667
701
736
772
809
847
886
926
966
1006
1046
1087
1129
1172
1216
1261
1307
1353
1399
1445
1492
1540
1589
0
1
3
6
10
15
21
28
36
45
55
66
78
91
105
120
136
154
173
193
214
236
258
280
302
325
348
372
397
423
450
478
507
537
568
600
633
666
700
735
771
808
846
885
925
925
965
1005
1086
1128
1171
1215
1260
1306
1306
1352
1398
1491
1539
1588
1638
1688
1738
1788
1838
1888
1938
1988
2038
2088
2138
2188
2238
2288
2338
2388
2438
2488
2538
2588
2638
2688
2738
)


// ************************************************************************* //
