/*--------------------------------*- C++ -*----------------------------------*\
  =========                 |
  \\      /  F ield         | OpenFOAM: The Open Source CFD Toolbox
   \\    /   O peration     | Website:  https://openfoam.org
    \\  /    A nd           | Version:  8
     \\/     M anipulation  |
\*---------------------------------------------------------------------------*/
FoamFile
{
    version     2.0;
    format      ascii;
    class       volScalarField;
    location    "0.5";
    object      yPlus;
}
// * * * * * * * * * * * * * * * * * * * * * * * * * * * * * * * * * * * * * //

dimensions      [0 0 0 0 0 0 0];

internalField   uniform 0;

boundaryField
{
    inlet
    {
        type            calculated;
        value           uniform 0;
    }
    outlet
    {
        type            calculated;
        value           uniform 0;
    }
    splitter
    {
        type            calculated;
        value           nonuniform List<scalar> 
50
(
28.3938
35.033
37.7118
37.7727
35.1314
28.4343
26.7304
27.2827
25.3963
24.755
24.0433
23.6342
23.189
22.903
22.6343
22.4389
22.2761
22.1939
22.1777
22.2076
22.2979
22.4595
22.6904
23.0086
23.4408
24.0339
24.8828
26.1645
26.1898
24.8946
24.0398
23.4457
23.0163
22.7018
22.476
22.3185
22.2349
22.2072
22.2263
22.3136
22.4813
22.6799
22.954
23.2429
23.6928
24.1025
24.8149
25.452
27.3219
26.7663
)
;
    }
    fuel_inlet
    {
        type            calculated;
        value           uniform 0;
    }
    back
    {
        type            calculated;
        value           nonuniform List<scalar> 
31
(
10.8634
11.3933
11.5408
11.532
11.4695
11.4623
11.4403
10.9382
10.1765
9.41598
8.66924
7.92679
7.18569
6.45427
6.33951
7.71504
6.55487
6.78153
7.50332
8.15889
8.76205
9.32381
9.84222
10.301
10.6539
10.8729
10.9753
11.0155
11.0334
10.9874
10.1088
)
;
    }
    sides
    {
        type            calculated;
        value           nonuniform List<scalar> 
260
(
6.66667
6.11272
6.16965
6.44737
6.88219
7.22808
7.48222
7.67721
7.81904
7.93566
8.02088
8.09761
8.15191
8.20647
8.24504
8.28973
8.31948
8.35652
8.38177
8.41382
8.43677
8.46627
8.48754
8.51645
8.53618
8.56548
8.58401
8.61358
8.63196
8.66028
8.68549
8.71009
8.7343
8.75908
8.78377
8.80888
8.8331
8.85751
8.88043
8.90348
8.92467
8.94601
8.9653
8.98479
9.00215
9.01975
9.03527
9.05103
9.06483
9.07883
9.09107
9.10338
9.11423
9.12332
9.13106
9.13981
9.14913
9.15953
9.17045
9.18264
9.19528
9.20944
9.22394
9.24025
9.25683
9.27552
9.29459
9.31591
9.33835
9.36242
9.39632
9.43046
9.47024
9.51025
9.55656
9.6075
9.66226
9.72791
9.79189
9.87642
9.9499
10.0586
10.1417
10.2812
10.3746
10.5519
10.6592
10.88
11.0052
12.9243
15.9634
18.1898
19.5785
20.3569
20.5964
20.5343
20.3342
19.9454
19.516
19.0691
18.6541
18.2916
17.9357
17.6622
17.373
17.1094
16.8876
16.6875
16.5177
16.3905
16.319
16.3122
16.3522
16.4749
16.7057
17.0238
17.4105
17.8611
18.3784
18.9367
19.4574
19.8339
19.9592
19.8883
19.5386
18.8051
18.0132
17.0243
16.5093
15.7023
9.39395
9.42665
9.46715
9.50688
9.55351
9.60454
9.65983
9.72468
9.79003
9.87101
9.94678
10.0468
10.1319
10.2547
10.3468
10.4993
10.5949
10.776
10.878
12.6811
15.4232
17.302
18.4477
19.0427
19.2939
19.2968
19.2512
19.1516
19.0609
19.0179
19.025
19.0631
19.1527
19.2739
19.4213
19.5611
19.6767
19.7451
19.74
19.6646
19.4821
19.205
18.7898
18.2978
17.7688
17.178
16.57
15.9946
15.4803
15.0475
14.6967
14.4259
14.245
14.1865
14.2345
14.4567
14.7445
15.243
15.7835
17.0935
9.12432
9.13235
9.14055
9.1503
9.15993
9.17144
9.18261
9.19604
9.20887
9.22437
9.23905
9.25683
9.27362
9.294
9.31329
9.33697
9.35916
8.68641
8.71111
8.73546
8.76031
8.78523
8.81033
8.83484
8.85913
8.88238
8.90521
8.92674
8.94777
8.96741
8.98651
9.00422
9.02138
9.03724
9.05251
9.06666
9.08014
9.09273
9.1045
9.1157
6.66455
6.11065
6.16777
6.44598
6.88125
7.22763
7.4822
7.67785
7.8199
7.93721
8.02218
8.09954
8.15312
8.20849
8.2464
8.29136
8.32065
8.35752
8.38266
8.41444
8.43741
8.46672
8.48803
8.51687
8.53663
8.56598
8.58454
8.61423
8.63265
8.6611
)
;
    }
    frontAndBack
    {
        type            empty;
    }
}


// ************************************************************************* //
