/*--------------------------------*- C++ -*----------------------------------*\
  =========                 |
  \\      /  F ield         | OpenFOAM: The Open Source CFD Toolbox
   \\    /   O peration     | Website:  https://openfoam.org
    \\  /    A nd           | Version:  8
     \\/     M anipulation  |
\*---------------------------------------------------------------------------*/
FoamFile
{
    version     2.0;
    format      ascii;
    class       volScalarField;
    location    "0.05";
    object      alphat;
}
// * * * * * * * * * * * * * * * * * * * * * * * * * * * * * * * * * * * * * //

dimensions      [1 -1 -1 0 0 0 0];

internalField   nonuniform List<scalar> 
3910
(
2.51935e-06
6.98123e-05
3.63417e-06
0.000219928
5.82082e-05
7.15588e-06
0.000581944
5.62355e-05
9.26722e-05
7.40685e-06
0.00115549
0.00010233
8.16524e-05
9.89659e-05
7.5928e-06
0.00173729
0.000281275
6.44517e-05
0.000107563
0.000108253
7.50811e-06
0.00216663
0.000657423
0.000117242
8.58396e-05
0.000132198
0.000112135
7.45642e-06
0.00241725
0.00117344
0.000299244
8.40912e-05
0.000120385
0.000144717
0.000115425
7.48726e-06
0.00253793
0.00170509
0.000650252
0.000175729
9.05964e-05
0.000146532
0.000156408
0.000118786
7.46447e-06
0.00258783
0.00213448
0.00112452
0.000403434
0.00012624
0.000118714
0.000167061
0.000166941
0.000120743
7.45625e-06
0.00261021
0.00240261
0.00162725
0.00077522
0.000285031
0.00010784
0.000146216
0.000186597
0.00017387
0.000122454
7.45579e-06
0.00262099
0.0025376
0.00206458
0.00123809
0.000586521
0.000205928
0.000118755
0.000173538
0.000199434
0.0001798
0.000123814
7.477e-06
0.00262168
0.00259383
0.00236491
0.00170984
0.000998014
0.000443258
0.000166557
0.000140296
0.00019451
0.000211238
0.00018443
0.000125017
7.50943e-06
0.00262063
0.00261938
0.00252185
0.00210881
0.00145703
0.000806938
0.000355018
0.00014781
0.000163507
0.000212911
0.000220453
0.000188467
0.000126008
7.55145e-06
0.00262051
0.00262397
0.00258834
0.0023872
0.001889
0.00124375
0.000677905
0.000288672
0.000149058
0.000186371
0.000227756
0.000228612
0.000191531
0.000126848
7.59847e-06
0.00262075
0.00262279
0.0026164
0.00253491
0.00223123
0.00168637
0.00108993
0.000575059
0.000241951
0.000159049
0.000206013
0.000241359
0.000234976
0.000194025
0.000127454
7.67503e-06
0.00262092
0.00262147
0.00262182
0.00259838
0.00245343
0.00206998
0.00152981
0.00096478
0.000489777
0.000214174
0.000172861
0.000224171
0.000251934
0.00024025
0.000195873
0.000128286
7.76671e-06
0.00262094
0.00262059
0.00262165
0.0026178
0.00256231
0.00234976
0.00193368
0.00139888
0.000857899
0.000426308
0.00020116
0.000189126
0.000239422
0.00026093
0.000244392
0.000197523
0.000129038
7.87073e-06
0.00262091
0.00262001
0.00262064
0.0026214
0.00260498
0.00251645
0.00225106
0.00181485
0.00128492
0.000770935
0.000376583
0.000196787
0.000205209
0.000252676
0.000268343
0.000247946
0.000198773
0.000129714
7.99481e-06
0.00262086
0.00261959
0.00261978
0.00262083
0.0026178
0.00258543
0.00245917
0.00215926
0.00170818
0.00118816
0.000698394
0.000338542
0.000198288
0.000220245
0.000263544
0.000274724
0.000250791
0.000199874
0.000130458
8.13203e-06
0.0026208
0.00261932
0.00261912
0.00261959
0.00262032
0.00261039
0.00255778
0.00240084
0.00207323
0.001615
0.00110519
0.000639149
0.000312022
0.000203073
0.000233625
0.000273445
0.000280012
0.000253055
0.0002008
0.000131161
8.28337e-06
0.00262075
0.00261916
0.00261863
0.00261851
0.00261979
0.00261782
0.00259899
0.00252656
0.00234335
0.00199499
0.00153304
0.00103653
0.000589353
0.000293477
0.000210233
0.000245255
0.000281455
0.000284188
0.000254822
0.000201374
0.000131867
8.4493e-06
0.00262071
0.00261906
0.00261827
0.00261767
0.00261869
0.0026189
0.00261386
0.00258377
0.00249444
0.00228793
0.00192429
0.00146384
0.00097698
0.000550122
0.000281824
0.000217479
0.00025604
0.000287702
0.000287457
0.00025612
0.000201814
0.000132593
8.62876e-06
0.00262068
0.002619
0.00261802
0.00261704
0.0026177
0.00261809
0.00261795
0.00260733
0.00256736
0.00246022
0.00223602
0.00186287
0.0014037
0.000927274
0.000518633
0.000274183
0.000225515
0.00026437
0.000293438
0.000290174
0.000257053
0.000202143
0.000133356
8.82011e-06
0.00262066
0.00261895
0.00261785
0.00261659
0.00261694
0.00261692
0.00261816
0.00261537
0.00260013
0.00254856
0.00242719
0.00218918
0.00180912
0.00135236
0.000885847
0.000493551
0.000270529
0.000232642
0.000272391
0.000297611
0.00029229
0.000257679
0.000202313
0.000134141
9.02201e-06
0.00262065
0.00261892
0.00261772
0.00261628
0.00261639
0.00261586
0.00261727
0.00261707
0.00261289
0.00259079
0.00253024
0.00239584
0.00214737
0.00176264
0.00130895
0.000851626
0.000475159
0.000269225
0.000239804
0.000278395
0.00030119
0.000293832
0.00025793
0.00020239
0.000134942
9.23243e-06
0.00262063
0.0026189
0.00261761
0.00261606
0.00261601
0.00261504
0.00261623
0.00261651
0.00261673
0.00260878
0.00258211
0.00251096
0.0023673
0.00211077
0.00172307
0.00127308
0.000824721
0.000461206
0.000269629
0.000246083
0.000282643
0.00030419
0.00029483
0.000258029
0.000202376
0.000135751
9.45029e-06
0.00262062
0.00261888
0.00261753
0.00261591
0.00261572
0.00261445
0.00261535
0.00261535
0.00261707
0.00261511
0.00260554
0.0025718
0.00249432
0.0023424
0.00207957
0.00169052
0.00124453
0.000803877
0.000451994
0.000271634
0.000251966
0.000286574
0.000306207
0.000295446
0.000257889
0.000202284
0.000136571
9.67388e-06
0.00262062
0.00261887
0.00261745
0.00261579
0.0026155
0.00261404
0.00261468
0.00261424
0.00261626
0.00261631
0.00261468
0.00260095
0.00256407
0.00247913
0.00232006
0.00205312
0.00166429
0.00122254
0.000789353
0.00044614
0.000273909
0.000257332
0.000290103
0.000307701
0.000295713
0.00025753
0.000202105
0.000137399
9.90172e-06
0.00262061
0.00261886
0.00261739
0.00261571
0.00261532
0.00261374
0.00261416
0.00261337
0.00261526
0.00261554
0.00261732
0.0026132
0.00259841
0.00255427
0.00246573
0.00230384
0.00203522
0.00164713
0.00120848
0.000778984
0.000443858
0.000277996
0.000260234
0.000292766
0.000308703
0.000295686
0.000256998
0.000201871
0.000138229
1.01322e-05
0.00262061
0.00261886
0.00261733
0.00261565
0.00261517
0.00261353
0.00261375
0.00261274
0.00261437
0.00261426
0.00261732
0.00261705
0.00261357
0.00259439
0.00254956
0.00245779
0.00229189
0.00202155
0.0016346
0.00119847
0.000774182
0.000443941
0.000281779
0.000264205
0.000294749
0.000309311
0.000295373
0.000256349
0.000201587
0.000139059
1.03907e-05
0.00262061
0.00261885
0.00261728
0.0026156
0.00261503
0.00261338
0.00261341
0.00261228
0.00261363
0.0026131
0.00261643
0.00261714
0.00261932
0.00261313
0.00259409
0.00254718
0.00245109
0.00228301
0.00201251
0.00162702
0.0011938
0.000773414
0.000447463
0.000285838
0.000267884
0.000296242
0.000309537
0.000294875
0.000255577
0.000201269
0.000139979
1.06782e-05
0.0026206
0.00261885
0.00261725
0.00261557
0.00261492
0.00261326
0.00261314
0.00261194
0.00261302
0.00261218
0.00261541
0.00261588
0.00262072
0.00262003
0.00261581
0.00259482
0.00254545
0.00244729
0.00227939
0.00200987
0.00162622
0.00119507
0.000777172
0.000452831
0.000290059
0.00027049
0.00029736
0.000309526
0.000294176
0.000254728
0.000200896
0.000140988
1.09603e-05
0.0026206
0.00261885
0.00261721
0.00261554
0.00261483
0.00261318
0.00261291
0.00261169
0.0026125
0.00261148
0.00261446
0.00261447
0.00262028
0.00262123
0.00262526
0.00261844
0.00259736
0.00254676
0.00244955
0.00228224
0.0020139
0.00163163
0.00120165
0.00078454
0.000459497
0.000295354
0.000272925
0.000298199
0.000309239
0.000293355
0.000253694
0.000200484
0.000141974
1.12365e-05
0.0026206
0.00261884
0.00261719
0.00261552
0.00261474
0.00261311
0.00261271
0.0026115
0.00261207
0.00261096
0.00261362
0.00261326
0.00261924
0.00262006
0.00262834
0.00262876
0.00262336
0.00260267
0.00255333
0.00245682
0.00229086
0.00202383
0.0016428
0.00121309
0.000795643
0.000468668
0.000301096
0.000274846
0.00029877
0.000308819
0.000292301
0.000252447
0.000200063
0.000142943
1.15057e-05
0.00261884
0.0026206
0.00261717
0.00261551
0.00261467
0.00261306
0.00261255
0.00261136
0.0026117
0.00261057
0.00261289
0.0026123
0.00261806
0.00261843
0.00262843
0.00263214
0.00263491
0.00263209
0.00261248
0.00256461
0.00246959
0.00230542
0.00203984
0.00165954
0.00122923
0.000809619
0.000479645
0.000306938
0.000276733
0.000299223
0.00030815
0.000291011
0.000251123
0.000199656
0.000143886
1.17674e-05
0.00261715
0.00261884
0.0026206
0.0026155
0.00261461
0.00261302
0.00261242
0.00261124
0.00261139
0.00261028
0.00261226
0.00261156
0.00261694
0.002617
0.00262734
0.0026322
0.00263887
0.00264556
0.00264422
0.00262683
0.00258112
0.00248826
0.00232623
0.00206177
0.00168174
0.00124987
0.000826466
0.000492395
0.000313394
0.000278214
0.000299497
0.000307286
0.000289606
0.00024979
0.000199253
0.000144804
1.20205e-05
0.00261549
0.00261714
0.00261885
0.00262061
0.00261456
0.00261299
0.0026123
0.00261115
0.00261112
0.00261005
0.00261171
0.002611
0.00261591
0.00261583
0.00262586
0.00263102
0.00263908
0.00265043
0.00265933
0.00266058
0.0026465
0.00260344
0.00251324
0.00235341
0.00208987
0.00170935
0.00127459
0.000846448
0.000506604
0.000320046
0.000280005
0.000299797
0.000306289
0.000288165
0.00024843
0.000198877
0.000145691
1.2264e-05
0.00261451
0.00261549
0.00261714
0.00261885
0.00262061
0.00261297
0.0026122
0.00261108
0.00261089
0.00260987
0.00261123
0.00261057
0.00261499
0.0026149
0.00262442
0.00262952
0.00263789
0.00265076
0.0026652
0.00267739
0.00268245
0.00267209
0.0026322
0.00254493
0.00238731
0.00212413
0.00174204
0.00130341
0.000868416
0.00052236
0.000328286
0.000281565
0.000299813
0.000305219
0.000286659
0.000247104
0.000198518
0.000146544
1.24974e-05
0.00261295
0.00261447
0.0026155
0.00261715
0.00261886
0.00262061
0.00261212
0.00261101
0.0026107
0.00260973
0.00261082
0.00261024
0.00261417
0.00261419
0.00262303
0.00262805
0.00263636
0.00264941
0.00266632
0.00268434
0.00270116
0.00271056
0.00270421
0.00266803
0.00258397
0.00242792
0.00216439
0.0017798
0.00133588
0.000892986
0.000541264
0.000337527
0.000283363
0.000299602
0.000304059
0.000285164
0.000245782
0.000198191
0.000147363
1.27203e-05
0.00261205
0.00261294
0.00261443
0.00261552
0.00261715
0.00261886
0.00262062
0.00261096
0.00261053
0.00260961
0.00261046
0.00260998
0.00261345
0.00261363
0.00262174
0.00262682
0.00263485
0.00264764
0.00266551
0.00268615
0.00270959
0.00273091
0.00274587
0.00274395
0.0027117
0.00263013
0.00247546
0.00221076
0.00182224
0.00137184
0.000922818
0.000564415
0.000348211
0.000285554
0.000299243
0.000302874
0.000283645
0.000244542
0.000197894
0.000148147
1.29327e-05
0.00261091
0.00261198
0.00261294
0.0026144
0.00261554
0.00261716
0.00261887
0.00262062
0.00261039
0.00260951
0.00261015
0.00260978
0.00261282
0.00261319
0.00262058
0.00262583
0.00263351
0.00264588
0.00266411
0.00268577
0.00271237
0.00274108
0.00276891
0.00278868
0.00279126
0.00276236
0.0026835
0.00252944
0.00226253
0.00186927
0.00141551
0.000958511
0.000588551
0.000359149
0.000287953
0.000298827
0.000301654
0.000282142
0.000243347
0.000197629
0.000148896
1.31345e-05
0.00261027
0.00261087
0.00261192
0.00261295
0.00261437
0.00261556
0.00261717
0.00261887
0.00262063
0.00260943
0.00260988
0.00260961
0.00261226
0.00261284
0.00261958
0.002625
0.00263236
0.00264428
0.00266261
0.00268465
0.00271273
0.00274532
0.00278127
0.00281478
0.00284056
0.00284716
0.00282082
0.00274267
0.00258886
0.00231958
0.00192611
0.00146822
0.000996617
0.000613309
0.000370446
0.000290657
0.000298392
0.000300454
0.000280593
0.000242222
0.000197396
0.000149608
1.33258e-05
0.00260936
0.00261015
0.00261084
0.00261187
0.00261296
0.00261435
0.00261558
0.00261718
0.00261887
0.00262063
0.00260965
0.00260948
0.00261177
0.00261257
0.0026187
0.0026243
0.00263138
0.00264287
0.00266119
0.00268336
0.0027122
0.00274679
0.00278751
0.00283025
0.00287102
0.002902
0.00291316
0.00288878
0.00280956
0.00265322
0.00238723
0.00199417
0.00152465
0.00103718
0.000638204
0.000382575
0.000293572
0.000297972
0.000299245
0.000279131
0.000241149
0.000197191
0.000150287
1.35067e-05
0.00260945
0.00260929
0.00261002
0.00261081
0.00261183
0.00261297
0.00261433
0.0026156
0.00261719
0.00261888
0.00262064
0.00260936
0.00261134
0.00261236
0.00261793
0.00262369
0.00263055
0.00264167
0.00265992
0.00268214
0.0027114
0.00274716
0.00279072
0.00283918
0.00289052
0.00293761
0.00297439
0.00298869
0.00296582
0.00288513
0.00273075
0.00246757
0.00206627
0.0015837
0.00107952
0.000663694
0.000394914
0.000296684
0.000297595
0.000298081
0.00027763
0.000240135
0.000197015
0.00015093
1.36776e-05
0.00260926
0.00260922
0.00260921
0.00260991
0.00261079
0.00261179
0.00261299
0.00261432
0.00261563
0.0026172
0.00261888
0.00262065
0.00261096
0.00261219
0.00261724
0.00262317
0.00262984
0.00264067
0.00265882
0.00268104
0.00271057
0.00274716
0.00279275
0.00284482
0.00290347
0.00296236
0.00301672
0.00305767
0.00307457
0.00305166
0.00297801
0.00282699
0.00255081
0.00213993
0.00164426
0.0011231
0.000688984
0.000407523
0.000299919
0.000297246
0.00029693
0.000276241
0.000239187
0.000196863
0.000151539
1.38388e-05
0.00261063
0.00260913
0.00260896
0.00260914
0.00260982
0.00261077
0.00261177
0.002613
0.00261432
0.00261565
0.00261722
0.00261889
0.00262065
0.00261206
0.00261661
0.00262273
0.00262923
0.00263985
0.00265787
0.0026801
0.00270981
0.0027471
0.00279421
0.00284904
0.00291298
0.00298057
0.00304856
0.00310832
0.00315321
0.00317099
0.00315694
0.00309108
0.0029325
0.00264026
0.00221431
0.00170556
0.00116737
0.00071482
0.000420152
0.000303266
0.00029697
0.000295837
0.000274928
0.000238297
0.000196737
0.000152115
1.39903e-05
0.00261196
0.00261019
0.00260896
0.00260872
0.00260907
0.00260974
0.00261075
0.00261176
0.00261302
0.00261432
0.00261568
0.00261723
0.0026189
0.00262066
0.00261604
0.00262237
0.00262872
0.00263918
0.00265705
0.00267929
0.00270915
0.00274706
0.00279541
0.00285257
0.00292084
0.00299507
0.00307413
0.00314928
0.00321461
0.00326135
0.0032902
0.00328653
0.00321346
0.00304404
0.00273504
0.0022898
0.00176726
0.00121191
0.000739817
0.000432776
0.000306647
0.000296707
0.00029477
0.000273648
0.000237466
0.00019663
0.000152659
1.41332e-05
0.00261551
0.00261176
0.00260964
0.00260879
0.0026085
0.00260901
0.00260968
0.00261073
0.00261176
0.00261303
0.00261433
0.0026157
0.00261725
0.0026189
0.00262067
0.00262207
0.00262829
0.00263862
0.00265633
0.00267859
0.0027086
0.00274708
0.00279649
0.00285576
0.00292778
0.00300759
0.00309597
0.00318463
0.0032676
0.00333597
0.0033965
0.0034387
0.00342827
0.00334406
0.00316032
0.00283345
0.00236462
0.00182783
0.001256
0.000765053
0.000445299
0.000310073
0.000296533
0.000293778
0.000272432
0.00023669
0.000196543
0.000153172
1.42668e-05
0.00262186
0.00261462
0.00261146
0.00260913
0.00260862
0.00260832
0.00260894
0.00260963
0.00261071
0.00261176
0.00261304
0.00261434
0.00261572
0.00261727
0.00261891
0.00262067
0.00262793
0.00263814
0.00265571
0.002678
0.00270814
0.00274714
0.00279752
0.00285876
0.00293409
0.00301899
0.00311585
0.0032163
0.00331579
0.00340415
0.0034899
0.00356745
0.0036034
0.00358143
0.00348189
0.00328044
0.00293477
0.0024411
0.00188707
0.00129933
0.000790037
0.000457666
0.000313462
0.000296348
0.000292863
0.000271286
0.00023597
0.000196473
0.000153655
1.4393e-05
0.00262761
0.00262139
0.00261332
0.00261117
0.00260866
0.00260845
0.00260816
0.00260888
0.0026096
0.0026107
0.00261178
0.00261306
0.00261435
0.00261575
0.00261728
0.00261892
0.00263773
0.00265517
0.00267748
0.00270776
0.00274727
0.0027985
0.0028616
0.00293992
0.00302964
0.00313447
0.00324565
0.00336039
0.00346969
0.00358083
0.00368808
0.00376036
0.00378462
0.00374593
0.00362651
0.00340383
0.00303679
0.00251869
0.00194492
0.00134169
0.000814217
0.000469745
0.000316852
0.000296163
0.000292005
0.000270205
0.000235301
0.000196419
0.000154109
1.45101e-05
0.00263738
0.0026268
0.00262068
0.00261212
0.00261083
0.00260826
0.00260827
0.00260804
0.00260881
0.00260958
0.00261069
0.0026118
0.00261307
0.00261437
0.00261577
0.0026173
0.00265469
0.00267704
0.00270746
0.00274741
0.00279946
0.00286429
0.00294532
0.00303972
0.00315203
0.00327327
0.00340302
0.00353362
0.00367264
0.00381199
0.00391688
0.00397893
0.00398525
0.00392324
0.00377821
0.00353014
0.00313882
0.00259648
0.00200129
0.00138283
0.000837757
0.000481559
0.00032014
0.000295982
0.00029121
0.000269191
0.000234682
0.000196377
0.000154536
1.46214e-05
0.00265427
0.0026362
0.00262545
0.00261992
0.00261118
0.00261042
0.00260794
0.00260807
0.00260795
0.00260875
0.00260958
0.00261069
0.00261183
0.00261309
0.0026144
0.00261579
0.00267667
0.00270721
0.00274758
0.00280038
0.00286682
0.00295036
0.00304928
0.00316851
0.00329953
0.00344466
0.00359699
0.00376333
0.00394227
0.00408973
0.00418986
0.00423351
0.00421124
0.00411597
0.00393772
0.00365925
0.00324058
0.00267381
0.00205605
0.00142259
0.000860555
0.000492961
0.000323391
0.00029582
0.00029046
0.000268251
0.00023411
0.000196347
0.000154937
1.47232e-05
0.00267636
0.0026525
0.00263414
0.00262407
0.00261886
0.0026105
0.00260994
0.0026077
0.00260786
0.00260789
0.0026087
0.00260959
0.00261069
0.00261186
0.00261311
0.00261442
0.00270702
0.00274777
0.00280127
0.00286919
0.00295506
0.00305828
0.00318392
0.00332468
0.00348548
0.00365934
0.00385221
0.00407899
0.00429192
0.00444927
0.00453048
0.00453662
0.00446818
0.00432619
0.00410554
0.00379105
0.00334187
0.00275021
0.00210914
0.00146092
0.000882592
0.000504048
0.00032659
0.000295675
0.000289744
0.000267377
0.000233583
0.000196327
0.000155313
1.48079e-05
0.00270689
0.00267418
0.00264931
0.00263213
0.00262274
0.00261761
0.00261005
0.00260938
0.00260752
0.00260766
0.00260785
0.00260865
0.0026096
0.0026107
0.00261189
0.00261313
0.00274796
0.00280211
0.0028714
0.00295944
0.00306672
0.00319832
0.00334885
0.00352509
0.00371973
0.00394055
0.00422964
0.00453264
0.00478289
0.00492222
0.00495071
0.00489134
0.00475621
0.0045534
0.00428121
0.00392518
0.00344244
0.00282528
0.00216034
0.00149764
0.000903726
0.000514613
0.000329644
0.000295551
0.00028906
0.000266564
0.000233096
0.000196316
0.000155619
1.48791e-05
0.00274819
0.00270407
0.00267002
0.00264613
0.00263027
0.00262146
0.00261612
0.00260978
0.00260879
0.00260739
0.00260746
0.00260782
0.00260862
0.00260962
0.00261072
0.00261192
0.00280291
0.00287344
0.0029635
0.00307456
0.00321176
0.00337197
0.0035629
0.00377789
0.00403154
0.00440162
0.00481711
0.0051833
0.0054197
0.00549196
0.00543263
0.00528473
0.0050677
0.00479372
0.00446296
0.0040609
0.003542
0.00289878
0.00220991
0.00153253
0.000924033
0.000524554
0.000332654
0.000295449
0.000288413
0.000265808
0.000232648
0.000196311
0.000155877
1.49565e-05
0.00280368
0.00274458
0.00269833
0.00266596
0.00264307
0.00262853
0.00262043
0.0026145
0.00260962
0.0026082
0.00260729
0.00260729
0.00260781
0.0026086
0.00260965
0.00261074
0.00287532
0.00296725
0.00308181
0.0032243
0.00339389
0.00359855
0.00383438
0.00412815
0.00459538
0.00513355
0.00561853
0.00596155
0.00612276
0.00609712
0.0059358
0.00569249
0.0053893
0.00504055
0.00464787
0.00419703
0.00364016
0.00297029
0.00225831
0.0015657
0.000943536
0.000533911
0.000335587
0.000295368
0.0002878
0.000265105
0.00023229
0.000196311
0.000156157
1.50406e-05
0.00287706
0.00279907
0.00273674
0.00269265
0.00266204
0.00264018
0.00262687
0.00261963
0.00261287
0.0026095
0.00260766
0.00260719
0.00260715
0.0026078
0.00260859
0.00260967
0.00297072
0.00308849
0.00323597
0.00341445
0.003632
0.00389003
0.00423105
0.00480355
0.00545798
0.00604476
0.0064788
0.0067313
0.00679456
0.00667287
0.00641875
0.00608915
0.00570641
0.00528625
0.00483239
0.00433216
0.00373648
0.0030394
0.0023053
0.00159723
0.000962197
0.000542721
0.000338406
0.000295306
0.000287224
0.000264538
0.000231992
0.000196316
0.000156462
1.51316e-05
0.00297388
0.00287132
0.00278838
0.00272893
0.00268712
0.00265823
0.0026374
0.00262531
0.00261891
0.00261135
0.00260932
0.00260722
0.00260708
0.00260705
0.00260779
0.0026086
0.00309461
0.00324678
0.00343353
0.00366342
0.00394537
0.00433833
0.00501488
0.00576659
0.00642686
0.00692397
0.00724655
0.00739723
0.00737448
0.00717817
0.00685314
0.00645551
0.00600678
0.00552376
0.00501299
0.00446477
0.00383043
0.00310602
0.0023507
0.00162717
0.000979993
0.000551014
0.000341103
0.000295261
0.000286752
0.000264062
0.000231672
0.000196326
0.000156794
1.52302e-05
0.00310012
0.00296674
0.00285692
0.00277772
0.0027213
0.00268176
0.0026545
0.00263478
0.00262383
0.00261819
0.00261015
0.00260903
0.00260689
0.00260696
0.002607
0.00260778
0.00325676
0.00345115
0.00369311
0.00400032
0.00444649
0.00521874
0.00604329
0.0067472
0.00727789
0.00764304
0.0078578
0.00792666
0.00784254
0.00759745
0.00722578
0.00678071
0.00628219
0.00574763
0.00518657
0.00459343
0.00392153
0.00317007
0.00239441
0.00165558
0.000996923
0.000558819
0.000343673
0.000295233
0.000286357
0.000263549
0.00023133
0.000196343
0.000157156
1.53373e-05
0.0032657
0.00309155
0.00294739
0.00284252
0.00276728
0.00271388
0.00267654
0.00265082
0.00263239
0.00262238
0.00261727
0.00260933
0.00260861
0.00260667
0.00260683
0.00260697
0.00346738
0.00372128
0.00405429
0.00455176
0.00540762
0.00628079
0.00700274
0.00754222
0.00792465
0.00817707
0.00831153
0.00832485
0.00820314
0.00793169
0.00753463
0.00706098
0.00652844
0.00595431
0.0053508
0.00471693
0.00400932
0.00323148
0.00243633
0.00168251
0.00101299
0.000566159
0.000345791
0.000295217
0.00028592
0.00026299
0.000230963
0.000196367
0.000157549
1.54536e-05
0.00348182
0.00325516
0.00306578
0.00292803
0.00282839
0.00275711
0.00270666
0.00267145
0.00264716
0.00263013
0.00262094
0.002616
0.00260886
0.00260812
0.00260655
0.0026067
0.00374803
0.00410643
0.00465111
0.00557759
0.00647842
0.00719904
0.00772901
0.00810898
0.00837615
0.00854982
0.00863193
0.00861179
0.00847088
0.00818994
0.00778402
0.00729727
0.00674448
0.00614203
0.00550411
0.00483434
0.00409343
0.00329016
0.00247641
0.00170802
0.00102822
0.000572146
0.000347595
0.000295204
0.000285453
0.000262393
0.000230573
0.000196402
0.000157979
1.55799e-05
0.00377239
0.00346908
0.00322085
0.00303993
0.00290901
0.00281459
0.00274721
0.00269963
0.00266651
0.00264361
0.00262802
0.00261956
0.00261445
0.00260864
0.00260761
0.00260647
0.00415601
0.00474485
0.00572762
0.00663936
0.00734525
0.00785345
0.008217
0.00848135
0.00867221
0.00879662
0.0088477
0.00880994
0.00866264
0.008384
0.00798121
0.00749318
0.00693134
0.00631038
0.00564571
0.00494502
0.00417356
0.00334609
0.00251465
0.00173215
0.00104071
0.000577212
0.000349574
0.000295201
0.00028493
0.000261747
0.000230155
0.000196449
0.000158447
1.57174e-05
0.00420041
0.00375696
0.00342291
0.00318645
0.0030145
0.0028904
0.00280112
0.00273757
0.00269282
0.00266177
0.00264017
0.0026261
0.0026185
0.0026128
0.00260854
0.00260715
0.00483281
0.00585697
0.00676848
0.00745109
0.00793005
0.00826812
0.00851713
0.00870826
0.00885344
0.00894965
0.00898418
0.00893932
0.00879415
0.00852565
0.00813423
0.00765352
0.00709125
0.00645995
0.00577536
0.0050486
0.00424953
0.00339923
0.00255102
0.00175195
0.00105132
0.000582734
0.000351748
0.000295202
0.000284382
0.000261036
0.000229713
0.000196511
0.00015896
1.58671e-05
0.004183
0.00491091
0.00369042
0.00337731
0.00315248
0.00298957
0.00287221
0.00278799
0.00272821
0.00268626
0.00265733
0.00263693
0.00262432
0.00261773
0.00261126
0.00260846
0.00596652
0.006871
0.00752546
0.00797115
0.00827833
0.0085036
0.00868258
0.00883182
0.00895233
0.00903415
0.0090614
0.00901625
0.00887874
0.00862541
0.00825078
0.00778333
0.00722706
0.0065919
0.00589327
0.00514499
0.00432123
0.0034496
0.00258098
0.00176874
0.00106293
0.000588771
0.000354135
0.000295221
0.000283752
0.000260276
0.000229242
0.000196593
0.000159519
1.603e-05
0.00408206
0.00489493
0.00605501
0.00362637
0.00333248
0.00311909
0.00296517
0.00285443
0.00277522
0.00271916
0.00267997
0.00265308
0.00263388
0.00262274
0.00261707
0.00260997
0.00695177
0.00757587
0.00798663
0.00826012
0.00845634
0.0086144
0.00875493
0.00888326
0.00899263
0.00906864
0.00909445
0.00905346
0.00892727
0.00869223
0.00833775
0.00788746
0.00734174
0.00670773
0.00599997
0.00523423
0.00438865
0.00349092
0.00260647
0.00178713
0.00107565
0.000595354
0.00035676
0.000295242
0.00028311
0.000259449
0.000228748
0.000196698
0.000160132
1.62078e-05
0.00398251
0.00475263
0.00602768
0.00701111
0.00356524
0.00328828
0.00308635
0.00294129
0.00283712
0.00276284
0.00271044
0.00267396
0.002649
0.00263113
0.00262133
0.00261642
0.00760816
0.00798411
0.0082229
0.00838704
0.00851821
0.00864048
0.00876344
0.00888436
0.0089909
0.00906631
0.00909445
0.00906073
0.00894834
0.00873346
0.00840103
0.00797026
0.00743816
0.00680905
0.00609617
0.00531655
0.00444346
0.00352596
0.00263444
0.00180727
0.00108961
0.000602547
0.000359645
0.000295297
0.000282347
0.000258572
0.000228227
0.000196834
0.000160802
1.64012e-05
0.00388888
0.0045977
0.00588695
0.00697132
0.00762326
0.00350614
0.0032447
0.00305429
0.00291799
0.00282029
0.00275088
0.00270206
0.00266822
0.00264517
0.0026288
0.00262002
0.00796912
0.00817364
0.00830431
0.00840478
0.00850184
0.00860893
0.00872792
0.00884979
0.00895839
0.00903642
0.00906957
0.00904555
0.00894876
0.00875506
0.00844551
0.0080355
0.00751898
0.00689748
0.00618266
0.00538219
0.00448966
0.00356427
0.00266514
0.00182937
0.00110494
0.000610462
0.000362825
0.00029535
0.000281606
0.000257611
0.000227685
0.000197005
0.000161537
1.66129e-05
0.00380107
0.00444443
0.00571098
0.00688332
0.00756181
0.0079415
0.00344839
0.00320183
0.00302298
0.0028953
0.00280401
0.00273936
0.00269408
0.00266289
0.00264161
0.00262675
0.00811717
0.0082144
0.00828205
0.00834907
0.00843208
0.00853775
0.00866149
0.00878925
0.00890267
0.00898547
0.0090259
0.00901366
0.00893382
0.00876176
0.00847524
0.00808642
0.00758657
0.00697457
0.00624993
0.00543684
0.00453978
0.00360617
0.00269889
0.00185365
0.00112178
0.00061914
0.000366318
0.000295457
0.000280672
0.000256594
0.000227121
0.000197222
0.000162341
1.68426e-05
0.00371784
0.00429851
0.00551553
0.00675999
0.00750209
0.00785768
0.00805137
0.00339179
0.00315981
0.00299251
0.00287329
0.00278831
0.00272838
0.00268671
0.00265807
0.00263837
0.00812154
0.00815584
0.00818978
0.00824255
0.00832539
0.00843888
0.00857273
0.00870894
0.00882873
0.00891811
0.00896804
0.00896953
0.00890768
0.0087573
0.00849347
0.0081257
0.007643
0.00703263
0.00630509
0.00549528
0.00459411
0.00365199
0.002736
0.00188034
0.00114031
0.000628647
0.000370177
0.00029556
0.000279775
0.000255483
0.000226545
0.000197493
0.000163223
1.70946e-05
0.00363823
0.00416216
0.00530892
0.00661162
0.00741414
0.0078099
0.00794519
0.00802124
0.00333637
0.0031188
0.00296297
0.00285205
0.00277335
0.00271824
0.00268004
0.00265374
0.00802996
0.00802965
0.00804788
0.00810031
0.0081928
0.00832025
0.00846692
0.00861266
0.00873989
0.00883779
0.00889959
0.00891665
0.00887358
0.00874464
0.00850282
0.00815559
0.00768345
0.00707942
0.00636301
0.0055576
0.00465289
0.00370206
0.00277682
0.00190973
0.00116072
0.000639101
0.000374412
0.000295739
0.000278732
0.000254316
0.000225958
0.000197833
0.000164192
1.74214e-05
0.00356186
0.00403475
0.00509535
0.00644295
0.00730881
0.00773909
0.00789708
0.00789261
0.00789743
0.00328226
0.00307895
0.00293444
0.00283176
0.00275951
0.00270906
0.00267402
0.00787241
0.0078539
0.00787031
0.00793267
0.00804202
0.00818661
0.00834708
0.00850257
0.00863843
0.00874725
0.00882346
0.0088578
0.00883404
0.00872608
0.00850539
0.00817442
0.00771529
0.00712745
0.00642355
0.00562382
0.00471635
0.00375675
0.00282174
0.00194213
0.00118323
0.000650612
0.000379107
0.00029591
0.000277683
0.000253045
0.000225375
0.000198253
0.000165449
1.78107e-05
0.00348833
0.00391624
0.00487934
0.00625404
0.00719122
0.00765707
0.00782925
0.0078364
0.00774589
0.00770983
0.0032296
0.00304044
0.00290721
0.002813
0.00274699
0.00270076
0.00766448
0.00764172
0.00766675
0.00774758
0.00787745
0.00804057
0.00821443
0.00837968
0.00852612
0.00864883
0.00874208
0.00879518
0.00879101
0.0087034
0.00850245
0.00818837
0.00774676
0.00717638
0.00648649
0.00569388
0.00478468
0.00381641
0.00287117
0.00197788
0.0012081
0.000663315
0.000384248
0.000296199
0.000276373
0.000251717
0.000224804
0.000198881
0.000166985
1.82173e-05
0.00341759
0.00380761
0.00466556
0.00604109
0.00706309
0.0075696
0.00775446
0.00776251
0.00767639
0.00753538
0.0074766
0.00317851
0.00300372
0.002882
0.00279602
0.00273566
0.00741881
0.00740197
0.00744592
0.0075489
0.00770158
0.00788289
0.00806858
0.00824463
0.00840464
0.00854471
0.00865751
0.00873054
0.008746
0.00868047
0.00849861
0.00820057
0.00777742
0.00722578
0.00655149
0.00576767
0.00485802
0.0038814
0.00292555
0.00201738
0.00123558
0.000677349
0.000389974
0.000296514
0.000275076
0.000250281
0.000224171
0.000199763
0.000168614
1.86352e-05
0.00335003
0.00370485
0.0044579
0.00580575
0.0069242
0.00747895
0.00767904
0.00768457
0.00759079
0.00744807
0.00728104
0.00720712
0.00312946
0.00296985
0.00285917
0.00278066
0.00714319
0.00714515
0.00721056
0.00733894
0.00751568
0.00771122
0.0079088
0.00809821
0.00827586
0.00843692
0.00857147
0.00866527
0.00870522
0.00866037
0.0084919
0.00821052
0.00780675
0.00727513
0.00661812
0.00584492
0.00493641
0.00395202
0.00298533
0.00206106
0.00126603
0.0006929
0.000396218
0.000297065
0.000273449
0.000248518
0.000223576
0.000200838
0.000170296
1.90692e-05
0.00328614
0.00360666
0.00426358
0.00554996
0.00676916
0.00738528
0.00760596
0.00760929
0.00750341
0.00734682
0.00717123
0.00699004
0.00690842
0.00308387
0.00293928
0.00283849
0.00684482
0.0068614
0.0069481
0.00710659
0.00731371
0.00752355
0.00773472
0.00794172
0.00814184
0.00832736
0.00848542
0.00860786
0.00867045
0.00863639
0.0084818
0.00821767
0.00783414
0.00732382
0.00668582
0.00592525
0.00501977
0.00402853
0.00305094
0.00210937
0.00129961
0.000710122
0.00040323
0.00029778
0.000271702
0.000246479
0.000223162
0.000202098
0.000172079
1.95104e-05
0.00322708
0.00351541
0.00408663
0.00527622
0.00659168
0.00728676
0.00753627
0.00754009
0.00742112
0.00724618
0.00705098
0.00685656
0.00666224
0.00659267
0.00304256
0.0029117
0.00652806
0.00656433
0.0066715
0.00685416
0.00709329
0.00731828
0.00754672
0.00777716
0.00800484
0.00821781
0.00841052
0.00855921
0.00863077
0.00860802
0.00846775
0.00822139
0.0078589
0.00737113
0.00675388
0.00600811
0.00510789
0.00411108
0.00312278
0.00216332
0.00133674
0.000729275
0.000410824
0.000298402
0.000269266
0.000244502
0.000222976
0.000203593
0.000173885
1.99479e-05
0.00317335
0.00343353
0.00392568
0.00499051
0.00638443
0.00718009
0.00746976
0.00747863
0.00734755
0.00715279
0.00693461
0.00671525
0.00650846
0.00629321
0.00624691
0.00300532
0.00619182
0.00625345
0.00638463
0.00658468
0.00685212
0.00709438
0.00734631
0.00760728
0.00786725
0.0081227
0.00834701
0.00850442
0.00858561
0.00857467
0.00844916
0.00822103
0.00788028
0.0074162
0.00682147
0.00609278
0.00520036
0.00419969
0.00320092
0.00222342
0.0013779
0.000750572
0.00042079
0.000299624
0.000266775
0.000242633
0.000223032
0.000205305
0.000175825
2.0429e-05
0.0031244
0.00336103
0.00378691
0.00470759
0.00613691
0.00706095
0.00740522
0.00742558
0.00728463
0.00707019
0.00682788
0.00658177
0.00634587
0.00612708
0.00589199
0.00586456
0.00583287
0.00591818
0.0060765
0.00629725
0.0065873
0.00685197
0.00713659
0.00743542
0.00774771
0.00804189
0.0082758
0.00844279
0.0085343
0.00853573
0.00842536
0.00821585
0.00789742
0.00745809
0.00688757
0.00617833
0.00529655
0.00429418
0.0032856
0.00229021
0.00142351
0.000778765
0.000433392
0.000301167
0.000264378
0.000240925
0.000223414
0.000207276
0.000177733
2.09116e-05
0.0032964
0.00366958
0.0044448
0.00584969
0.00692423
0.00734054
0.00738107
0.00723351
0.00700036
0.00673393
0.00646082
0.00619514
0.00594503
0.00571437
0.0054538
0.00544685
0.00544407
0.00555382
0.00574328
0.00598873
0.00629596
0.00659398
0.00692237
0.00728583
0.007646
0.00795145
0.00819609
0.0083736
0.00847619
0.00849054
0.00839569
0.00820507
0.00790943
0.00749575
0.00695105
0.00626362
0.00539559
0.00439414
0.0033769
0.00236393
0.00148364
0.000814187
0.000446846
0.000302582
0.000262103
0.000239427
0.000224082
0.000209522
0.000179594
2.13971e-05
0.00356786
0.00421626
0.0055354
0.0067593
0.0072723
0.00734472
0.00719502
0.00694458
0.00665448
0.00635477
0.00606017
0.00577832
0.00551326
0.00526978
0.00496979
0.00498626
0.00502178
0.00516165
0.00537936
0.00565102
0.00598005
0.00632671
0.00673568
0.00715864
0.00753233
0.00785045
0.00810703
0.0082961
0.00841059
0.00843846
0.00835944
0.00818792
0.00791536
0.00752806
0.0070106
0.00634731
0.00549631
0.00449885
0.00347454
0.00246026
0.00155846
0.000852362
0.000460545
0.000304458
0.000259906
0.000238188
0.000225216
0.000211916
0.000181515
2.18655e-05
0.00402384
0.00521036
0.0065579
0.00719491
0.00731536
0.00716982
0.00690397
0.00659067
0.00626483
0.00594246
0.00563063
0.00533254
0.00504953
0.00478903
0.00443566
0.00447594
0.00456825
0.00473776
0.00496728
0.00528199
0.00564482
0.00609452
0.00657771
0.00701701
0.00740582
0.00773801
0.0080078
0.00820952
0.0083368
0.0083788
0.00831593
0.00816357
0.00791424
0.00755381
0.00706481
0.00642788
0.00559727
0.00460721
0.00359777
0.00257734
0.0016373
0.000892836
0.00047491
0.000306248
0.0002579
0.000237281
0.000226637
0.00021461
0.000183419
2.23345e-05
0.00489118
0.00631554
0.00710183
0.00729057
0.00715827
0.00687972
0.00654364
0.00619179
0.00584248
0.00550271
0.00517433
0.00485729
0.00455062
0.00426585
0.00383785
0.00392336
0.00407306
0.00424788
0.0045204
0.00485255
0.00535915
0.00590038
0.00640327
0.00686031
0.00726568
0.00761336
0.00789766
0.00811316
0.00825414
0.00831091
0.00826445
0.00813125
0.00790509
0.00757179
0.00711221
0.00650359
0.00569674
0.00473892
0.00373998
0.00269636
0.00171897
0.000936397
0.000489146
0.000308436
0.000256083
0.000236759
0.000228602
0.000217463
0.000185426
2.27712e-05
0.00603003
0.00698791
0.0072659
0.00716016
0.00687306
0.00651472
0.00613652
0.00576048
0.00539414
0.00503851
0.00469154
0.00435044
0.00401099
0.00369034
0.00316007
0.00331214
0.00346381
0.00373755
0.00394598
0.00448727
0.00512281
0.00569036
0.00621245
0.00668823
0.00711141
0.00747586
0.00777591
0.00800633
0.00816198
0.00823417
0.00820436
0.0080902
0.00788697
0.00758079
0.00715125
0.00657266
0.00581131
0.0048819
0.00387695
0.00281483
0.00180282
0.000981563
0.000504427
0.000310339
0.000254512
0.000236676
0.000230932
0.000220697
0.000187382
2.3209e-05
0.00684447
0.00723595
0.00717314
0.00688514
0.00650555
0.00610026
0.0056969
0.00530457
0.00492366
0.00455095
0.00418108
0.00381052
0.00343211
0.00304841
0.00239278
0.00256715
0.00281255
0.00294945
0.00353767
0.0042016
0.00486489
0.00546427
0.00600574
0.0065008
0.00694275
0.00732509
0.00764204
0.0078885
0.00805975
0.00814802
0.00813508
0.00803975
0.00785903
0.00757967
0.00718048
0.00664546
0.00592458
0.00501086
0.00400607
0.00293054
0.00188679
0.00102885
0.00051939
0.000312619
0.000253296
0.000236987
0.000233934
0.000224064
0.000189484
2.35918e-05
0.00719296
0.00719317
0.00691528
0.00651804
0.0060847
0.0056526
0.00523383
0.00482865
0.00443282
0.00403962
0.0036455
0.00323518
0.00279402
0.00232585
0.00150614
0.00169176
0.00182994
0.00256324
0.00325163
0.00392046
0.0045912
0.00522425
0.00578377
0.00629846
0.00675981
0.00716085
0.00749571
0.00775921
0.00794699
0.00805199
0.00805611
0.00797932
0.00782052
0.00756746
0.00720316
0.00670456
0.00601653
0.00512407
0.0041252
0.00304093
0.00197001
0.00107582
0.000535447
0.00031446
0.000252346
0.000238064
0.000237311
0.000227897
0.000191459
2.39858e-05
0.00721464
0.0069608
0.00655269
0.00609211
0.00562907
0.00518221
0.00475279
0.00433514
0.00392183
0.0035095
0.00307759
0.00260798
0.00209577
0.00151164
0.000695684
0.000624159
0.00148465
0.00225771
0.00296062
0.00364222
0.00431713
0.00496918
0.00554788
0.00608232
0.00656306
0.00698332
0.00733679
0.00761823
0.00782338
0.00794573
0.00796708
0.00790847
0.00777089
0.00754041
0.00720364
0.00674016
0.00608735
0.00522053
0.00423252
0.00314427
0.00204977
0.00112324
0.000550636
0.000316644
0.000251721
0.000239643
0.000241494
0.000231785
0.000193679
2.42925e-05
0.00701824
0.00660791
0.00612379
0.0056287
0.00515074
0.00469572
0.00425651
0.00382515
0.00339728
0.00295094
0.00246734
0.00193458
0.00134672
0.000710359
7.5212e-05
0.000506199
0.00131295
0.00198558
0.00269442
0.0033685
0.00403859
0.00470341
0.0053015
0.00585366
0.00635357
0.00679295
0.00716549
0.00746551
0.00768876
0.00782902
0.00786775
0.00782697
0.00770019
0.00748622
0.0071831
0.00675433
0.00613787
0.00529985
0.00432689
0.00323842
0.00212557
0.00116778
0.000566457
0.000318263
0.0002514
0.000242204
0.000246028
0.00023625
0.000195586
2.46267e-05
0.00668192
0.00617898
0.00565325
0.00514178
0.00465745
0.00419696
0.00374569
0.0033029
0.00284712
0.00235764
0.00182115
0.00123028
0.000630331
8.24034e-05
0.000493086
0.0010649
0.00122375
0.00179937
0.00245144
0.00310311
0.0037734
0.00443807
0.00504638
0.00561562
0.00613264
0.0065907
0.00698226
0.00730132
0.00754321
0.00770187
0.0077581
0.0077194
0.00759984
0.00741599
0.00714461
0.0067494
0.00616938
0.00536223
0.00440746
0.0033226
0.00219444
0.00121069
0.000580603
0.000320026
0.000251659
0.000245356
0.000251485
0.000240638
0.00019805
0.00625707
0.0057026
0.00515718
0.00464054
0.00415375
0.00368676
0.00322734
0.0027604
0.00226933
0.00173449
0.00115485
0.000577668
6.72178e-05
0.000481426
0.000661033
0.00115681
0.00169232
0.0022347
0.00287382
0.00352627
0.0041735
0.00479094
0.00537049
0.00590244
0.00637779
0.00678811
0.00712615
0.00738712
0.00756445
0.00761777
0.0075807
0.00748891
0.00733297
0.0070911
0.00672775
0.00618348
0.00540829
0.00447413
0.00339524
0.00225668
0.00124805
0.000594323
0.000321205
0.000252384
0.000249698
0.000257265
0.000245695
0.00577695
0.00519741
0.00464637
0.00413069
0.0036451
0.00317543
0.00269555
0.0021958
0.00166953
0.00109747
0.000541218
6.24288e-05
0.000436178
0.000523723
0.00109074
0.00163827
0.0020907
0.0026688
0.00329236
0.00392169
0.00453651
0.00512075
0.00566581
0.00615632
0.00658424
0.00694117
0.00722103
0.00739158
0.00744473
0.00743618
0.00737029
0.00723997
0.00702525
0.00669178
0.00618195
0.00543904
0.00452683
0.00345651
0.00230943
0.00128198
0.000605068
0.000322424
0.000254008
0.000254723
0.000263995
0.00526328
0.00467583
0.00412803
0.00361477
0.00313196
0.00265254
0.00214345
0.00161459
0.0010588
0.000513621
5.73099e-05
0.0004322
0.000483102
0.000995929
0.00159175
0.00200186
0.00248531
0.00308607
0.00369099
0.00429107
0.00487472
0.00542498
0.00592893
0.00637277
0.00674757
0.00701518
0.007184
0.00726986
0.00728825
0.00724634
0.00713941
0.00694952
0.00664374
0.00616667
0.00545559
0.00456621
0.00350542
0.00235368
0.00130787
0.000614415
0.0003232
0.000256304
0.000261089
0.00473054
0.00414614
0.0036048
0.00309758
0.00261195
0.00211045
0.00157527
0.0010266
0.000495801
5.46126e-05
0.000468097
0.000458088
0.000932534
0.00154172
0.00196068
0.00236182
0.00290998
0.0034835
0.0040594
0.00463369
0.00518552
0.00569788
0.00615646
0.00651149
0.00677307
0.00697878
0.00709515
0.00713877
0.00711897
0.00703343
0.00686602
0.00658576
0.00613945
0.00545933
0.00459267
0.00354276
0.00238738
0.0013274
0.000620121
0.00032394
0.000259833
0.00418866
0.00361359
0.00308159
0.00258014
0.00207694
0.00155302
0.00100306
0.000479448
5.17783e-05
0.000498455
0.000473488
0.000898659
0.0014588
0.00194141
0.00227192
0.00274911
0.00329942
0.00384883
0.00440818
0.00495179
0.00546837
0.00589722
0.00623962
0.00653919
0.0067775
0.00692237
0.00698925
0.00698998
0.00692365
0.00677671
0.0065197
0.00610208
0.00545153
0.00460727
0.00356802
0.00241057
0.00133816
0.000623264
0.000324482
0.00364214
0.00308207
0.00256393
0.00205009
0.00153099
0.000989014
0.000468339
4.99413e-05
0.000537683
0.000518596
0.000875339
0.00140018
0.00188333
0.00225756
0.00262154
0.00314534
0.00366947
0.00419342
0.00473254
0.00520116
0.00560567
0.00598513
0.00631412
0.00658258
0.00675263
0.00684144
0.00686034
0.00681181
0.00668304
0.00644733
0.00605616
0.00543364
0.00461061
0.00358236
0.00242178
0.00134176
0.000622438
0.00309993
0.00255971
0.00203691
0.00151143
0.000979668
0.00046099
4.86483e-05
0.000588507
0.000602617
0.000865893
0.00135516
0.00181749
0.00222511
0.00255505
0.00300241
0.0034984
0.00401256
0.00448473
0.00492685
0.0053518
0.00574472
0.00610259
0.00639399
0.00658841
0.00669534
0.00673193
0.00669861
0.00658665
0.00637002
0.00600326
0.0054068
0.00460385
0.00358453
0.00242234
0.00133665
0.00256794
0.00203259
0.00150286
0.000968921
0.00045602
4.79492e-05
0.000654074
0.000708436
0.000882888
0.00131829
0.00176185
0.00217314
0.00252543
0.00287859
0.00337629
0.00381441
0.00425288
0.00469207
0.0051252
0.00553497
0.00590048
0.00621696
0.00642754
0.00655405
0.00660418
0.00658595
0.00648826
0.00628925
0.00594462
0.00537243
0.00458776
0.00357558
0.00241148
0.00203748
0.00150011
0.000965686
0.000453105
4.77331e-05
0.000747773
0.000825454
0.000917663
0.00129434
0.0017147
0.00212277
0.00248796
0.0028285
0.00321223
0.00365957
0.00407144
0.00449637
0.00492706
0.00534199
0.00572312
0.00604323
0.00627689
0.00641409
0.00648037
0.00647318
0.00638949
0.00620585
0.00588166
0.00533129
0.00456335
0.00355567
0.00150346
0.00096595
0.000451483
4.78248e-05
0.000836519
0.000948152
0.000972391
0.00128385
0.00167701
0.00206951
0.0024519
0.00277863
0.00311669
0.00350705
0.00392733
0.00433729
0.00475582
0.00517088
0.00555688
0.00589046
0.00612513
0.0062831
0.0063568
0.00636317
0.00629018
0.00612122
0.00581497
0.00528508
0.00453059
0.00096974
0.000452496
4.83526e-05
0.000941602
0.00107572
0.00103778
0.00129085
0.00164887
0.00202783
0.00239605
0.00273635
0.0030351
0.00339513
0.00381029
0.00420735
0.00461542
0.00501757
0.00540422
0.00574666
0.00599279
0.00614908
0.00624027
0.00625317
0.00619228
0.00603526
0.00574621
0.00523393
0.000455529
4.95554e-05
0.0010418
0.00120119
0.00111016
0.00131445
0.00163335
0.00198788
0.00233653
0.00268216
0.00300811
0.00330606
0.00370638
0.00410786
0.00448965
0.00488705
0.00526848
0.00560995
0.00586652
0.00603283
0.00612111
0.00614775
0.0060941
0.00595014
0.00567484
5.12574e-05
0.00113841
0.00132098
0.00117979
0.00134898
0.00162769
0.00195075
0.00229192
0.00263339
0.00297147
0.00326858
0.00360779
0.00401583
0.004397
0.00477392
0.0051449
0.00548682
0.00574534
0.00591951
0.00601721
0.00604155
0.00599959
0.00586371
0.00122798
0.00142453
0.00125519
0.00139917
0.00163445
0.00193117
0.00225891
0.00259636
0.00293384
0.00324571
0.0035535
0.0039335
0.00430709
0.00467809
0.00504214
0.00537446
0.00563196
0.00581115
0.00591375
0.00594731
0.00590421
0.00131806
0.00150891
0.00134388
0.00145806
0.00165648
0.00192491
0.00223681
0.00256877
0.00290241
0.00322664
0.0035183
0.0038741
0.00423117
0.00458719
0.00494316
0.00527431
0.0055311
0.00570613
0.0058151
0.00585186
0.00158392
0.00141418
0.00143243
0.0015188
0.00168645
0.00192857
0.00222513
0.00254967
0.00287941
0.00320494
0.00349823
0.00382683
0.00417475
0.00451301
0.00485252
0.00517588
0.00543307
0.00561431
0.0057187
0.0016654
0.00150676
0.00151114
0.00157766
0.00172076
0.00194122
0.00222291
0.00253885
0.00286537
0.00318773
0.00348566
0.00379284
0.00412764
0.004452
0.0047786
0.00508957
0.00533874
0.0055203
0.00174074
0.00158645
0.00158087
0.0016328
0.00175785
0.0019609
0.00222872
0.00253637
0.00285876
0.00317715
0.00347781
0.00377176
0.00409046
0.0044014
0.00471443
0.00501422
0.00525706
0.00180454
0.00165416
0.00164189
0.00168433
0.00179635
0.00198552
0.00224168
0.00254163
0.00285921
0.0031736
0.00347395
0.00376043
0.00406254
0.00436042
0.00465959
0.00494704
0.00185259
0.0017109
0.0016958
0.00173156
0.00183493
0.00201398
0.00226098
0.00255399
0.00286659
0.00317682
0.00347383
0.0037568
0.00404346
0.00432796
0.00461279
0.00188823
0.00175862
0.00174108
0.00177421
0.00187281
0.00204551
0.00228583
0.002573
0.00288057
0.00318656
0.00347857
0.00375669
0.0040314
0.00430256
0.00191144
0.00179322
0.00177809
0.00181201
0.00190974
0.00207959
0.00231575
0.00259809
0.00290105
0.0032025
0.00349015
0.00376096
0.00402495
0.00191233
0.00181639
0.00180676
0.00184532
0.00194583
0.00211614
0.00235029
0.00262911
0.00292717
0.00322558
0.003508
0.00376942
0.00189912
0.00182827
0.00182838
0.00187515
0.00198181
0.00215525
0.00238951
0.00266532
0.0029586
0.00325417
0.00353083
0.00187268
0.00183209
0.00184533
0.00190325
0.0020186
0.0021975
0.00243287
0.00270692
0.0029955
0.00328719
0.00184173
0.00183202
0.00186026
0.00193133
0.0020574
0.00224308
0.0024816
0.00275313
0.00303741
0.00181229
0.00183111
0.0018756
0.00196139
0.00209995
0.00229444
0.00253401
0.00280436
0.00178438
0.00183262
0.00189486
0.00199778
0.00214924
0.00234842
0.00259225
0.00176651
0.00184089
0.00192107
0.00203779
0.0021995
0.00241018
0.00175874
0.00185555
0.00195126
0.00208173
0.00225664
0.0017665
0.00188027
0.00199038
0.00213641
0.00178813
0.00191555
0.00204108
0.00182251
0.00196464
0.00187124
)
;

boundaryField
{
    inlet
    {
        type            calculated;
        value           nonuniform List<scalar> 
50
(
0.00262149
0.00262145
0.00262147
0.00262146
0.00262145
0.00262145
0.00262145
0.00262145
0.00262145
0.00262144
0.00262144
0.00262144
0.00262144
0.00262143
0.00262143
0.00262143
0.00262143
0.00262143
0.00262143
0.00262142
0.00262142
0.00262142
0.00262142
0.00262142
0.00262142
0.00262142
0.00262142
0.00262142
0.00262142
0.00262142
0.00262142
0.00262142
0.00262142
0.00262142
0.00262142
0.00262142
0.00262142
0.00262142
0.00262142
0.00262142
0.00262142
0.00262142
0.00262142
0.00262142
0.00262142
0.00262142
0.00262142
0.00262142
0.00262142
0.00262142
)
;
    }
    outlet
    {
        type            calculated;
        value           nonuniform List<scalar> 0();
    }
    splitter
    {
        type            compressible::alphatWallFunction;
        Prt             0.85;
        value           uniform 0;
    }
    fuel_inlet
    {
        type            calculated;
        value           uniform 0.00561516;
    }
    back
    {
        type            compressible::alphatWallFunction;
        Prt             0.85;
        value           nonuniform List<scalar> 0();
    }
    sides
    {
        type            compressible::alphatWallFunction;
        Prt             0.85;
        value           uniform 0;
    }
    frontAndBack
    {
        type            empty;
    }
    procBoundary1to0
    {
        type            processor;
        value           nonuniform List<scalar> 
53
(
0.00262068
0.00261893
0.00261732
0.00261582
0.00261445
0.00261316
0.00261195
0.00261077
0.0026097
0.00260862
0.00260778
0.00260697
0.00260659
0.00260642
0.00260677
0.00260831
0.00260909
0.00261551
0.00261882
0.002625
0.00263543
0.00264994
0.00266863
0.00269329
0.00272543
0.00276679
0.00281981
0.00288682
0.00297186
0.00307992
0.00323826
0.00348044
0.00386178
0.00459541
0.00571252
0.00666011
0.00712753
0.00723037
0.00708286
0.00677215
0.00635717
0.00587665
0.00535592
0.00481183
0.00425578
0.00369712
0.00313754
0.00259038
0.00205252
0.0015133
0.000977079
0.000460522
5.36415e-05
)
;
    }
    procBoundary1to2
    {
        type            processor;
        value           nonuniform List<scalar> 
71
(
2.48846e-05
0.00480977
0.000200018
0.00263983
0.000250757
0.0018967
0.000271112
0.00161356
0.000268223
0.00150799
0.000264282
0.00148591
0.000325079
0.00150474
0.000618582
0.00155304
0.0013242
0.00162381
0.00239025
0.00168164
0.00352579
0.00173268
0.00449036
0.00177708
0.00517929
0.00181779
0.00560356
0.00185832
0.00578181
0.00190037
0.0058186
0.00194818
0.00576137
0.00199168
0.00563213
0.00204549
0.0054313
0.00210291
0.00518173
0.00212985
0.00488758
0.0021244
0.00457352
0.00209689
0.00428374
0.00203876
0.00402386
0.00195052
0.00378251
0.00186104
0.0035584
0.0017681
0.00332491
0.00168779
0.00308444
0.00162511
0.00286027
0.00159117
0.00265397
0.00158301
0.00247273
0.00158741
0.00232236
0.00160567
0.00220063
0.00163794
0.00210344
0.00168675
0.00202655
0.00174986
0.00193436
)
;
    }
}


// ************************************************************************* //
