/*--------------------------------*- C++ -*----------------------------------*\
  =========                 |
  \\      /  F ield         | OpenFOAM: The Open Source CFD Toolbox
   \\    /   O peration     | Website:  https://openfoam.org
    \\  /    A nd           | Version:  8
     \\/     M anipulation  |
\*---------------------------------------------------------------------------*/
FoamFile
{
    version     2.0;
    format      ascii;
    class       volScalarField;
    location    "0.05";
    object      CH4;
}
// * * * * * * * * * * * * * * * * * * * * * * * * * * * * * * * * * * * * * //

dimensions      [0 0 0 0 0 0 0];

internalField   nonuniform List<scalar> 
3910
(
2.59435e-49
5.36727e-49
1.77666e-48
1.12425e-48
2.55796e-48
1.43586e-47
1.98356e-48
5.23473e-48
1.78131e-47
1.21774e-46
3.07423e-48
1.37879e-47
3.02822e-47
1.48282e-46
1.21543e-45
4.51631e-48
3.32291e-47
7.8003e-47
2.35452e-46
1.48333e-45
1.25116e-44
6.57971e-48
6.58484e-47
2.46315e-46
5.43034e-46
2.28659e-45
1.54793e-44
1.34812e-43
9.70072e-48
1.15657e-46
6.76632e-46
1.77861e-45
4.83465e-45
2.38757e-44
1.704e-43
1.4877e-42
1.45548e-47
1.92469e-46
1.52302e-45
6.20042e-45
1.47689e-44
4.86307e-44
2.66232e-43
1.92517e-42
1.63429e-41
2.21935e-47
3.14289e-46
3.0256e-45
1.78882e-44
5.78613e-44
1.36502e-43
5.35428e-43
3.05296e-42
2.16835e-41
1.79191e-40
3.42808e-47
5.12376e-46
5.63673e-45
4.31321e-44
2.05507e-43
5.33288e-43
1.42979e-42
6.0919e-42
3.50152e-41
2.43513e-40
1.93626e-39
5.3458e-47
8.39304e-46
1.0173e-44
9.30035e-44
5.91389e-43
2.2352e-42
5.3149e-42
1.56175e-41
7.00081e-41
4.00468e-40
2.68692e-39
2.05908e-38
8.39121e-47
1.3808e-45
1.80733e-44
1.88183e-43
1.46273e-42
7.68843e-42
2.41618e-41
5.44989e-41
1.75545e-40
8.04417e-40
4.49194e-39
2.90995e-38
2.14875e-37
1.32028e-46
2.27449e-45
3.18264e-44
3.66765e-43
3.3016e-42
2.18719e-41
9.69872e-41
2.52431e-40
5.82724e-40
1.98864e-39
9.07891e-39
4.93989e-38
3.08442e-37
2.24384e-36
1.99967e-46
3.73475e-45
5.55673e-44
6.9675e-43
7.04041e-42
5.50188e-41
3.14145e-40
1.15741e-39
2.6309e-39
6.3586e-39
2.22708e-38
1.00594e-37
5.30499e-37
3.26725e-36
2.3888e-35
2.83459e-46
5.8579e-45
9.58933e-44
1.29501e-42
1.44274e-41
1.28096e-40
8.74828e-40
4.2738e-39
1.31761e-38
2.76934e-38
6.9405e-38
2.45781e-37
1.08779e-36
5.69038e-36
3.53167e-35
2.52824e-34
3.82715e-46
8.52951e-45
1.56418e-43
2.35387e-42
2.85937e-41
2.82577e-40
2.21233e-39
1.31815e-38
5.5184e-38
1.45856e-37
2.92366e-37
7.51674e-37
2.65767e-36
1.17447e-35
6.24551e-35
3.79721e-34
2.56279e-33
4.93598e-46
1.17704e-44
2.34368e-43
3.99985e-42
5.48484e-41
5.96446e-40
5.23299e-39
3.61609e-38
1.88427e-37
6.81233e-37
1.57183e-36
3.07262e-36
8.03704e-36
2.8613e-35
1.30324e-34
6.83056e-34
3.91249e-33
2.45064e-32
6.09126e-46
1.54567e-44
3.30757e-43
6.17144e-42
9.7186e-41
1.20708e-39
1.17308e-38
9.15417e-38
5.59875e-37
2.56286e-36
8.04396e-36
1.65647e-35
3.21006e-35
8.54941e-35
3.18611e-34
1.44561e-33
7.16788e-33
3.80504e-32
2.19657e-31
7.19739e-46
1.93613e-44
4.42229e-43
8.9077e-42
1.5449e-40
2.2307e-39
2.50112e-38
2.17537e-37
1.51388e-36
8.22757e-36
3.32389e-35
9.13891e-35
1.72011e-34
3.3529e-34
9.44896e-34
3.56243e-33
1.54155e-32
7.10588e-32
3.47312e-31
1.83068e-30
8.14118e-46
2.31594e-44
5.62091e-43
1.21221e-41
2.28105e-40
3.65495e-39
4.82192e-38
4.87937e-37
3.80601e-36
2.3705e-35
1.15016e-34
4.12646e-34
1.00421e-33
1.77815e-33
3.61926e-33
1.05464e-32
3.83968e-32
1.55496e-31
6.62274e-31
2.95121e-30
1.41358e-29
8.77665e-46
2.64556e-44
6.80365e-43
1.56268e-41
3.15938e-40
5.52229e-39
8.14504e-38
9.80646e-37
8.96493e-36
6.28954e-35
3.52178e-34
1.5341e-33
4.91713e-33
1.08184e-32
1.88116e-32
3.97544e-32
1.13967e-31
3.92331e-31
1.47794e-30
5.75491e-30
2.32639e-29
1.00843e-28
9.05314e-46
2.87278e-44
7.84552e-43
1.91302e-41
4.1299e-40
7.78611e-39
1.25968e-37
1.70726e-36
1.87601e-35
1.55226e-34
9.83492e-34
4.97625e-33
1.95834e-32
5.6853e-32
1.16666e-31
2.00928e-31
4.25074e-31
1.17164e-30
3.78868e-30
1.31202e-29
4.6458e-29
1.69634e-28
6.62289e-28
9.018e-46
2.97724e-44
8.57798e-43
2.22576e-41
5.11214e-40
1.03213e-38
1.80845e-37
2.70288e-36
3.36437e-35
3.37689e-34
2.53647e-33
1.45803e-32
6.70653e-32
2.41137e-31
6.42301e-31
1.23444e-30
2.09522e-30
4.34928e-30
1.14238e-29
3.42351e-29
1.08385e-28
3.47382e-28
1.13979e-27
4.0011e-27
8.74222e-46
2.97339e-44
8.92908e-43
2.4493e-41
5.99989e-40
1.29185e-38
2.43156e-37
3.95186e-36
5.45157e-35
6.233e-34
5.72485e-33
3.91655e-32
2.05499e-31
8.64381e-31
2.84157e-30
6.97221e-30
1.26679e-29
2.10484e-29
4.23734e-29
1.04527e-28
2.88475e-28
8.30672e-28
2.39567e-27
7.05228e-27
2.22308e-26
8.29818e-46
2.88488e-44
8.93874e-43
2.55999e-41
6.64418e-40
1.52947e-38
3.07785e-37
5.39054e-36
8.11775e-35
1.03332e-33
1.08601e-32
9.149e-32
5.71994e-31
2.74208e-30
1.05693e-29
3.1936e-29
7.25879e-29
1.25143e-28
2.02249e-28
3.89323e-28
8.94079e-28
2.25996e-27
5.87843e-27
1.52289e-26
4.01631e-26
1.13719e-25
7.74987e-46
2.73651e-44
8.6787e-43
2.56837e-41
6.97236e-40
1.70446e-38
3.67637e-37
6.902e-36
1.12351e-34
1.56685e-33
1.84077e-32
1.78045e-31
1.37593e-30
7.87145e-30
3.45982e-29
1.22589e-28
3.41614e-28
7.22182e-28
1.18339e-27
1.84347e-27
3.35697e-27
7.12916e-27
1.63713e-26
3.83883e-26
8.91628e-26
2.10729e-25
5.3727e-25
7.14878e-46
2.55053e-44
8.22611e-43
2.49523e-41
7.01041e-40
1.79592e-38
4.12358e-37
8.31933e-36
1.4554e-34
2.20034e-33
2.84135e-32
3.08033e-31
2.7422e-30
1.94667e-29
1.02098e-28
4.12464e-28
1.34651e-27
3.46992e-27
6.84172e-27
1.06351e-26
1.58463e-26
2.70659e-26
5.26711e-26
1.09597e-25
2.31077e-25
4.81171e-25
1.02178e-24
2.36316e-24
6.53332e-46
2.34501e-44
7.65113e-43
2.36344e-41
6.81543e-40
1.80976e-38
4.36302e-37
9.39399e-36
1.77065e-34
2.88427e-33
4.04821e-32
4.83719e-31
4.84008e-30
3.96839e-29
2.59072e-28
1.24764e-27
4.6404e-27
1.39812e-26
3.33687e-26
6.13916e-26
9.04122e-26
1.27861e-25
2.02667e-25
3.60333e-25
6.77012e-25
1.28287e-24
2.40026e-24
4.61513e-24
9.9141e-24
5.93031e-46
2.13358e-44
7.01123e-43
2.19407e-41
6.45184e-40
1.76078e-38
4.40696e-37
9.98304e-36
2.0133e-34
3.54265e-33
5.36944e-32
6.99281e-31
7.73231e-30
7.14281e-29
5.39648e-28
3.24129e-27
1.43443e-26
4.91726e-26
1.36856e-25
3.02721e-25
5.20425e-25
7.23543e-25
9.62205e-25
1.40926e-24
2.27785e-24
3.86041e-24
6.58574e-24
1.11522e-23
1.99062e-23
4.31167e-23
5.35712e-46
1.92579e-44
6.34994e-43
2.00446e-41
5.97948e-40
1.66612e-38
4.2915e-37
1.0109e-35
2.14944e-34
4.05737e-33
6.65959e-32
9.38963e-31
1.13439e-29
1.16066e-28
9.8999e-28
6.89002e-27
3.80794e-26
1.5496e-25
4.89924e-25
1.26024e-24
2.5856e-24
4.14966e-24
5.42792e-24
6.7418e-24
9.07348e-24
1.33072e-23
2.03658e-23
3.14822e-23
4.94301e-23
8.92398e-23
2.74625e-22
4.82383e-46
1.72792e-44
5.69804e-43
1.80779e-41
5.44789e-40
1.54183e-38
4.05948e-37
9.8542e-36
2.18251e-34
4.35313e-33
7.68603e-32
1.17662e-30
1.54251e-29
1.72825e-28
1.6358e-27
1.28764e-26
8.25517e-26
4.19969e-25
1.57196e-24
4.58424e-24
1.08981e-23
2.07328e-23
3.10308e-23
3.79908e-23
4.38531e-23
5.40786e-23
7.19873e-23
1.00026e-22
1.43314e-22
2.26899e-22
5.68005e-22
1.18532e-21
4.33529e-46
1.54366e-44
5.07582e-43
1.61341e-41
4.89485e-40
1.40129e-38
3.75163e-37
9.31966e-36
2.13008e-34
4.43344e-33
8.29083e-32
1.36918e-30
1.95372e-29
2.38076e-28
2.47249e-27
2.16401e-26
1.57165e-25
9.28171e-25
4.34526e-24
1.49546e-23
4.02101e-23
8.82995e-23
1.55634e-22
2.16813e-22
2.47565e-22
2.64828e-22
2.98859e-22
3.62535e-22
4.66758e-22
6.71846e-22
1.45436e-21
2.46842e-21
4.05142e-21
3.89283e-46
1.37485e-44
4.49538e-43
1.42752e-41
4.34715e-40
1.25471e-38
3.40196e-37
8.60249e-36
2.01446e-34
4.33323e-33
8.47252e-32
1.4856e-30
2.29335e-29
3.04961e-28
3.45185e-27
3.32164e-26
2.68742e-25
1.79992e-24
9.78546e-24
4.21193e-23
1.33184e-22
3.29939e-22
6.68773e-22
1.09118e-21
1.41282e-21
1.50197e-21
1.48577e-21
1.53815e-21
1.73023e-21
2.22547e-21
4.34099e-21
6.37736e-21
8.52612e-21
1.17918e-20
3.49538e-46
1.22206e-44
3.96288e-43
1.25382e-41
3.82253e-40
1.10933e-38
3.03647e-37
7.78429e-36
1.85747e-34
4.09874e-33
8.29545e-32
1.52393e-30
2.50424e-29
3.61357e-28
4.47416e-27
4.70211e-26
4.19161e-25
3.13195e-24
1.93273e-23
9.66164e-23
3.81946e-22
1.10859e-21
2.52811e-21
4.72651e-21
7.1347e-21
8.57809e-21
8.48423e-21
7.77332e-21
7.48615e-21
8.35255e-21
1.44679e-20
1.92301e-20
2.2303e-20
2.51421e-20
3.0394e-20
1.08499e-44
2.95572e-46
3.48043e-43
1.09422e-41
3.33167e-40
9.69937e-39
2.67358e-37
6.92744e-36
1.67752e-34
3.77591e-33
7.84943e-32
1.49515e-30
2.57978e-29
3.97359e-28
5.35518e-27
6.17076e-26
6.02107e-25
4.96596e-24
3.42316e-23
1.94392e-22
8.92368e-22
3.23594e-21
8.61187e-21
1.80621e-20
3.11322e-20
4.3468e-20
4.8558e-20
4.47856e-20
3.84168e-20
3.64275e-20
5.43923e-20
6.46723e-20
6.82219e-20
6.67672e-20
6.57509e-20
7.10552e-20
3.04733e-43
8.7278e-45
2.33449e-46
9.4942e-42
2.88011e-40
8.39404e-39
2.32546e-37
6.07613e-36
1.48874e-34
3.40392e-33
7.22561e-32
1.41558e-30
2.5372e-29
4.11316e-28
5.93407e-27
7.46572e-26
8.00688e-25
7.24331e-24
5.52018e-23
3.50617e-22
1.82943e-21
7.70041e-21
2.55785e-20
6.2349e-20
1.20193e-19
1.91004e-19
2.46948e-19
2.57183e-19
2.23321e-19
1.87732e-19
2.35434e-19
2.44669e-19
2.32744e-19
2.07832e-19
1.77525e-19
1.56041e-19
1.53051e-19
8.19253e-42
2.31401e-43
6.3903e-45
1.80656e-46
2.4699e-40
7.1923e-39
1.99936e-37
5.25936e-36
1.30109e-34
3.01289e-33
6.50256e-32
1.30225e-30
2.40432e-29
4.05697e-28
6.17598e-27
8.34257e-26
9.80067e-25
9.76837e-24
8.18134e-23
5.75404e-22
3.36196e-21
1.60898e-20
6.19973e-20
1.88379e-19
4.2023e-19
7.44488e-19
1.09213e-18
1.31234e-18
1.28648e-18
1.09167e-18
1.185e-18
1.06067e-18
8.92297e-19
7.22006e-19
5.63322e-19
4.28568e-19
3.41152e-19
3.07185e-19
2.10067e-40
5.85811e-42
1.55638e-43
4.60552e-45
1.37207e-46
6.09968e-39
1.69906e-37
4.49443e-36
1.1211e-34
2.62411e-33
5.74092e-32
1.17e-30
2.2109e-29
3.84924e-28
6.11269e-27
8.7362e-26
1.10536e-24
1.21082e-23
1.11984e-22
8.67161e-22
5.6188e-21
3.01413e-20
1.32065e-19
4.65063e-19
1.29104e-18
2.63471e-18
4.29356e-18
5.83406e-18
6.57523e-18
6.25693e-18
6.57771e-18
5.31183e-18
3.91172e-18
2.81819e-18
1.997e-18
1.3872e-18
9.52928e-19
6.94609e-19
5.79417e-19
5.11533e-39
1.4135e-40
3.61077e-42
1.03565e-43
3.26955e-45
1.0239e-46
1.42595e-37
3.79018e-36
9.52619e-35
2.2514e-33
4.98351e-32
1.03036e-30
1.98337e-29
3.53898e-28
5.80972e-27
8.68228e-26
1.16557e-24
1.3796e-23
1.40693e-22
1.20567e-21
8.61656e-21
5.13348e-20
2.52307e-19
1.01016e-18
3.24588e-18
8.22547e-18
1.53639e-17
2.30905e-17
2.92849e-17
3.1702e-17
3.53894e-17
2.90783e-17
1.97417e-17
1.25666e-17
7.95589e-18
5.02223e-18
3.14571e-18
1.97193e-18
1.32798e-18
1.03415e-18
1.17979e-37
3.23844e-39
7.97594e-41
2.21489e-42
6.81627e-44
2.28839e-45
7.51273e-47
3.14985e-36
7.97607e-35
1.90287e-33
4.25807e-32
8.91475e-31
1.74237e-29
3.17041e-28
5.34266e-27
8.27089e-26
1.164e-24
1.46621e-23
1.62091e-22
1.53663e-21
1.21786e-20
8.01645e-20
4.38155e-19
1.96883e-18
7.18938e-18
2.10527e-17
4.86914e-17
8.33857e-17
1.16221e-16
1.39904e-16
1.6874e-16
1.53379e-16
1.08191e-16
6.43448e-17
3.6192e-17
2.04415e-17
1.16298e-17
6.63399e-18
3.82786e-18
2.40004e-18
1.75656e-18
2.57281e-36
7.02832e-38
1.67386e-39
4.50947e-41
1.34986e-42
4.43775e-44
1.57988e-45
5.42543e-47
6.56743e-35
1.58256e-33
3.58067e-32
7.58609e-31
1.50256e-29
2.77849e-28
4.78112e-27
7.61119e-26
1.1121e-24
1.47259e-23
1.73777e-22
1.7916e-21
1.57591e-20
1.15265e-19
6.97207e-19
3.48793e-18
1.42994e-17
4.75479e-17
1.26788e-16
2.67815e-16
4.22049e-16
5.51468e-16
7.10622e-16
7.20159e-16
5.68449e-16
3.55617e-16
1.8862e-16
9.49802e-17
4.83595e-17
2.50283e-17
1.31101e-17
7.01639e-18
4.12359e-18
2.85323e-18
5.29863e-35
1.44313e-36
3.32744e-38
8.71691e-40
2.54466e-41
8.16667e-43
2.8584e-44
1.07627e-45
3.85739e-47
1.29181e-33
2.95913e-32
6.34783e-31
1.27342e-29
2.38815e-28
4.18085e-27
6.80632e-26
1.02465e-24
1.41221e-23
1.75687e-22
1.93926e-21
1.86096e-20
1.51544e-19
1.02048e-18
5.65842e-18
2.58519e-17
9.65201e-17
2.91922e-16
7.08799e-16
1.37005e-15
1.99986e-15
2.71648e-15
3.01319e-15
2.66533e-15
1.87473e-15
1.05471e-15
5.04451e-16
2.2951e-16
1.06257e-16
5.04242e-17
2.44356e-17
1.22122e-17
6.76821e-18
4.45102e-18
1.03016e-33
2.79969e-35
6.26195e-37
1.59867e-38
4.55588e-40
1.43098e-41
4.90092e-43
1.82054e-44
7.23777e-46
2.70054e-47
2.39585e-32
5.21436e-31
1.06033e-29
2.01548e-28
3.58194e-27
5.94022e-26
9.16028e-25
1.30371e-23
1.69262e-22
1.97526e-21
2.03541e-20
1.81379e-19
1.36399e-18
8.43491e-18
4.27717e-17
1.78084e-16
6.04595e-16
1.66241e-15
3.6794e-15
6.53244e-15
9.70018e-15
1.15402e-14
1.11942e-14
8.82518e-15
5.59582e-15
2.8567e-15
1.24214e-15
5.14768e-16
2.18359e-16
9.57024e-17
4.31931e-17
2.02823e-17
1.06583e-17
6.69376e-18
1.88972e-32
5.13712e-34
1.11289e-35
2.77944e-37
7.74126e-39
2.38111e-40
8.0051e-42
2.91588e-43
1.14727e-44
4.80468e-46
1.86245e-47
4.18969e-31
8.65831e-30
1.66968e-28
3.01034e-27
5.07379e-26
7.98169e-25
1.1659e-23
1.56693e-22
1.91357e-21
2.09056e-20
2.00602e-19
1.65554e-18
1.1467e-17
6.49559e-17
3.00527e-16
1.13822e-15
3.51018e-15
8.77678e-15
1.775e-14
3.16437e-14
4.16274e-14
4.32684e-14
3.73284e-14
2.64953e-14
1.5266e-14
7.12323e-15
2.83724e-15
1.07877e-15
4.22238e-16
1.72053e-16
7.27658e-17
3.22838e-17
1.61653e-17
9.73674e-18
3.27118e-31
8.90803e-33
1.8711e-34
4.57084e-36
1.2505e-37
3.75992e-39
1.24197e-40
4.45146e-42
1.71953e-43
7.15143e-45
3.1488e-46
1.26522e-47
6.90562e-30
1.35497e-28
2.48082e-27
4.24669e-26
6.79841e-25
1.01475e-23
1.40279e-22
1.77803e-21
2.03842e-20
2.07926e-19
1.85248e-18
1.41194e-17
8.98359e-17
4.65027e-16
1.95904e-15
6.74005e-15
1.8875e-14
4.29666e-14
8.65908e-14
1.38224e-13
1.58485e-13
1.45928e-13
1.12941e-13
7.27211e-14
3.8342e-14
1.64669e-14
6.04901e-15
2.12485e-15
7.72495e-16
2.94437e-16
1.17347e-16
4.94406e-17
2.36937e-17
1.37399e-17
5.33979e-30
1.46188e-31
2.96552e-33
7.10095e-35
1.91891e-36
5.65388e-38
1.8265e-39
6.45803e-41
2.45861e-42
1.00482e-43
4.40884e-45
2.03721e-46
8.49454e-48
1.07242e-28
2.00018e-27
3.4815e-26
5.66807e-25
8.62217e-24
1.2203e-22
1.59488e-21
1.90299e-20
2.04238e-19
1.93887e-18
1.59895e-17
1.12227e-16
6.54285e-16
3.08829e-15
1.18273e-14
3.69367e-14
9.39712e-14
2.12116e-13
3.8614e-13
5.37158e-13
5.43306e-13
4.46639e-13
3.12292e-13
1.83683e-13
8.92265e-14
3.54984e-14
1.21083e-14
3.95516e-15
1.34367e-15
4.81764e-16
1.81871e-16
7.31013e-17
3.3664e-17
1.88606e-17
8.21013e-29
2.26924e-30
4.46416e-32
1.03095e-33
2.7938e-35
8.14308e-37
2.55386e-38
8.8624e-40
3.34421e-41
1.34775e-42
5.81635e-44
2.68783e-45
1.30586e-46
5.70649e-48
1.57002e-27
2.78858e-26
4.62363e-25
7.16283e-24
1.03484e-22
1.38775e-21
1.71209e-20
1.91767e-19
1.91996e-18
1.69044e-17
1.28623e-16
8.29131e-16
4.41919e-15
1.89874e-14
6.60367e-14
1.8719e-13
4.70939e-13
9.68129e-13
1.53413e-12
1.87853e-12
1.6891e-12
1.24843e-12
7.94026e-13
4.29553e-13
1.93507e-13
7.17837e-14
2.28785e-14
6.99108e-15
2.23197e-15
7.5672e-16
2.71858e-16
1.04682e-16
4.64929e-17
2.52456e-17
1.18868e-27
3.32315e-29
6.41958e-31
1.41221e-32
3.75227e-34
1.13025e-35
3.44402e-37
1.15001e-38
4.29816e-40
1.72341e-41
7.32905e-43
3.3335e-44
1.62777e-45
8.40878e-47
3.86314e-48
2.17027e-26
3.68014e-25
5.81559e-24
8.56867e-23
1.17522e-21
1.49164e-20
1.73249e-19
1.81482e-18
1.6884e-17
1.37359e-16
9.61439e-16
5.67809e-15
2.76167e-14
1.07884e-13
3.40605e-13
9.53638e-13
2.20305e-12
3.93984e-12
5.481e-12
5.94838e-12
4.7893e-12
3.20551e-12
1.86761e-12
9.35472e-13
3.93338e-13
1.3689e-13
4.10035e-14
1.17875e-14
3.55515e-15
1.14516e-15
3.93196e-16
1.456e-16
6.2573e-17
3.3022e-17
1.62394e-26
4.56326e-28
8.80504e-30
1.87038e-31
4.60762e-33
1.44454e-34
4.60841e-36
1.43614e-37
5.17244e-39
2.08284e-40
8.82533e-42
3.95101e-43
1.90139e-44
9.9424e-46
5.4789e-47
2.63574e-48
2.8409e-25
4.60177e-24
6.92585e-23
9.70262e-22
1.26259e-20
1.51323e-19
1.64837e-18
1.60779e-17
1.3839e-16
1.03675e-15
6.65701e-15
3.59481e-14
1.5935e-13
5.6565e-13
1.76394e-12
4.57381e-12
9.19085e-12
1.44009e-11
1.77017e-11
1.71452e-11
1.24533e-11
7.6047e-12
4.08721e-12
1.90784e-12
7.5336e-13
2.4737e-13
7.00218e-14
1.90368e-14
5.44993e-15
1.67515e-15
5.51872e-16
1.97208e-16
8.22473e-17
4.22923e-17
2.10194e-25
5.87545e-27
1.12803e-28
2.4587e-30
5.36246e-32
1.61187e-33
5.82494e-35
1.8418e-36
5.88848e-38
2.33566e-39
1.00781e-40
4.48564e-42
2.12233e-43
1.09815e-44
6.1711e-46
3.6108e-47
3.52614e-24
5.44942e-23
7.80787e-22
1.04e-20
1.28185e-19
1.44547e-18
1.46968e-17
1.32808e-16
1.0533e-15
7.24227e-15
4.2567e-14
2.09905e-13
8.47357e-13
2.9741e-12
8.66682e-12
1.95578e-11
3.43857e-11
4.74879e-11
5.19311e-11
4.52251e-11
2.98616e-11
1.67639e-11
8.3692e-12
3.66338e-12
1.3663e-12
4.25555e-13
1.1442e-13
2.95583e-14
8.06768e-15
2.3758e-15
7.53685e-16
2.60702e-16
1.05796e-16
5.31311e-17
2.58319e-24
7.16202e-26
1.32249e-27
3.11224e-29
6.58024e-31
1.53361e-32
6.31523e-34
2.36181e-35
7.0594e-37
2.39333e-38
1.06253e-39
4.8576e-41
2.27464e-42
1.15827e-43
6.47207e-45
3.89016e-46
4.14674e-23
6.10754e-22
8.33424e-21
1.05465e-19
1.2274e-18
1.29572e-17
1.22264e-16
1.0185e-15
7.41268e-15
4.66616e-14
2.50686e-13
1.12767e-12
4.51142e-12
1.49386e-11
3.79347e-11
7.48463e-11
1.15768e-10
1.41876e-10
1.39088e-10
1.0978e-10
6.64116e-11
3.45309e-11
1.61212e-11
6.65639e-12
2.35739e-12
6.99943e-13
1.79586e-13
4.42768e-14
1.15685e-14
3.27582e-15
1.00387e-15
3.37076e-16
1.33428e-16
6.55679e-17
3.01119e-23
8.35282e-25
1.4194e-26
3.54887e-28
8.69206e-30
1.50187e-31
5.03233e-33
2.6878e-34
9.17453e-36
2.57022e-37
9.78313e-39
4.87352e-40
2.34293e-41
1.17474e-42
6.47407e-44
3.8888e-45
4.61333e-22
6.47905e-21
8.42326e-20
1.01045e-18
1.10494e-17
1.08504e-16
9.44463e-16
7.2162e-15
4.80466e-14
2.76397e-13
1.35546e-12
6.05425e-12
2.30781e-11
6.67356e-11
1.48161e-10
2.56868e-10
3.51923e-10
3.85779e-10
3.41911e-10
2.46626e-10
1.37769e-10
6.6826e-11
2.93615e-11
1.14995e-11
3.88648e-12
1.105e-12
2.71696e-13
6.41886e-14
1.61134e-14
4.40179e-15
1.3069e-15
4.27085e-16
1.65214e-16
7.94574e-17
3.3189e-22
9.34717e-24
1.44494e-25
3.42087e-27
1.08922e-28
2.03331e-30
2.83672e-32
2.13032e-33
1.13991e-34
3.3048e-36
8.8904e-38
4.0916e-39
2.26427e-40
1.15359e-41
6.23033e-43
3.70189e-44
4.8524e-21
6.50925e-20
8.05734e-19
9.12251e-18
9.30904e-17
8.44279e-16
6.73652e-15
4.70177e-14
2.85698e-13
1.49943e-12
7.30865e-12
3.13488e-11
1.04628e-10
2.6473e-10
5.16262e-10
7.92149e-10
9.69626e-10
9.59464e-10
7.75706e-10
5.15689e-10
2.68073e-10
1.22138e-10
5.08074e-11
1.89724e-11
6.14677e-12
1.68038e-12
3.9749e-13
9.03161e-14
2.18553e-14
5.77699e-15
1.66626e-15
5.31025e-16
2.00651e-16
9.03805e-17
3.45035e-21
9.9412e-23
1.47698e-24
2.74457e-26
1.09799e-27
3.20299e-29
2.58673e-31
7.83107e-33
9.97103e-34
4.58237e-35
1.0707e-36
2.96782e-38
1.79257e-39
1.08424e-40
5.83701e-42
3.38942e-43
4.82953e-20
6.19879e-19
7.28221e-18
7.72722e-17
7.29756e-16
6.06525e-15
4.41221e-14
2.80364e-13
1.55149e-12
8.09089e-12
3.80482e-11
1.42944e-10
4.17838e-10
9.29855e-10
1.60602e-09
2.20227e-09
2.43284e-09
2.19455e-09
1.63348e-09
1.0093e-09
4.91892e-10
2.1187e-10
8.39093e-11
3.00156e-11
9.36044e-12
2.46965e-12
5.63985e-13
1.23653e-13
2.89319e-14
7.42032e-15
2.08356e-15
6.47247e-16
2.28997e-16
1.03796e-16
3.38465e-20
9.8908e-22
1.55145e-23
2.06428e-25
7.67313e-27
4.02183e-28
6.91122e-30
0
3.98456e-33
4.52053e-34
1.71887e-35
2.91988e-37
1.02561e-38
8.42621e-40
5.3468e-41
3.02945e-42
4.56034e-19
5.59491e-18
6.19587e-17
6.10433e-16
5.28502e-15
3.99634e-14
2.63811e-13
1.52208e-12
8.35255e-12
4.20591e-11
1.7282e-10
5.685e-10
1.46488e-09
2.89618e-09
4.47934e-09
5.54985e-09
5.59175e-09
4.64389e-09
3.21137e-09
1.85914e-09
8.55489e-10
3.50447e-10
1.32815e-10
4.57084e-11
1.37715e-11
3.51851e-12
7.78105e-13
1.65117e-13
3.74592e-14
9.34175e-15
2.55227e-15
7.40474e-16
2.63553e-16
1.20687e-16
3.14814e-19
9.08541e-21
1.59108e-22
2.026e-24
2.73393e-26
3.31618e-27
1.31063e-28
4.2401e-31
0
2.00086e-33
1.97337e-34
5.85204e-36
5.67009e-38
4.25019e-39
4.16872e-40
2.69809e-41
4.09565e-18
4.77487e-17
4.9335e-16
4.46231e-15
3.5082e-14
2.39792e-13
1.43119e-12
8.15571e-12
4.30922e-11
1.88737e-10
6.78661e-10
1.97386e-09
4.53824e-09
8.06543e-09
1.1294e-08
1.27753e-08
1.18561e-08
9.14988e-09
5.92859e-09
3.24022e-09
1.41705e-09
5.55111e-10
2.02263e-10
6.72314e-11
1.96356e-11
4.87225e-12
1.04636e-12
2.15503e-13
4.75052e-14
1.15122e-14
2.92999e-15
8.54374e-16
3.0716e-16
1.42252e-16
2.79581e-18
7.74021e-20
1.43302e-21
2.83111e-23
0
1.33176e-26
1.36842e-27
3.46421e-29
0
0
9.86294e-34
8.22172e-35
1.73513e-36
2.88525e-39
2.1502e-39
2.11013e-40
3.49864e-17
3.83283e-16
3.64606e-15
2.99062e-14
2.11613e-13
1.30055e-12
7.62079e-12
4.1571e-11
1.89985e-10
7.2826e-10
2.3258e-09
6.07117e-09
1.26066e-08
2.03374e-08
2.60158e-08
2.71012e-08
2.33661e-08
1.68958e-08
1.03369e-08
5.37054e-09
2.24562e-09
8.45426e-10
2.97412e-10
9.58169e-11
2.72061e-11
6.5736e-12
1.37443e-12
2.75316e-13
5.89277e-14
1.32717e-14
3.39286e-15
9.98499e-16
3.62968e-16
1.70208e-16
2.38183e-17
6.29307e-19
1.0211e-20
3.68177e-22
4.88359e-25
0
6.40949e-27
5.30606e-28
5.44947e-30
0
3.05414e-34
4.68395e-34
3.27433e-35
4.17962e-37
0
1.137e-39
2.83152e-16
2.86968e-15
2.47445e-14
1.81829e-13
1.14903e-12
6.87867e-12
3.82806e-11
1.79562e-10
7.18888e-10
2.46179e-09
7.10979e-09
1.68703e-08
3.1912e-08
4.70458e-08
5.53416e-08
5.34603e-08
4.31274e-08
2.94282e-08
1.71163e-08
8.50605e-09
3.41897e-09
1.24257e-09
4.23625e-10
1.32681e-10
3.67201e-11
8.65954e-12
1.76596e-12
3.43777e-13
6.82424e-14
1.54362e-14
3.98095e-15
1.18352e-15
4.35516e-16
2.07062e-16
1.94421e-16
5.10902e-18
5.04898e-20
3.45091e-21
6.03858e-23
0
0
3.03063e-27
1.87672e-28
0
0
3.05951e-34
2.1504e-34
1.27912e-35
5.49532e-38
0
2.1541e-15
1.98031e-14
1.52224e-13
9.90851e-13
6.04101e-12
3.40322e-11
1.61889e-10
6.66071e-10
2.39719e-09
7.48724e-09
1.98198e-08
4.30925e-08
7.46352e-08
1.00981e-07
1.09771e-07
9.88786e-08
7.50835e-08
4.86442e-08
2.70572e-08
1.29317e-08
5.02058e-09
1.76848e-09
5.86188e-10
1.78957e-10
4.83774e-11
1.11511e-11
2.21566e-12
3.99963e-13
7.97605e-14
1.82008e-14
4.73938e-15
1.42487e-15
5.3146e-16
2.56579e-16
1.51063e-15
4.26283e-17
1.19943e-19
2.06519e-20
1.01313e-21
0
0
1.13513e-27
1.36329e-27
5.83784e-29
0
0
2.13376e-34
9.7903e-35
4.94872e-36
0
1.52083e-14
1.23938e-13
8.35605e-13
5.18897e-12
2.94714e-11
1.41023e-10
5.88933e-10
2.19069e-09
7.25245e-09
2.09578e-08
5.12445e-08
1.02497e-07
1.62978e-07
2.02971e-07
2.04691e-07
1.72739e-07
1.24105e-07
7.67425e-08
4.10316e-08
1.89503e-08
7.13638e-09
2.44475e-09
7.90039e-10
2.35587e-10
6.22765e-11
1.40083e-11
2.58969e-12
4.69903e-13
9.45658e-14
2.17878e-14
5.73398e-15
1.74535e-15
6.60839e-16
3.24529e-16
1.10275e-14
3.66044e-16
0
5.58628e-20
8.03512e-21
2.26058e-22
0
0
1.03566e-27
5.81649e-28
1.46857e-29
0
0
1.30936e-34
4.48402e-35
1.89349e-36
9.7635e-14
6.89112e-13
4.37372e-12
2.50267e-11
1.19874e-10
5.03522e-10
1.90965e-09
6.58406e-09
2.03593e-08
5.48641e-08
1.2432e-07
2.29068e-07
3.34866e-07
3.84782e-07
3.61276e-07
2.86857e-07
1.95886e-07
1.16147e-07
5.99598e-08
2.68711e-08
9.85108e-09
3.29181e-09
1.03942e-09
3.03064e-10
7.82003e-11
1.64599e-11
3.05727e-12
5.6047e-13
1.13918e-13
2.6525e-14
7.06271e-15
2.17955e-15
8.39154e-16
4.20034e-16
7.36338e-14
3.19445e-15
0
0
2.58676e-20
2.91382e-21
2.04505e-23
0
0
6.75079e-28
2.34715e-28
2.16276e-30
0
2.1675e-35
7.6243e-35
2.07715e-35
5.54412e-13
3.62299e-12
2.09366e-11
1.00164e-10
4.20531e-10
1.60881e-09
5.69021e-09
1.84856e-08
5.38467e-08
1.35737e-07
2.85141e-07
4.83983e-07
6.51105e-07
6.91942e-07
6.07e-07
4.55322e-07
2.9677e-07
1.69421e-07
8.47774e-08
3.69981e-08
1.32456e-08
4.32806e-09
1.33715e-09
3.80789e-10
9.25075e-11
1.95078e-11
3.66743e-12
6.79875e-13
1.39694e-13
3.29055e-14
8.87584e-15
2.78136e-15
1.09109e-15
5.57987e-16
4.32646e-13
2.64306e-14
0
0
0
1.1787e-20
9.46419e-22
0
0
3.97743e-29
3.79038e-28
8.92211e-29
0
0
3.98784e-35
4.38733e-35
2.9484e-12
1.73034e-11
8.27008e-11
3.45723e-10
1.3235e-09
4.74256e-09
1.59222e-08
4.92058e-08
1.35498e-07
3.19461e-07
6.21304e-07
9.70885e-07
1.2033e-06
1.18589e-06
9.75569e-07
6.94116e-07
4.33522e-07
2.39174e-07
1.16404e-07
4.96234e-08
1.73956e-08
5.56839e-09
1.68332e-09
4.54012e-10
1.10018e-10
2.35132e-11
4.47905e-12
8.40525e-13
1.74764e-13
4.16956e-14
1.141e-14
3.6374e-15
1.45733e-15
7.63633e-16
1.87e-13
2.35124e-12
1.52264e-15
0
0
4.63995e-21
5.02932e-21
2.64277e-22
0
0
1.58292e-28
1.90603e-28
3.25247e-29
0
0
4.04217e-35
1.41461e-11
6.77009e-11
2.8132e-10
1.0717e-09
3.85257e-09
1.3178e-08
4.24538e-08
1.2537e-07
3.26349e-07
7.18006e-07
1.29001e-06
1.85491e-06
2.12128e-06
1.94485e-06
1.50621e-06
1.02057e-06
6.13098e-07
3.2798e-07
1.55724e-07
6.50251e-08
2.23693e-08
7.02255e-09
2.02105e-09
5.41685e-10
1.3315e-10
2.88819e-11
5.58204e-12
1.06162e-12
2.23643e-13
5.41195e-14
1.50504e-14
4.89188e-15
2.00752e-15
1.08158e-15
3.03692e-14
1.16421e-12
1.14372e-11
0
0
0
4.05602e-21
2.00165e-21
5.68808e-23
0
0
1.49633e-28
9.07772e-29
1.21248e-29
0
0
5.50584e-11
2.2743e-10
8.59246e-10
3.07621e-09
1.05956e-08
3.50227e-08
1.08907e-07
3.07562e-07
7.54886e-07
1.54437e-06
2.55726e-06
3.38343e-06
3.57816e-06
3.06299e-06
2.24242e-06
1.45273e-06
8.42402e-07
4.38326e-07
2.03587e-07
8.34649e-08
2.8227e-08
8.47186e-09
2.41652e-09
6.57761e-10
1.64308e-10
3.62364e-11
7.11685e-12
1.37379e-12
2.93651e-13
7.21957e-14
2.04465e-14
6.79434e-15
2.86594e-15
1.59441e-15
0
3.08281e-13
6.34349e-12
4.45128e-11
0
0
0
2.5199e-21
7.39992e-22
5.72425e-24
0
0
1.11063e-28
4.52309e-29
4.83797e-30
0
1.83099e-10
6.84964e-10
2.43007e-09
8.35185e-09
2.79398e-08
8.99131e-08
2.70467e-07
7.28951e-07
1.67965e-06
3.18214e-06
4.84663e-06
5.9046e-06
5.7914e-06
4.64779e-06
3.23034e-06
2.00869e-06
1.12812e-06
5.72599e-07
2.60802e-07
1.05193e-07
3.41254e-08
1.01319e-08
2.93918e-09
8.14229e-10
2.07157e-10
4.65499e-11
9.30929e-12
1.82724e-12
3.9702e-13
9.9377e-14
2.87348e-14
9.79426e-15
4.26464e-15
2.46272e-15
0
4.9611e-14
2.3157e-12
2.58934e-11
1.46957e-10
0
0
7.37858e-22
1.31743e-21
2.55026e-22
0
0
2.26755e-29
8.81098e-29
2.57995e-29
1.99294e-30
5.4438e-10
1.90812e-09
6.5005e-09
2.17665e-08
7.13666e-08
2.2449e-07
6.52738e-07
1.67167e-06
3.59628e-06
6.2835e-06
8.79166e-06
9.87854e-06
9.01888e-06
6.81607e-06
4.51683e-06
2.70606e-06
1.47667e-06
7.33071e-07
3.28154e-07
1.27127e-07
4.0741e-08
1.23138e-08
3.6411e-09
1.02915e-09
2.67382e-10
6.13829e-11
1.25308e-11
2.50667e-12
5.54897e-13
1.41765e-13
4.19822e-14
1.47361e-14
6.65711e-15
4.01522e-15
0
0
7.54093e-13
1.07562e-11
8.68951e-11
4.31952e-10
0
0
8.80881e-22
6.22502e-22
8.48893e-23
0
0
8.20507e-29
8.5609e-29
1.63526e-29
1.49404e-09
5.02313e-09
1.66939e-08
5.50323e-08
1.7788e-07
5.47545e-07
1.53379e-06
3.70983e-06
7.40648e-06
1.18915e-05
1.52804e-05
1.58766e-05
1.35498e-05
9.68867e-06
6.14779e-06
3.56169e-06
1.89412e-06
9.21928e-07
3.96109e-07
1.51268e-07
4.93683e-08
1.52222e-08
4.5994e-09
1.33009e-09
3.53981e-10
8.3286e-11
1.74087e-11
3.55927e-12
8.04959e-13
2.10554e-13
6.40921e-14
2.32739e-14
1.09714e-14
6.96855e-15
0
0
2.01712e-13
4.27222e-12
3.81019e-11
2.55091e-10
1.16857e-09
0
0
6.74125e-22
2.89034e-22
2.93501e-23
0
0
1.76655e-28
9.1936e-29
3.86827e-09
1.26844e-08
4.16022e-08
1.36043e-07
4.34944e-07
1.30824e-06
3.51073e-06
7.96076e-06
1.46598e-05
2.15696e-05
2.54784e-05
2.45661e-05
1.96913e-05
1.33854e-05
8.16719e-06
4.59137e-06
2.38618e-06
1.1124e-06
4.69803e-07
1.82478e-07
6.07574e-08
1.91542e-08
5.92954e-09
1.75985e-09
4.81413e-10
1.16517e-10
2.50281e-11
5.24782e-12
1.21653e-12
3.26929e-13
1.02713e-13
3.87786e-14
1.92256e-14
1.32072e-14
0
0
3.45885e-14
1.59503e-12
1.63506e-11
1.13767e-10
6.81495e-10
2.97525e-09
0
5.07016e-23
5.0068e-22
1.44604e-22
1.11e-23
0
0
3.59128e-28
9.59204e-09
3.10587e-08
1.01432e-07
3.3083e-07
1.04727e-06
3.06594e-06
7.82211e-06
1.64927e-05
2.78585e-05
3.7508e-05
4.08164e-05
3.66793e-05
2.7753e-05
1.80212e-05
1.06159e-05
5.80974e-06
2.88295e-06
1.31676e-06
5.64407e-07
2.23266e-07
7.59782e-08
2.45455e-08
7.8066e-09
2.38561e-09
6.73307e-10
1.68323e-10
3.73095e-11
8.05377e-12
1.92063e-12
5.32322e-13
1.73338e-13
6.84992e-14
3.6776e-14
3.90079e-14
0
0
0
5.45698e-13
6.81751e-12
5.02334e-11
3.02497e-10
1.69944e-09
7.23881e-09
0
4.2938e-22
4.0226e-22
8.11036e-23
4.01287e-24
0
3.22848e-28
2.30265e-08
7.43565e-08
2.4356e-07
7.95251e-07
2.48943e-06
7.04797e-06
1.69358e-05
3.29243e-05
5.07814e-05
6.25656e-05
6.29347e-05
5.29739e-05
3.80351e-05
2.37028e-05
1.35313e-05
7.04327e-06
3.4124e-06
1.57785e-06
6.87058e-07
2.7715e-07
9.6566e-08
3.20411e-08
1.04987e-08
3.31427e-09
9.68848e-10
2.51263e-10
5.77224e-11
1.28801e-11
3.17182e-12
9.09977e-13
3.08895e-13
1.31232e-13
1.06899e-13
1.10471e-13
0
0
0
1.63905e-13
2.73952e-12
2.18557e-11
1.33944e-10
7.39887e-10
4.02249e-09
1.70122e-08
0
7.68798e-22
3.49026e-22
4.51896e-23
8.57273e-25
0
5.39539e-08
1.75246e-07
5.79242e-07
1.89689e-06
5.85003e-06
1.58737e-05
3.55422e-05
6.31991e-05
8.87364e-05
0.000100205
9.35892e-05
7.41946e-05
5.08151e-05
3.05262e-05
1.64972e-05
8.35399e-06
4.08727e-06
1.91453e-06
8.4764e-07
3.49087e-07
1.24744e-07
4.26036e-08
1.44201e-08
4.7178e-09
1.43393e-09
3.8745e-10
9.26582e-11
2.14592e-11
5.47638e-12
1.63472e-12
5.9275e-13
3.75863e-13
2.94427e-13
2.94238e-13
0
0
0
3.95927e-14
1.05038e-12
9.32751e-12
5.89306e-11
3.23295e-10
1.69906e-09
9.14034e-09
3.89274e-08
6.08906e-22
1.11466e-21
2.80577e-22
2.04377e-23
0
1.24228e-07
4.09065e-07
1.37116e-06
4.50355e-06
1.35931e-05
3.49448e-05
7.20799e-05
0.000116415
0.000148614
0.00015431
0.000134546
0.000101034
6.63412e-05
3.75161e-05
1.96489e-05
1.00244e-05
4.955e-06
2.35262e-06
1.05989e-06
4.46117e-07
1.6375e-07
5.76795e-08
2.02173e-08
6.87588e-09
2.18071e-09
6.16431e-10
1.54109e-10
3.71867e-11
9.88332e-12
3.13896e-12
1.67029e-12
1.00569e-12
7.5689e-13
7.35879e-13
0
0
0
5.5309e-15
3.79281e-13
3.88645e-12
2.56742e-11
1.41239e-10
7.24244e-10
3.71262e-09
2.00955e-08
8.72766e-08
2.24476e-21
1.28257e-21
1.83701e-22
5.60509e-24
2.82742e-07
9.50971e-07
3.24575e-06
1.06658e-05
3.11948e-05
7.49388e-05
0.000140784
0.000205427
0.000238632
0.000228922
0.000187469
0.000134109
8.23941e-05
4.49652e-05
2.36721e-05
1.21706e-05
6.08022e-06
2.9277e-06
1.34304e-06
5.78282e-07
2.18328e-07
7.94579e-08
2.89065e-08
1.02475e-08
3.40254e-09
1.01005e-09
2.65048e-10
6.69833e-11
1.8929e-11
8.67291e-12
4.34251e-12
2.4952e-12
1.8214e-12
1.73553e-12
4.16644e-22
0
0
0
1.26594e-13
1.57274e-12
1.1041e-11
6.1507e-11
3.1035e-10
1.52993e-09
7.79028e-09
4.29769e-08
1.92751e-07
4.20121e-21
1.12615e-21
8.97234e-23
6.39656e-07
2.21484e-06
7.71927e-06
2.52281e-05
7.05245e-05
0.000155882
0.000263906
0.000346843
0.000367775
0.000327928
0.000253833
0.000168697
9.95963e-05
5.45047e-05
2.88469e-05
1.49502e-05
7.55118e-06
3.68898e-06
1.72409e-06
7.59971e-07
2.9546e-07
1.11272e-07
4.20967e-08
1.55941e-08
5.4375e-09
1.70156e-09
4.71304e-10
1.27199e-10
5.0933e-11
2.1898e-11
1.04177e-11
5.78018e-12
4.13007e-12
3.88213e-12
7.94456e-21
0
0
0
3.8054e-14
6.1448e-13
4.67172e-12
2.663e-11
1.333e-10
6.3714e-10
3.07987e-09
1.5798e-08
8.9706e-08
4.21281e-07
5.05613e-21
7.51577e-22
1.44725e-06
5.20307e-06
1.85304e-05
5.96014e-05
0.000156433
0.000312922
0.000473225
0.000560098
0.000544967
0.000454787
0.000324206
0.000206055
0.000121733
6.6807e-05
3.55514e-05
1.85766e-05
9.4889e-06
4.70474e-06
2.24109e-06
1.01188e-06
4.0548e-07
1.58228e-07
6.23587e-08
2.41953e-08
8.8898e-09
2.94966e-09
8.78798e-10
3.29368e-10
1.24567e-10
5.08955e-11
2.32991e-11
1.26077e-11
8.88552e-12
8.28456e-12
1.6042e-20
0
0
0
9.86213e-15
2.30259e-13
1.93837e-12
1.14345e-11
5.72495e-11
2.67345e-10
1.23705e-09
5.95112e-09
3.1105e-08
1.82947e-07
9.15496e-07
4.38556e-21
3.30002e-06
1.2422e-05
4.50697e-05
0.000140376
0.000338456
0.000602782
0.000809575
0.000865517
0.000778248
0.000591619
0.000400991
0.000254425
0.000150395
8.27743e-05
4.42951e-05
2.33403e-05
1.20596e-05
6.06993e-06
2.94784e-06
1.36392e-06
5.63751e-07
2.28202e-07
9.38487e-08
3.82492e-08
1.48934e-08
5.33559e-09
2.146e-09
7.74833e-10
2.80621e-10
1.10301e-10
4.90579e-11
2.60954e-11
1.82529e-11
1.69858e-11
1.88803e-20
3.31781e-20
0
0
1.92952e-15
8.21409e-14
7.85894e-13
4.85729e-12
2.45321e-11
1.12749e-10
5.03296e-10
2.28988e-09
1.1096e-08
5.96479e-08
3.63842e-07
1.99062e-06
7.65446e-06
3.03894e-05
0.000111327
0.000328088
0.000708821
0.00110786
0.00131907
0.00128185
0.00103523
0.000742849
0.000501166
0.000317374
0.000187704
0.000103613
5.5765e-05
2.96362e-05
1.54915e-05
7.91676e-06
3.92057e-06
1.8594e-06
7.93258e-07
3.33489e-07
1.43431e-07
6.17163e-08
2.58802e-08
1.2039e-08
4.78792e-09
1.68448e-09
5.90697e-10
2.25299e-10
9.80443e-11
5.15898e-11
3.60341e-11
3.3637e-11
6.59606e-20
0
0
1.45008e-16
2.76628e-14
3.10228e-13
2.03619e-12
1.04674e-11
4.76939e-11
2.06864e-10
8.9762e-10
4.06402e-09
2.00462e-08
1.1156e-07
7.02223e-07
4.36876e-06
1.82774e-05
7.68578e-05
0.000279225
0.000754946
0.0014239
0.00193233
0.0020462
0.0017528
0.00132384
0.000941945
0.000632324
0.000399614
0.000236472
0.000130936
7.08855e-05
3.80007e-05
2.00984e-05
1.04296e-05
5.26759e-06
2.5615e-06
1.12875e-06
4.93651e-07
2.22943e-07
1.02569e-07
5.3547e-08
2.51158e-08
9.92281e-09
3.43441e-09
1.17485e-09
4.3725e-10
1.87226e-10
9.79557e-11
6.88258e-11
6.4656e-11
1.34387e-19
0
0
8.856e-15
1.18831e-13
8.40134e-13
4.43817e-12
2.01992e-11
8.57101e-11
3.57393e-10
1.52595e-09
6.94469e-09
3.52086e-08
2.03344e-07
1.30294e-06
9.8023e-06
4.56227e-05
0.000202624
0.000708213
0.00169084
0.00271512
0.0031851
0.00289729
0.00229241
0.00170791
0.00120444
0.000804393
0.00050732
0.000300408
0.000166883
9.08951e-05
4.91603e-05
2.63111e-05
1.38659e-05
7.14344e-06
3.56312e-06
1.62373e-06
7.41034e-07
3.54689e-07
1.95785e-07
1.04002e-07
4.89739e-08
1.9373e-08
6.63793e-09
2.22474e-09
8.11595e-10
3.43494e-10
1.80039e-10
1.2783e-10
1.21114e-10
0
0
2.86042e-15
4.45445e-14
3.40335e-13
1.86594e-12
8.55016e-12
3.57358e-11
1.44177e-10
5.85503e-10
2.48316e-09
1.14671e-08
6.02763e-08
3.5971e-07
2.2828e-06
2.29257e-05
0.000121253
0.000560231
0.00180047
0.00362688
0.00486067
0.00471974
0.00389716
0.00301954
0.00221819
0.00155031
0.00103017
0.000648508
0.000384365
0.00021428
0.000117446
6.40964e-05
3.47202e-05
1.85858e-05
9.77048e-06
5.00324e-06
2.36339e-06
1.13309e-06
6.31895e-07
3.55858e-07
1.90036e-07
9.03484e-08
3.59743e-08
1.22473e-08
4.03652e-09
1.44789e-09
6.07746e-10
3.2225e-10
2.31772e-10
2.21919e-10
0
9.754e-16
1.69668e-14
1.3633e-13
7.76201e-13
3.61051e-12
1.49699e-11
5.8821e-11
2.28874e-10
9.13718e-10
3.88011e-09
1.83605e-08
1.00723e-07
6.10794e-07
3.64396e-06
5.7416e-05
0.000350561
0.00163013
0.00450556
0.0073013
0.00766284
0.00657993
0.00526352
0.00399319
0.00289321
0.00200473
0.00132591
0.000833451
0.000494613
0.000276823
0.000152728
8.41298e-05
4.61368e-05
2.50968e-05
1.34736e-05
7.09645e-06
3.49194e-06
1.90715e-06
1.08457e-06
6.12318e-07
3.29971e-07
1.58966e-07
6.39324e-08
2.16985e-08
7.04677e-09
2.49322e-09
1.0478e-09
5.63836e-10
4.11759e-10
3.98799e-10
3.6248e-16
6.69925e-15
5.56606e-14
3.21475e-13
1.51797e-12
6.29014e-12
2.42327e-11
9.09429e-11
3.44677e-10
1.3623e-09
5.83836e-09
2.86218e-08
1.63927e-07
9.6987e-07
4.83283e-06
0.000159614
0.00113661
0.00494518
0.0108102
0.0126022
0.011193
0.00915833
0.00710536
0.00528435
0.00377989
0.00259874
0.00171191
0.0010751
0.000639166
0.000359302
0.000199625
0.000111035
6.16794e-05
3.41248e-05
1.87426e-05
1.01929e-05
5.61244e-06
3.11975e-06
1.77229e-06
1.00584e-06
5.48172e-07
2.68225e-07
1.09276e-07
3.70467e-08
1.18847e-08
4.15259e-09
1.76766e-09
9.67853e-10
7.18538e-10
7.04726e-10
2.76665e-15
2.34913e-14
1.36125e-13
6.39059e-13
2.64633e-12
1.00657e-11
3.66736e-11
1.32896e-10
4.94014e-10
1.94435e-09
8.48947e-09
4.36119e-08
2.56834e-07
1.34139e-06
3.43457e-06
0.000522262
0.00427021
0.0154691
0.0216061
0.0195924
0.0161399
0.0126426
0.00954495
0.00697491
0.00493369
0.00336968
0.00221294
0.00138952
0.000828118
0.000467858
0.000261915
0.000147203
8.2913e-05
4.67407e-05
2.63563e-05
1.57979e-05
8.82172e-06
4.88229e-06
2.77694e-06
1.58678e-06
8.75644e-07
4.35833e-07
1.80212e-07
6.11834e-08
1.94107e-08
6.77079e-09
2.92764e-09
1.63361e-09
1.23473e-09
1.22593e-09
1.02798e-14
5.96198e-14
2.76002e-13
1.12075e-12
4.20875e-12
1.49873e-11
5.22716e-11
1.84264e-10
6.75048e-10
2.66162e-09
1.19941e-08
6.50131e-08
3.71642e-07
1.18293e-06
0
0.00227221
0.0197435
0.040386
0.0362835
0.0293618
0.0227795
0.0172188
0.0127115
0.00915575
0.00641801
0.00436128
0.00285859
0.00179626
0.001074
0.000610302
0.000344553
0.0001959
0.0001121
6.46151e-05
3.97732e-05
2.40351e-05
1.33171e-05
7.35433e-06
4.19412e-06
2.41509e-06
1.35023e-06
6.84157e-07
2.87637e-07
9.79202e-08
3.0747e-08
1.08416e-08
4.77016e-09
2.71748e-09
2.09108e-09
2.10333e-09
2.7024e-14
1.23541e-13
4.8873e-13
1.78059e-12
6.19765e-12
2.09423e-11
7.04998e-11
2.42906e-10
8.80059e-10
3.50724e-09
1.65873e-08
9.30907e-08
4.16671e-07
0
0
0.0175545
0.0891874
0.0730974
0.0559863
0.0421073
0.031317
0.0230553
0.0167356
0.0119236
0.00830308
0.00562336
0.00368344
0.00231868
0.00139217
0.000796554
0.000454126
0.00026175
0.000152715
9.54414e-05
5.90178e-05
3.52183e-05
1.94102e-05
1.07126e-05
6.13133e-06
3.55938e-06
2.01641e-06
1.04045e-06
4.45142e-07
1.52281e-07
4.77433e-08
1.70788e-08
7.66019e-09
4.45769e-09
3.49604e-09
3.55799e-09
5.72633e-14
2.21496e-13
7.78703e-13
2.60632e-12
8.53438e-12
2.76191e-11
9.02163e-11
3.04608e-10
1.09619e-09
4.48031e-09
2.24341e-08
1.14948e-07
2.34421e-07
0
0
0.25752
0.163969
0.112725
0.0801352
0.0577974
0.0418759
0.0302998
0.0217426
0.015378
0.0106644
0.00721132
0.00472692
0.00298422
0.0018014
0.00103939
0.000599757
0.000351772
0.000221452
0.000138666
8.44867e-05
4.99374e-05
2.74287e-05
1.51459e-05
8.70516e-06
5.09572e-06
2.92455e-06
1.53642e-06
6.6953e-07
2.30037e-07
7.29381e-08
2.64942e-08
1.21278e-08
7.22082e-09
5.76756e-09
5.9404e-09
1.04141e-13
3.55101e-13
1.13761e-12
3.55469e-12
1.10637e-11
3.44985e-11
1.09635e-10
3.63376e-10
1.30859e-09
5.59061e-09
2.78476e-08
9.92764e-08
2.69594e-08
0
0.40729
0.992932
0.237591
0.156182
0.10784
0.076264
0.0545238
0.0390658
0.0278468
0.0196185
0.013581
0.00918516
0.00603335
0.00382501
0.00232501
0.00135612
0.000795195
0.000501421
0.000315674
0.000194547
0.0001172
6.87784e-05
3.77044e-05
2.08483e-05
1.20382e-05
7.1054e-06
4.12982e-06
2.20806e-06
9.7991e-07
3.40389e-07
1.09575e-07
4.04761e-08
1.89493e-08
1.15449e-08
9.39661e-09
1.68429e-13
5.19668e-13
1.54312e-12
4.55246e-12
1.35613e-11
4.08758e-11
1.26501e-10
4.12267e-10
1.5071e-09
6.6187e-09
2.74037e-08
5.56462e-08
0
0.508573
0.979637
0.305302
0.201055
0.138337
0.0973301
0.0692558
0.0494339
0.0351537
0.0247409
0.0171337
0.0116091
0.00765206
0.00487945
0.0029939
0.00177281
0.00111432
0.00070175
0.000434733
0.000264709
0.000158105
9.22972e-05
5.05592e-05
2.80132e-05
1.62546e-05
9.67293e-06
5.69088e-06
3.09412e-06
1.39683e-06
4.9472e-07
1.61838e-07
6.09232e-08
2.92058e-08
1.82276e-08
2.47685e-13
7.03828e-13
1.96049e-12
5.50347e-12
1.57564e-11
4.59657e-11
1.38375e-10
4.45604e-10
1.65936e-09
6.70403e-09
1.94526e-08
2.19165e-08
0.582033
0.969155
0.36648
0.246087
0.171069
0.120793
0.0860534
0.0614808
0.0437584
0.0308399
0.0214044
0.0145513
0.00964012
0.00619756
0.00385524
0.00244094
0.00153088
0.00094909
0.000580923
0.000350528
0.000208029
0.000120992
6.62929e-05
3.68247e-05
2.14766e-05
1.28834e-05
7.66816e-06
4.23561e-06
1.94811e-06
7.05869e-07
2.34899e-07
9.03105e-08
4.44198e-08
3.36125e-13
8.90687e-13
2.34694e-12
6.30095e-12
1.73732e-11
4.89816e-11
1.43184e-10
4.57237e-10
1.63765e-09
5.20636e-09
8.91351e-09
0.638687
0.961681
0.422532
0.290945
0.205579
0.146509
0.10494
0.0752721
0.0537524
0.038008
0.0264783
0.0180876
0.0120712
0.00785834
0.0052111
0.00328992
0.00203309
0.00124603
0.000755898
0.000453052
0.000267634
0.000155282
8.51682e-05
4.7452e-05
2.78203e-05
1.68205e-05
1.01221e-05
5.66894e-06
2.66658e-06
9.8787e-07
3.34997e-07
1.31884e-07
4.25304e-13
1.06027e-12
2.65785e-12
6.84406e-12
1.81616e-11
4.92724e-11
1.39442e-10
4.29141e-10
1.30569e-09
2.58693e-09
0.685222
0.956534
0.474794
0.335558
0.241371
0.174333
0.125895
0.0908682
0.0652266
0.0463423
0.0324486
0.0223175
0.0150678
0.0104278
0.00688575
0.00428886
0.00262237
0.0015938
0.000960586
0.000572948
0.000337387
0.000195485
0.000107402
6.0043e-05
3.53924e-05
2.15632e-05
1.31111e-05
7.45126e-06
3.58241e-06
1.35632e-06
4.69434e-07
5.05452e-13
1.19269e-12
2.85417e-12
7.05303e-12
1.79327e-11
4.64563e-11
1.24739e-10
3.3839e-10
6.82681e-10
0.724366
0.952865
0.524135
0.379513
0.2782
0.204036
0.148998
0.108335
0.0782802
0.0559466
0.0394376
0.0274219
0.0196301
0.0135134
0.00880879
0.00543447
0.00329775
0.0019922
0.00119514
0.000710468
0.000417528
0.000241803
0.000133156
7.47197e-05
4.42867e-05
2.71853e-05
1.66842e-05
9.63788e-06
4.72677e-06
1.82685e-06
5.67087e-13
1.27148e-12
2.90905e-12
6.87573e-12
1.65963e-11
4.02422e-11
9.5979e-11
1.82634e-10
0.757734
0.950494
0.570403
0.422907
0.316065
0.235525
0.17415
0.127752
0.0929871
0.0669515
0.0477001
0.035082
0.0249684
0.0169773
0.0109646
0.00671999
0.00405561
0.00243969
0.00145894
0.000865419
0.000508056
0.000294317
0.000162531
9.15746e-05
5.45838e-05
3.3748e-05
2.09446e-05
1.22788e-05
6.12896e-06
6.02701e-13
1.28677e-12
2.80861e-12
6.29597e-12
1.41422e-11
3.03758e-11
5.30117e-11
0.785782
0.949041
0.613298
0.46631
0.354745
0.268549
0.201197
0.149145
0.109472
0.0796911
0.0599184
0.0438221
0.0308362
0.0207835
0.0133348
0.00813412
0.00489054
0.00293341
0.00175059
0.00103715
0.000608743
0.000352977
0.000195568
0.000110671
6.6347e-05
4.13487e-05
2.59654e-05
1.54231e-05
6.08144e-13
1.235e-12
2.55323e-12
5.32791e-12
1.06007e-11
1.71538e-11
0.809055
0.948244
0.652875
0.509187
0.394022
0.302778
0.230023
0.172539
0.128115
0.09818
0.0735016
0.05323
0.0371616
0.0248893
0.015894
0.00966369
0.00579482
0.00346925
0.00206786
0.00122466
0.000719118
0.000417618
0.000232245
0.000132043
7.96418e-05
5.01326e-05
3.18203e-05
5.8254e-13
1.11872e-12
2.15401e-12
4.0005e-12
6.14385e-12
0.828064
0.947845
0.688511
0.550623
0.433417
0.338013
0.260497
0.198115
0.154584
0.118127
0.0877693
0.063172
0.0438607
0.0292448
0.0186128
0.0112916
0.00675918
0.00404177
0.00240812
0.00142648
0.000838537
0.000487966
0.000272498
0.000155725
9.47291e-05
6.01978e-05
5.27902e-13
9.44595e-13
1.62498e-12
2.38387e-12
0.843667
0.947574
0.72019
0.589748
0.472631
0.374114
0.292557
0.233163
0.182064
0.138537
0.102509
0.0734931
0.0508415
0.0337932
0.0214565
0.0129984
0.00777237
0.00464538
0.00276791
0.00164102
0.000966158
0.000563686
0.000316293
0.000182051
0.000111731
4.47884e-13
7.19062e-13
9.92784e-13
0.856431
0.947436
0.747747
0.626148
0.511165
0.410796
0.334728
0.267895
0.209284
0.159107
0.11745
0.0840255
0.0580005
0.0384683
0.0243877
0.0147627
0.00882221
0.00527301
0.00314396
0.00186628
0.00110114
0.000644524
0.000363944
0.000211246
3.45545e-13
4.52482e-13
0.866987
0.947323
0.771353
0.659357
0.548242
0.456978
0.374752
0.300989
0.235688
0.179369
0.13237
0.0945769
0.06522
0.0432073
0.0273656
0.0165601
0.00989602
0.00591753
0.00353217
0.00210056
0.00124279
0.000730897
0.000415929
2.25061e-13
0.875792
0.947267
0.791403
0.689239
0.592075
0.498641
0.411392
0.331798
0.260793
0.198943
0.146976
0.105004
0.0723803
0.04793
0.0303485
0.0183681
0.0109795
0.00657169
0.00392891
0.00234245
0.00139207
0.00082359
0.883232
0.947283
0.808455
0.72228
0.628999
0.534818
0.444222
0.360024
0.284124
0.217483
0.161004
0.11511
0.07937
0.0525655
0.0332909
0.0201613
0.0120602
0.00722862
0.00433196
0.00259418
0.00155014
0.889504
0.947375
0.826498
0.748177
0.659122
0.565606
0.473022
0.385375
0.30538
0.234623
0.174179
0.124735
0.0860759
0.0570459
0.0361537
0.0219176
0.0131269
0.00788554
0.00474707
0.00285724
0.947456
0.896188
0.839974
0.768029
0.683319
0.591271
0.497749
0.407623
0.324327
0.250121
0.186272
0.13371
0.092401
0.0613109
0.0389024
0.0236228
0.0141795
0.00855671
0.00517531
0.947512
0.900976
0.849816
0.783075
0.702347
0.612155
0.518437
0.426633
0.340819
0.263792
0.197118
0.141889
0.0982524
0.0653086
0.041519
0.0252975
0.0152479
0.00924096
0.947225
0.904157
0.85679
0.794161
0.716864
0.628615
0.535191
0.44237
0.354745
0.27552
0.206593
0.14917
0.103563
0.0690115
0.0440596
0.0269614
0.0163214
0.946462
0.905933
0.861369
0.801889
0.727406
0.641003
0.548173
0.454871
0.36606
0.285246
0.21462
0.155491
0.108319
0.0725346
0.0465113
0.0285996
0.945145
0.906424
0.863848
0.806674
0.734412
0.649641
0.557574
0.464228
0.374785
0.292964
0.221182
0.160931
0.112684
0.0758114
0.0488545
0.943222
0.905677
0.864404
0.808834
0.738223
0.65482
0.563609
0.470576
0.380996
0.298724
0.226416
0.165552
0.116533
0.0788171
0.940629
0.903713
0.863182
0.80859
0.739108
0.656811
0.566506
0.474087
0.384819
0.302665
0.230403
0.169329
0.119859
0.937341
0.900566
0.860264
0.806104
0.737292
0.655863
0.566502
0.47496
0.386384
0.304979
0.233198
0.17229
0.933344
0.896232
0.855702
0.801496
0.732966
0.652212
0.563837
0.473325
0.386042
0.305788
0.234883
0.928598
0.890687
0.849515
0.794851
0.72629
0.646079
0.55867
0.469627
0.38398
0.305247
0.923041
0.883882
0.841691
0.786231
0.717417
0.637662
0.551364
0.464092
0.38042
0.916582
0.875734
0.832204
0.775697
0.706553
0.62708
0.542186
0.457004
0.909117
0.86616
0.821027
0.763406
0.693513
0.61463
0.53147
0.900509
0.855055
0.808254
0.748984
0.678634
0.600665
0.890586
0.842522
0.793476
0.732748
0.662251
0.879319
0.828141
0.776874
0.714968
0.866196
0.811917
0.758638
0.851178
0.793951
0.834282
)
;

boundaryField
{
    inlet
    {
        type            fixedValue;
        value           uniform 0;
    }
    outlet
    {
        type            zeroGradient;
    }
    splitter
    {
        type            zeroGradient;
    }
    fuel_inlet
    {
        type            fixedValue;
        value           uniform 1;
    }
    back
    {
        type            zeroGradient;
    }
    sides
    {
        type            zeroGradient;
    }
    frontAndBack
    {
        type            empty;
    }
    procBoundary1to0
    {
        type            processor;
        value           nonuniform List<scalar> 
53
(
1.813e-48
2.40643e-47
2.48911e-46
2.37983e-45
2.16339e-44
1.88918e-43
1.61209e-42
1.39231e-41
1.08864e-40
6.14488e-40
1.35959e-40
0
7.13284e-37
9.80644e-36
2.6357e-35
4.28627e-35
0
0
6.96807e-31
9.59556e-30
8.64036e-29
5.53881e-28
1.93223e-27
0
0
0
2.83283e-23
3.75626e-22
2.86468e-21
1.57002e-20
7.44129e-20
2.76557e-19
5.86918e-19
1.33674e-20
1.51136e-16
1.20605e-15
4.68196e-15
1.26939e-14
2.74821e-14
5.07386e-14
8.29335e-14
1.22859e-13
1.67564e-13
2.12718e-13
2.53328e-13
2.84611e-13
3.02821e-13
3.05918e-13
2.9368e-13
2.67324e-13
2.28818e-13
1.7968e-13
1.21678e-13
)
;
    }
    procBoundary1to2
    {
        type            processor;
        value           nonuniform List<scalar> 
71
(
9.78154e-09
0.999652
1.51091e-08
0.998871
2.84093e-08
0.997892
6.66515e-08
0.996802
1.89746e-07
0.995641
6.46711e-07
0.994405
2.41611e-06
0.993092
7.81863e-06
0.99169
1.91209e-05
0.990204
3.85855e-05
0.988678
7.1648e-05
0.987133
0.000130779
0.985591
0.000243458
0.984066
0.000472399
0.982571
0.000922749
0.981121
0.00171693
0.979713
0.00313125
0.978305
0.00561578
0.976426
0.00993588
0.974412
0.0173955
0.972172
0.0302034
0.969651
0.0510758
0.96679
0.0815407
0.963556
0.122674
0.959955
0.174486
0.955959
0.235571
0.951535
0.303537
0.94662
0.3756
0.941117
0.448644
0.934905
0.51953
0.927831
0.585564
0.919753
0.644746
0.910231
0.695971
0.898952
0.739039
0.885843
0.774458
0.870857
0.815638
)
;
    }
}


// ************************************************************************* //
