/*--------------------------------*- C++ -*----------------------------------*\
  =========                 |
  \\      /  F ield         | OpenFOAM: The Open Source CFD Toolbox
   \\    /   O peration     | Website:  https://openfoam.org
    \\  /    A nd           | Version:  8
     \\/     M anipulation  |
\*---------------------------------------------------------------------------*/
FoamFile
{
    version     2.0;
    format      ascii;
    class       volScalarField;
    location    "0.05";
    object      nut;
}
// * * * * * * * * * * * * * * * * * * * * * * * * * * * * * * * * * * * * * //

dimensions      [0 2 -1 0 0 0 0];

internalField   nonuniform List<scalar> 
3910
(
6.44641e-06
0.000178634
9.2979e-06
0.00056274
0.000148927
1.83051e-05
0.00148905
0.000143881
0.000237071
1.89442e-05
0.00295662
0.000261816
0.000208887
0.000253134
1.94168e-05
0.00444528
0.000719657
0.000164887
0.000275136
0.000276848
1.91974e-05
0.00554387
0.00168205
0.000299941
0.000219578
0.000338104
0.000286736
1.90622e-05
0.00618513
0.0030023
0.000765563
0.000215111
0.00030791
0.000370072
0.000295103
1.91381e-05
0.00649393
0.00436255
0.00166356
0.00044953
0.000231728
0.000374737
0.000399913
0.000303652
1.90768e-05
0.00662162
0.00546116
0.00287689
0.00103203
0.000322905
0.000303614
0.000427181
0.000426783
0.000308607
1.90528e-05
0.0066789
0.00614718
0.00416303
0.00198309
0.000729075
0.000275815
0.000373908
0.000477073
0.000444433
0.000312931
1.90486e-05
0.00670647
0.00649256
0.00528186
0.00316717
0.00150025
0.000526695
0.000303701
0.000443722
0.000509826
0.000459524
0.000316359
1.90998e-05
0.00670825
0.00663641
0.0060502
0.00437394
0.00255281
0.00113371
0.000425959
0.000358751
0.000497285
0.000539928
0.000471288
0.000319385
1.91797e-05
0.00670558
0.00670178
0.0064517
0.00539455
0.00372692
0.00206389
0.000907948
0.000377983
0.000418059
0.000544261
0.000563404
0.000481537
0.000321872
1.92843e-05
0.00670528
0.00671354
0.0066218
0.00610669
0.00483184
0.00318112
0.00173373
0.00073821
0.000381138
0.000476466
0.000582135
0.000584177
0.000489298
0.000323972
1.94018e-05
0.00670589
0.00671052
0.00669357
0.00648455
0.00570721
0.0043132
0.00278746
0.00147059
0.000618682
0.000406647
0.000526622
0.000616828
0.000600358
0.000495601
0.000325476
1.95948e-05
0.00670632
0.00670713
0.00670745
0.00664689
0.00627558
0.00529434
0.00391244
0.00246722
0.0012524
0.000547611
0.000441919
0.000572971
0.000643774
0.000613757
0.000500257
0.000327562
1.98267e-05
0.0067064
0.0067049
0.00670699
0.00669657
0.00655407
0.00600992
0.00494535
0.00357733
0.00219373
0.00109002
0.000514295
0.000483451
0.000611883
0.000666682
0.000624262
0.000504412
0.000329444
2.00902e-05
0.00670631
0.0067034
0.00670443
0.00670578
0.00666321
0.00643624
0.00575703
0.00464107
0.00328567
0.0019712
0.00096281
0.000503073
0.000524514
0.000645687
0.000685544
0.000633267
0.000507548
0.000331138
2.0405e-05
0.00670618
0.00670233
0.00670221
0.00670432
0.00669601
0.00661266
0.00628925
0.00552183
0.00436798
0.00303801
0.0017856
0.000865485
0.000506867
0.000562889
0.000673386
0.000701767
0.000640465
0.00051031
0.000333005
2.07536e-05
0.00670604
0.00670164
0.00670053
0.00670114
0.00670244
0.00667649
0.00654143
0.00613961
0.00530142
0.00412939
0.00282567
0.00163401
0.000797629
0.000519056
0.000597028
0.000698612
0.000715201
0.000646183
0.000512627
0.000334773
2.11383e-05
0.00670591
0.00670124
0.00669926
0.00669837
0.00670107
0.00669549
0.00664682
0.00646109
0.00599214
0.005101
0.00391955
0.00264992
0.0015066
0.000750167
0.000537313
0.000626691
0.000719008
0.000725798
0.000650636
0.00051405
0.00033655
2.15605e-05
0.00670582
0.00670099
0.00669834
0.00669624
0.00669826
0.00669827
0.00668485
0.00660738
0.00637847
0.00585
0.00491988
0.00374237
0.00249752
0.00140621
0.00072033
0.000555787
0.00065419
0.000734898
0.000734084
0.000653896
0.000515133
0.000338381
2.20173e-05
0.00670574
0.00670082
0.00669771
0.00669463
0.00669573
0.00669618
0.00669529
0.00666762
0.00656492
0.00629052
0.00571687
0.0047625
0.00358836
0.0023703
0.00132563
0.00070075
0.000576279
0.000675414
0.000749486
0.000740962
0.000656231
0.000515941
0.00034031
2.25045e-05
0.00670569
0.0067007
0.00669728
0.00669347
0.00669378
0.00669319
0.00669583
0.00668817
0.0066487
0.00651637
0.00620562
0.00559671
0.00462477
0.00345689
0.00226425
0.00126144
0.000691364
0.000594446
0.000695851
0.000760085
0.00074631
0.000657784
0.000516344
0.000342297
2.30187e-05
0.00670565
0.00670062
0.00669694
0.00669268
0.00669238
0.00669047
0.00669354
0.00669252
0.00668132
0.00662434
0.00646906
0.00612504
0.00548946
0.00450566
0.00334572
0.00217664
0.00121435
0.000687985
0.000612701
0.000711138
0.000769172
0.000750199
0.000658386
0.000516515
0.000344328
2.35548e-05
0.00670562
0.00670056
0.00669668
0.00669212
0.0066914
0.00668836
0.00669087
0.00669109
0.00669115
0.00667034
0.00660167
0.00641932
0.00605166
0.00539552
0.00440423
0.00325382
0.00210774
0.00117862
0.000688975
0.0006287
0.000721938
0.000776782
0.000752701
0.000658607
0.000516458
0.00034638
2.411e-05
0.0067056
0.00670053
0.00669646
0.00669171
0.00669067
0.00668686
0.00668863
0.00668811
0.00669201
0.00668649
0.00666157
0.00657485
0.00637635
0.00598761
0.00531543
0.00432075
0.00318067
0.00205435
0.00115501
0.000694054
0.00064369
0.000731934
0.000781887
0.000754234
0.000658219
0.000516202
0.000348459
2.46798e-05
0.00670558
0.0067005
0.00669626
0.00669142
0.0066901
0.00668581
0.0066869
0.00668526
0.00668994
0.00668956
0.00668492
0.00664935
0.00655464
0.00633708
0.0059301
0.00524748
0.00425345
0.00312428
0.00201712
0.00113999
0.000699824
0.000657357
0.000740902
0.000785659
0.000754881
0.000657275
0.000515728
0.000350562
2.52606e-05
0.00670557
0.00670048
0.0066961
0.00669121
0.00668964
0.00668505
0.00668558
0.00668305
0.00668735
0.00668759
0.00669166
0.00668065
0.0066424
0.00652914
0.00630242
0.00588826
0.00520142
0.00420932
0.00308816
0.00199051
0.00113409
0.000710226
0.000664732
0.000747664
0.000788182
0.000754781
0.000655894
0.000515116
0.000352672
2.5848e-05
0.00670556
0.00670047
0.00669595
0.00669105
0.00668924
0.00668451
0.00668452
0.00668142
0.00668508
0.00668432
0.00669164
0.00669048
0.00668114
0.00663167
0.00651666
0.00628171
0.00585737
0.00516617
0.00417707
0.00306242
0.00197813
0.00113424
0.000719853
0.00067484
0.000752693
0.000789698
0.000753953
0.000654217
0.00051438
0.000354784
2.65072e-05
0.00670555
0.00670046
0.00669583
0.00669094
0.00668891
0.00668411
0.00668367
0.00668024
0.00668319
0.00668134
0.00668936
0.0066907
0.00669582
0.00667955
0.00663045
0.00651017
0.00626421
0.00583431
0.00514276
0.00415747
0.00305031
0.00197606
0.00114318
0.000730186
0.000684206
0.000756471
0.000790247
0.000752657
0.000652229
0.000513556
0.000357123
2.72403e-05
0.00670555
0.00670045
0.00669574
0.00669085
0.00668863
0.00668382
0.00668296
0.00667938
0.00668162
0.00667898
0.00668674
0.00668747
0.00669939
0.00669716
0.00668594
0.00663188
0.00650531
0.00625411
0.00582471
0.00513574
0.0041552
0.00305341
0.00198557
0.00115684
0.000740934
0.00069083
0.000759298
0.00079019
0.00075085
0.000650047
0.000512592
0.00035969
2.79596e-05
0.00670554
0.00670044
0.00669566
0.00669079
0.00668838
0.00668361
0.00668237
0.00667874
0.0066803
0.00667719
0.00668431
0.00668385
0.00669825
0.00670022
0.00671009
0.00669224
0.00663797
0.00650826
0.00625952
0.00583167
0.00514575
0.0041688
0.00307007
0.0020043
0.00117382
0.000754428
0.000697021
0.000761412
0.000789434
0.000748736
0.000647392
0.000511532
0.000362201
2.86638e-05
0.00670554
0.00670044
0.00669559
0.00669074
0.00668817
0.00668344
0.00668188
0.00667826
0.00667919
0.00667586
0.00668216
0.00668075
0.00669557
0.0066972
0.00671792
0.00671857
0.00670438
0.00665112
0.00652467
0.00627772
0.00585338
0.00517085
0.00419713
0.00309914
0.00203257
0.0011972
0.000769063
0.000701901
0.000762844
0.000788339
0.000746024
0.000644193
0.000510448
0.000364671
2.93503e-05
0.00670043
0.00670554
0.00669554
0.0066907
0.00668798
0.00668331
0.00668147
0.00667789
0.00667825
0.00667486
0.0066803
0.0066783
0.00669256
0.00669305
0.00671814
0.00672721
0.00673386
0.00672627
0.00667577
0.00655312
0.00631002
0.00589027
0.00521149
0.00423971
0.00314023
0.00206818
0.00122519
0.000783954
0.000706697
0.000763978
0.000786605
0.000742713
0.000640805
0.000509403
0.000367073
3.00178e-05
0.0066955
0.00670044
0.00670555
0.00669068
0.00668782
0.00668321
0.00668112
0.0066776
0.00667745
0.0066741
0.00667867
0.00667641
0.00668967
0.00668938
0.00671534
0.00672733
0.00674396
0.00676067
0.00675684
0.00671207
0.00659492
0.00635736
0.00594314
0.00526726
0.00429622
0.00319283
0.00211114
0.00125771
0.000800416
0.000710456
0.000764651
0.000784379
0.000739112
0.000637392
0.000508368
0.000369413
3.06632e-05
0.00669065
0.00669548
0.00670046
0.00670556
0.00668769
0.00668313
0.00668082
0.00667736
0.00667676
0.00667352
0.00667727
0.00667498
0.00668704
0.00668636
0.00671157
0.0067243
0.00674446
0.00677307
0.00679541
0.00679825
0.00676194
0.00665159
0.00642087
0.00601229
0.00533882
0.00436656
0.00325585
0.0021621
0.00129395
0.000817377
0.000715002
0.000765395
0.000781816
0.00073542
0.000633914
0.000507403
0.000371671
3.12842e-05
0.00668757
0.00669066
0.00669549
0.00670047
0.00670557
0.00668307
0.00668057
0.00667716
0.00667618
0.00667306
0.00667605
0.00667388
0.00668468
0.00668399
0.00670785
0.00672045
0.00674141
0.00677389
0.00681037
0.00684116
0.00685375
0.00682693
0.00672474
0.00650152
0.00609862
0.0054261
0.00444989
0.00332935
0.00221813
0.00133415
0.000838388
0.000718964
0.000765416
0.000779068
0.000731564
0.000630521
0.000506483
0.000373845
3.18796e-05
0.00668301
0.00668747
0.00669071
0.0066955
0.00670049
0.00670558
0.00668035
0.006677
0.00667568
0.0066727
0.00667499
0.00667303
0.00668259
0.00668216
0.0067043
0.00671668
0.00673747
0.00677042
0.00681321
0.00685889
0.0069015
0.00692518
0.00690864
0.00681594
0.00660094
0.00620209
0.00552871
0.00454618
0.00341216
0.00228081
0.00138238
0.000861958
0.000723534
0.000764859
0.000776091
0.000727739
0.000627143
0.000505645
0.000375934
3.24482e-05
0.00668017
0.006683
0.00668739
0.00669076
0.00669552
0.00670051
0.0067056
0.00667686
0.00667526
0.0066724
0.00667407
0.00667236
0.00668075
0.00668073
0.00670098
0.00671352
0.0067336
0.00676587
0.00681113
0.00686346
0.00692299
0.00697711
0.00701502
0.00700981
0.00692717
0.00671855
0.00632326
0.00564695
0.00465442
0.00350387
0.00235691
0.00144145
0.000889216
0.000729109
0.000763927
0.000773056
0.000723852
0.000623971
0.000504885
0.000377931
3.299e-05
0.00667674
0.00668001
0.00668303
0.00668732
0.00669082
0.00669555
0.00670052
0.00670562
0.0066749
0.00667215
0.00667327
0.00667184
0.00667913
0.00667961
0.00669803
0.00671099
0.00673016
0.00676135
0.00680751
0.00686246
0.00693005
0.00700304
0.00707381
0.00712402
0.00713034
0.00705627
0.00685459
0.00646089
0.00577898
0.00477438
0.00361526
0.00244798
0.00150305
0.000917121
0.000735218
0.000762849
0.000769929
0.000720008
0.000620917
0.000504206
0.000379841
3.35046e-05
0.00667459
0.00667665
0.00667987
0.00668307
0.00668726
0.00669088
0.00669558
0.00670054
0.00670563
0.00667194
0.00667259
0.00667141
0.00667771
0.00667872
0.00669546
0.00670887
0.00672721
0.00675723
0.00680366
0.00685956
0.00693092
0.00701383
0.00710532
0.00719063
0.00725619
0.00727279
0.00720528
0.00700547
0.00661241
0.00592448
0.00491936
0.00374977
0.00254521
0.00156623
0.000945943
0.000742104
0.000761725
0.000766856
0.000716049
0.000618041
0.00050361
0.000381658
3.39926e-05
0.00667176
0.00667429
0.00667659
0.00667976
0.00668311
0.00668722
0.00669095
0.00669562
0.00670056
0.00670565
0.006672
0.00667106
0.00667645
0.00667801
0.00669321
0.00670706
0.00672471
0.00675362
0.00680002
0.00685626
0.00692954
0.00701754
0.0071212
0.00723006
0.00733392
0.00741279
0.00744107
0.00737856
0.00717604
0.00677654
0.00609702
0.00509298
0.00389376
0.00264873
0.00162976
0.000976892
0.000749532
0.000760642
0.00076376
0.000712312
0.0006153
0.000503085
0.000383388
3.44541e-05
0.00667149
0.00667158
0.00667399
0.00667654
0.00667967
0.00668316
0.00668719
0.00669102
0.00669566
0.00670057
0.00670567
0.00667077
0.00667535
0.00667747
0.00669123
0.0067055
0.00672258
0.00675054
0.00679676
0.0068531
0.00692746
0.00701843
0.00712935
0.00725281
0.00738367
0.00750367
0.00759736
0.00763367
0.00757505
0.00736878
0.00697427
0.00630196
0.00527694
0.00404442
0.00275677
0.0016948
0.00100838
0.000757464
0.000759668
0.000760781
0.000708475
0.00061271
0.000502633
0.000385027
3.489e-05
0.00667052
0.00667091
0.00667141
0.00667374
0.0066765
0.00667961
0.00668321
0.00668718
0.00669109
0.0066957
0.00670059
0.00670569
0.00667438
0.00667704
0.00668947
0.00670417
0.00672075
0.00674798
0.00679393
0.00685029
0.00692531
0.00701841
0.0071345
0.00726717
0.00741666
0.0075668
0.00770538
0.00780974
0.0078527
0.00779401
0.00760569
0.00721981
0.00651433
0.00546488
0.00419896
0.00286798
0.00175934
0.00104055
0.000765712
0.000758769
0.000757838
0.000704926
0.000610286
0.000502244
0.000386582
3.53011e-05
0.00667353
0.00667019
0.00667027
0.00667126
0.00667352
0.00667647
0.00667957
0.00668326
0.00668718
0.00669117
0.00669575
0.00670062
0.00670571
0.00667672
0.00668787
0.00670305
0.0067192
0.00674588
0.00679149
0.00684785
0.00692335
0.00701822
0.00713818
0.00727789
0.00744088
0.00761323
0.00778662
0.007939
0.00805345
0.00809865
0.00806254
0.00789416
0.00748902
0.00674256
0.00565468
0.00435538
0.00298097
0.00182528
0.00107278
0.000774244
0.000758056
0.000755039
0.000701569
0.000608013
0.000501919
0.000388049
3.56877e-05
0.00667645
0.00667243
0.00666978
0.00666969
0.00667111
0.00667334
0.00667644
0.00667957
0.00668332
0.0066872
0.00669124
0.0066958
0.00670064
0.00670573
0.0066864
0.00670211
0.00671789
0.00674416
0.00678937
0.00684577
0.00692165
0.00701809
0.00714121
0.00728686
0.00746089
0.00765017
0.00785182
0.00804352
0.00821014
0.00832932
0.00840276
0.00839318
0.0082064
0.00777361
0.0069844
0.00584731
0.00451285
0.00309463
0.00188907
0.00110499
0.000782865
0.000757375
0.00075231
0.000698298
0.000605889
0.000501645
0.000389438
3.60521e-05
0.00668505
0.00667594
0.00667106
0.00666939
0.00666917
0.00667098
0.00667321
0.00667642
0.00667958
0.00668337
0.00668724
0.00669132
0.00669586
0.00670066
0.00670575
0.00670136
0.00671678
0.00674272
0.00678753
0.00684398
0.00692021
0.00701811
0.00714395
0.00729498
0.00747856
0.0076821
0.00790752
0.00813368
0.00834535
0.00851976
0.00867409
0.00878165
0.00875485
0.00853964
0.00807031
0.00723551
0.00603821
0.00466742
0.00320715
0.00195347
0.00113695
0.000791603
0.000756924
0.000749773
0.000695193
0.000603909
0.000501424
0.000390744
3.6393e-05
0.00670081
0.00668279
0.00667523
0.00666977
0.00666899
0.00666873
0.00667084
0.00667312
0.0066764
0.00667962
0.00668343
0.00668728
0.00669139
0.00669591
0.00670069
0.00670577
0.00671585
0.00674149
0.00678595
0.00684245
0.00691902
0.00701826
0.00714654
0.0073026
0.00749464
0.00771113
0.00795819
0.00821446
0.00846828
0.00869374
0.00891246
0.0091103
0.00920191
0.00914566
0.00889134
0.00837683
0.00749406
0.00623338
0.00481858
0.00331775
0.00201723
0.00116851
0.000800245
0.000756444
0.000747432
0.000692265
0.000602069
0.000501243
0.000391977
3.67149e-05
0.00671505
0.00669963
0.00667952
0.00667451
0.00666862
0.00666859
0.00666837
0.00667071
0.00667307
0.0066764
0.00667968
0.00668349
0.00668734
0.00669147
0.00669596
0.00670072
0.00674044
0.00678456
0.00684113
0.00691805
0.00701856
0.00714903
0.00730982
0.00750948
0.00773828
0.0080057
0.00828932
0.00858208
0.00886097
0.00914451
0.00941817
0.00960256
0.00966436
0.00956544
0.00926039
0.0086917
0.00775438
0.00643136
0.0049662
0.00342585
0.00207894
0.00119933
0.000808889
0.000755966
0.000745238
0.000689501
0.000600361
0.000501104
0.000393135
3.70137e-05
0.00673955
0.006713
0.00669786
0.00667648
0.0066737
0.00666764
0.00666816
0.00666809
0.00667057
0.00667305
0.0066764
0.00667976
0.00668355
0.00668741
0.00669154
0.00669602
0.00678333
0.00684
0.00691727
0.00701892
0.00715145
0.00731666
0.00752325
0.00776398
0.00805046
0.00835978
0.00869084
0.00902409
0.00937881
0.00973441
0.0100021
0.0101603
0.0101764
0.0100179
0.00964751
0.00901403
0.00801475
0.00662987
0.00511006
0.00353084
0.00213901
0.00122948
0.000817275
0.000755496
0.000743204
0.000686913
0.00059878
0.000500996
0.000394224
3.72976e-05
0.00678225
0.00673655
0.00670958
0.00669597
0.00667412
0.0066727
0.00666685
0.00666769
0.0066679
0.00667045
0.00667307
0.00667642
0.00667986
0.00668362
0.00668749
0.00669161
0.00683903
0.00691663
0.00701934
0.00715379
0.0073231
0.00753608
0.00778834
0.0080925
0.00842675
0.00879707
0.00918578
0.00961023
0.0100669
0.0104432
0.0106987
0.0108101
0.0107531
0.0105098
0.0100546
0.0093435
0.00827444
0.00682722
0.00524979
0.0036323
0.00219719
0.00125857
0.000825566
0.000755079
0.000741288
0.00068451
0.000597319
0.00050092
0.000395247
3.75572e-05
0.00683824
0.00677775
0.00673135
0.00670611
0.0066933
0.00667244
0.0066715
0.00666627
0.00666721
0.00666777
0.00667034
0.00667312
0.00667646
0.00667996
0.00668369
0.00668757
0.00691613
0.0070198
0.00715604
0.00732914
0.00754805
0.00781131
0.00813181
0.00849092
0.00890123
0.0093449
0.00983704
0.0104158
0.0109593
0.0113609
0.0115681
0.0115837
0.0114089
0.0110463
0.0104829
0.00967984
0.0085329
0.00702217
0.00538526
0.00373011
0.00225343
0.00128687
0.000833725
0.000754703
0.000739454
0.000682277
0.000595971
0.000500868
0.000396205
3.77732e-05
0.00691579
0.0068327
0.00676967
0.00672627
0.00670278
0.00669015
0.00667134
0.00667012
0.00666587
0.00666672
0.00666771
0.00667026
0.00667319
0.00667651
0.00668006
0.00668376
0.0070203
0.00715818
0.00733475
0.00755921
0.00783281
0.00816853
0.00855258
0.00900229
0.00949901
0.0100625
0.0108003
0.0115737
0.0122124
0.012568
0.0126407
0.0124891
0.012144
0.0116262
0.0109312
0.0100221
0.00878955
0.00721373
0.00551591
0.00382381
0.00230736
0.00131383
0.000841514
0.000754382
0.000737707
0.0006802
0.000594729
0.000500838
0.000396987
3.79549e-05
0.00702086
0.00690861
0.00682212
0.00676158
0.00672156
0.00669954
0.00668641
0.0066707
0.00666866
0.00666559
0.00666626
0.00666768
0.0066702
0.00667328
0.00667658
0.00668016
0.00716021
0.00733995
0.00756956
0.00785282
0.00820282
0.00861158
0.00909879
0.00964742
0.0102947
0.0112393
0.0122998
0.0132345
0.0138379
0.0140223
0.0138708
0.0134931
0.012939
0.0122395
0.011395
0.0103685
0.00904361
0.00740129
0.00564242
0.00391286
0.00235918
0.00133919
0.000849194
0.000754117
0.000736052
0.00067827
0.000593584
0.000500826
0.000397645
3.81525e-05
0.00716217
0.00701168
0.00689401
0.00681181
0.00675382
0.00671717
0.00669698
0.00668231
0.00667035
0.0066672
0.00666537
0.00666586
0.00666768
0.00667019
0.00667337
0.00667666
0.00734474
0.00757914
0.00787131
0.00823482
0.00866751
0.00918976
0.00979156
0.0105412
0.0117338
0.0131075
0.0143455
0.015221
0.0156325
0.0155669
0.0151551
0.0145339
0.0137599
0.0128695
0.0118669
0.0107159
0.00929413
0.00758378
0.00576593
0.00399751
0.00240895
0.00136307
0.000856674
0.000753907
0.000734485
0.000676473
0.000592668
0.000500826
0.000398359
3.83668e-05
0.00734917
0.00715042
0.0069917
0.00687956
0.00680186
0.00674649
0.00671299
0.00669497
0.00667819
0.00667007
0.00666588
0.00666517
0.00666555
0.00666769
0.00667022
0.00667347
0.00758796
0.00788833
0.00826458
0.00871995
0.0092751
0.00993359
0.0108039
0.0122652
0.0139356
0.0154334
0.0165412
0.0171857
0.0173471
0.0170364
0.0163877
0.0155463
0.0145692
0.0134966
0.0123379
0.0110608
0.00953991
0.00776014
0.00588582
0.00407796
0.00245657
0.00138555
0.000863865
0.000753745
0.000733012
0.000675026
0.000591908
0.000500837
0.000399137
3.85989e-05
0.00759602
0.00733453
0.00712319
0.00697181
0.00686551
0.0067922
0.00673947
0.00670906
0.00669319
0.00667438
0.00666967
0.00666479
0.00666493
0.00666534
0.0066677
0.00667027
0.00790396
0.00829215
0.00876865
0.0093553
0.0100748
0.0110777
0.0128046
0.0147234
0.0164087
0.0176774
0.0185007
0.0188853
0.0188272
0.0183261
0.0174964
0.0164813
0.0153358
0.0141027
0.0127988
0.0113992
0.00977967
0.00793015
0.00600169
0.00415436
0.00250199
0.00140671
0.000870745
0.000753625
0.000731805
0.000673809
0.000591091
0.000500862
0.000399983
3.88506e-05
0.00791801
0.00757781
0.00729783
0.00709602
0.00695239
0.00685188
0.00678272
0.00673284
0.00670535
0.00669141
0.00667135
0.00666897
0.00666399
0.00666466
0.00666524
0.00666772
0.00831761
0.00881361
0.00943105
0.0102151
0.0113538
0.013325
0.0154296
0.0172262
0.0185807
0.0195125
0.0200606
0.0202363
0.0200216
0.0193961
0.0184474
0.0173113
0.0160387
0.0146741
0.0132418
0.0117275
0.0100121
0.0080936
0.00611321
0.00422686
0.00254519
0.00142663
0.000877301
0.000753551
0.000730794
0.000672499
0.000590216
0.000500903
0.000400905
3.91237e-05
0.00834043
0.00789615
0.00752846
0.00726111
0.00706943
0.0069335
0.00683861
0.00677338
0.00672679
0.0067017
0.00668912
0.00666933
0.00666797
0.00666349
0.00666437
0.00666521
0.00885502
0.00950293
0.0103528
0.0116225
0.0138071
0.0160358
0.0178784
0.0192551
0.020231
0.0208752
0.0212183
0.0212523
0.0209418
0.0202489
0.0192355
0.0180265
0.0166671
0.0152015
0.0136609
0.0120427
0.0102362
0.00825029
0.00622018
0.00429559
0.0025862
0.00144536
0.000882704
0.000753509
0.000729678
0.00067107
0.00058928
0.000500966
0.000401909
3.94203e-05
0.00889187
0.00831354
0.0078304
0.00747908
0.0072251
0.00704353
0.00691513
0.00682568
0.0067641
0.00672108
0.00669809
0.00668594
0.00666819
0.00666676
0.00666322
0.00666409
0.00957122
0.0104859
0.0118761
0.0142409
0.0165402
0.0183793
0.0197316
0.0207012
0.0213829
0.0218261
0.0220357
0.0219843
0.0216248
0.0209079
0.0198718
0.0186295
0.0172184
0.0156806
0.0140521
0.0123423
0.0104508
0.00840005
0.00632248
0.00436068
0.00262505
0.00146064
0.000887305
0.000753473
0.000728484
0.000669545
0.000588282
0.000501052
0.000403005
3.97427e-05
0.00963337
0.00885935
0.00822599
0.00776447
0.00743059
0.00718993
0.0070183
0.00689726
0.00681312
0.00675512
0.00671576
0.00669463
0.00668206
0.00666768
0.00666553
0.00666308
0.0106125
0.0121153
0.0146238
0.0169509
0.0187523
0.020049
0.0209766
0.021651
0.022138
0.0224555
0.0225859
0.0224897
0.0221139
0.0214029
0.0203749
0.0191293
0.0176952
0.0161102
0.0144135
0.0126247
0.0106553
0.00854276
0.00642004
0.00442226
0.00265693
0.00147356
0.000892352
0.000753463
0.000727146
0.000667894
0.000587215
0.000501173
0.000404199
4.00933e-05
0.0107258
0.00959399
0.00874154
0.00813821
0.00769958
0.00738315
0.0071556
0.00699375
0.00687994
0.0068011
0.00674638
0.00671092
0.00669199
0.00667789
0.00666749
0.0066644
0.0123398
0.014954
0.0172804
0.0190222
0.0202443
0.0211067
0.0217419
0.0222295
0.0226
0.0228456
0.0229338
0.0228195
0.0224492
0.0217642
0.0207653
0.0195384
0.0181033
0.0164918
0.0147443
0.0128891
0.0108491
0.00867838
0.00651285
0.00447277
0.002684
0.00148765
0.000897897
0.00075346
0.000725743
0.000666078
0.000586085
0.00050133
0.000405506
4.04751e-05
0.0106813
0.0125392
0.00942417
0.00862518
0.00805155
0.00763601
0.00733675
0.00712214
0.00696993
0.00686325
0.00678982
0.00673818
0.00670645
0.00669008
0.00667402
0.00666732
0.0152336
0.0175419
0.0192119
0.0203489
0.0211324
0.0217069
0.0221634
0.0225442
0.0228518
0.0230607
0.0231305
0.0230155
0.0226648
0.0220185
0.0210626
0.0198696
0.0184498
0.0168285
0.0150452
0.013135
0.0110321
0.00880689
0.00658932
0.00451562
0.00271363
0.00150305
0.000903986
0.000753506
0.000724132
0.000664135
0.000584883
0.000501539
0.000406933
4.08908e-05
0.0104237
0.0124984
0.0154594
0.00926069
0.00851079
0.00796637
0.00757377
0.00729144
0.00708961
0.00694689
0.00684728
0.00677905
0.00673047
0.00670249
0.00668847
0.00667079
0.017748
0.0193404
0.0203882
0.0210856
0.0215859
0.021989
0.0223474
0.0226749
0.0229541
0.0231483
0.0232144
0.0231101
0.0227884
0.0221888
0.0212843
0.0201352
0.0187423
0.0171241
0.0153175
0.0133628
0.0112041
0.00891233
0.00665435
0.00456253
0.0027461
0.00151985
0.000910682
0.000753556
0.000722493
0.000662024
0.000583621
0.000501806
0.000408496
4.13443e-05
0.0101696
0.0121352
0.0153896
0.0178994
0.00910469
0.008398
0.00788282
0.00751288
0.0072473
0.00705807
0.0069247
0.00683199
0.00676871
0.00672354
0.00669896
0.00668687
0.0194227
0.0203815
0.0209903
0.0214086
0.021743
0.0220548
0.0223685
0.0226771
0.0229492
0.0231419
0.023214
0.0231283
0.0228418
0.0222938
0.0214456
0.0203463
0.0189883
0.0173826
0.0155629
0.0135728
0.011344
0.00900175
0.00672571
0.00461394
0.00278171
0.0015382
0.00091804
0.00075369
0.00072054
0.000659783
0.000582288
0.000502152
0.000410204
4.18377e-05
0.0099306
0.0117397
0.0150304
0.0177977
0.0194611
0.00895386
0.00828679
0.00780105
0.00745344
0.00720442
0.00702761
0.00690339
0.00681741
0.006759
0.00671764
0.00669566
0.020343
0.0208643
0.0211971
0.0214531
0.0217004
0.0219736
0.0222773
0.0225884
0.0228658
0.0230652
0.0231501
0.0230892
0.0228426
0.0223486
0.0215589
0.0205126
0.0191945
0.0176082
0.0157836
0.0137403
0.0114619
0.00909951
0.00680406
0.00467033
0.00282081
0.0015584
0.00092615
0.000753823
0.000718645
0.000657327
0.000580905
0.000502586
0.000412079
4.23778e-05
0.00970648
0.0113484
0.0145813
0.0175732
0.0193041
0.0202724
0.0088065
0.00817741
0.0077212
0.00739559
0.00716293
0.00699828
0.00688311
0.0068039
0.00674999
0.00671249
0.0207199
0.0209673
0.0211394
0.0213101
0.0215217
0.0217913
0.0221072
0.0224334
0.0227231
0.0229347
0.0230382
0.0230074
0.0228041
0.0223654
0.0216345
0.0206424
0.0193668
0.0178048
0.0159552
0.0138797
0.0115898
0.00920641
0.00689017
0.00473227
0.00286379
0.00158054
0.00093506
0.000754089
0.000716257
0.000654729
0.000579462
0.00050314
0.000414131
4.29636e-05
0.00949406
0.010976
0.0140824
0.0172585
0.0191518
0.0200582
0.0205518
0.00866208
0.00807022
0.00764348
0.0073395
0.00712294
0.00697034
0.00686436
0.00679165
0.0067418
0.0207301
0.020817
0.0209031
0.0210375
0.0212488
0.0215384
0.0218802
0.022228
0.0225339
0.0227623
0.0228901
0.0228943
0.022737
0.0223538
0.0216808
0.0207425
0.0195107
0.0179529
0.0160959
0.0140289
0.0117284
0.00932331
0.00698485
0.00480037
0.00291107
0.00160479
0.000944903
0.000754347
0.000713964
0.00065189
0.000577991
0.000503828
0.00041638
4.36066e-05
0.00929091
0.010628
0.013555
0.0168798
0.0189274
0.0199364
0.0202805
0.0204739
0.00852067
0.00796559
0.00756812
0.00728533
0.00708482
0.00694452
0.0068474
0.00678069
0.0204954
0.0204941
0.0205402
0.0206738
0.0209098
0.0212352
0.0216097
0.0219818
0.0223066
0.0225567
0.0227148
0.0227588
0.0226496
0.0223212
0.0217045
0.0208186
0.0196138
0.0180723
0.0162437
0.0141878
0.0118784
0.00945107
0.007089
0.00487536
0.00296316
0.00163147
0.000955706
0.000754797
0.000711297
0.00064891
0.00057649
0.000504695
0.000418851
4.44401e-05
0.00909601
0.0103028
0.0130099
0.0164494
0.0186586
0.0197557
0.0201578
0.0201453
0.0201569
0.0083826
0.00786392
0.00749538
0.00723363
0.00704958
0.00692116
0.00683213
0.0200924
0.0200448
0.0200864
0.0202454
0.0205245
0.0208937
0.0213033
0.0217002
0.0220469
0.0223248
0.0225198
0.0226081
0.0225482
0.0222735
0.0217108
0.0208665
0.019695
0.0181948
0.0163982
0.0143568
0.0120403
0.00959061
0.00720362
0.00495802
0.0030206
0.00166083
0.00096768
0.000755228
0.000708615
0.000645661
0.000575
0.000505765
0.000422056
4.54333e-05
0.00890839
0.0100003
0.0124585
0.0159672
0.0183586
0.0195465
0.0199848
0.0200019
0.0197699
0.0196773
0.00824825
0.00776569
0.00742594
0.00718582
0.00701769
0.00690007
0.019561
0.0195026
0.0195663
0.0197726
0.0201041
0.0205205
0.0209642
0.0213857
0.0217593
0.0220726
0.0223112
0.0224476
0.0224379
0.0222153
0.0217031
0.020902
0.0197752
0.0183195
0.0165587
0.0145355
0.0122146
0.00974284
0.00732975
0.00504925
0.00308404
0.00169324
0.000980791
0.00075596
0.000705266
0.000642268
0.00057354
0.000507363
0.000425974
4.64705e-05
0.00872788
0.00972307
0.0119129
0.0154238
0.0180316
0.0193233
0.0197939
0.0198133
0.0195925
0.0192317
0.0190813
0.0081179
0.00767205
0.00736168
0.00714254
0.00698885
0.0189334
0.0188902
0.0190022
0.0192651
0.0196548
0.0201175
0.020591
0.0210398
0.0214478
0.0218056
0.0220943
0.0222819
0.0223226
0.0221564
0.0216931
0.020933
0.0198533
0.0184455
0.0167245
0.0147238
0.0124018
0.00990866
0.00746851
0.00515003
0.00315417
0.00172905
0.000995397
0.000756754
0.000701949
0.0006386
0.00057192
0.000509613
0.000430128
4.75366e-05
0.0085555
0.00946082
0.0113828
0.0148231
0.0176773
0.0190921
0.0196016
0.0196144
0.019374
0.0190089
0.0185818
0.0183929
0.00799277
0.00758566
0.00730347
0.00710341
0.0182294
0.0182342
0.0184012
0.0187289
0.0191799
0.0196784
0.0201817
0.0206641
0.0211171
0.0215287
0.0218734
0.0221144
0.022218
0.0221048
0.0216758
0.0209582
0.019928
0.0185713
0.0168944
0.0149209
0.0126017
0.0100888
0.00762102
0.00526148
0.00323184
0.00176872
0.00101132
0.000758154
0.00069779
0.000634092
0.000570397
0.000512351
0.000434418
4.86438e-05
0.00839246
0.00921024
0.0108868
0.0141702
0.0172817
0.0188532
0.0194152
0.0194224
0.019151
0.0187504
0.0183015
0.0178385
0.01763
0.00787648
0.0075077
0.00725078
0.0174675
0.0175097
0.017731
0.0181355
0.0186636
0.0191978
0.019735
0.0202618
0.0207723
0.0212469
0.0216522
0.021967
0.0221287
0.0220433
0.0216497
0.0209762
0.0199977
0.0186955
0.0170671
0.0151258
0.0128144
0.010284
0.00778843
0.00538472
0.00331754
0.00181266
0.00102921
0.000759969
0.000693321
0.000628883
0.000569337
0.000515565
0.000438969
4.97693e-05
0.0082418
0.00897739
0.0104352
0.0134716
0.0168288
0.0186019
0.0192375
0.0192459
0.0189411
0.0184936
0.0179946
0.0174977
0.0170013
0.0168237
0.00777111
0.00743739
0.0166587
0.0167513
0.0170248
0.0174906
0.0180995
0.0186711
0.0192512
0.0198377
0.0204191
0.0209646
0.0214594
0.0218419
0.0220268
0.0219705
0.0216136
0.0209855
0.0200608
0.018816
0.0172407
0.0153371
0.0130392
0.0104946
0.0079717
0.00552237
0.00341225
0.00186152
0.00104857
0.00076154
0.000687094
0.00062383
0.000568857
0.000519375
0.000443573
5.08854e-05
0.00810471
0.00876847
0.0100244
0.0127423
0.0163
0.0183298
0.0190679
0.0190892
0.0187534
0.0182552
0.0176975
0.017137
0.0166087
0.0160591
0.015941
0.00767611
0.0158003
0.0159576
0.0162922
0.0168015
0.0174809
0.0180946
0.0187336
0.0193983
0.0200633
0.020719
0.0212956
0.0217009
0.0219108
0.0218848
0.0215658
0.0209843
0.0201151
0.0189309
0.017413
0.0155531
0.0132751
0.0107207
0.00817107
0.00567572
0.00351727
0.00191585
0.00107399
0.000764646
0.000680726
0.000619055
0.000568994
0.00052374
0.000448522
5.21128e-05
0.00797985
0.00858349
0.00967022
0.0120201
0.0156683
0.018026
0.0189034
0.018954
0.0185929
0.0180445
0.0174252
0.0167963
0.0161937
0.0156349
0.0150348
0.014965
0.0148841
0.0151017
0.0155049
0.0160651
0.0167991
0.0174675
0.0181895
0.0189522
0.0197533
0.0205097
0.0211117
0.0215421
0.0217789
0.0217848
0.0215046
0.0209708
0.0201586
0.0190376
0.0175815
0.0157713
0.0135205
0.0109618
0.00838712
0.00584611
0.00363363
0.00198777
0.00110613
0.000768569
0.000674599
0.000614688
0.000569964
0.000528768
0.000453389
5.33439e-05
0.00841858
0.00937079
0.0113494
0.0149353
0.0176772
0.0187385
0.0188406
0.0184626
0.0178664
0.0171854
0.0164876
0.0158089
0.0151702
0.0145813
0.0139163
0.0138988
0.0138917
0.0141713
0.0146522
0.0152717
0.0160448
0.016796
0.0176307
0.0185621
0.0194883
0.0202749
0.0209055
0.0213637
0.0216294
0.0216687
0.0214283
0.0209429
0.0201889
0.0191335
0.0177433
0.0159888
0.0137731
0.0112168
0.00862002
0.00603417
0.00378703
0.00207813
0.00114044
0.000772163
0.000668782
0.000610858
0.000571664
0.000534493
0.000458138
5.45826e-05
0.00911123
0.010766
0.0141331
0.0172565
0.0185646
0.018748
0.0183646
0.0177242
0.0169827
0.016217
0.0154645
0.0147447
0.0140679
0.0134464
0.012681
0.0127233
0.0128138
0.013169
0.0137181
0.0143972
0.0152203
0.0160953
0.0171407
0.0182282
0.0191911
0.020012
0.0206746
0.0211635
0.0214604
0.0215348
0.0213352
0.0208987
0.0202037
0.0192156
0.0178951
0.0162022
0.01403
0.0114838
0.00886911
0.0062799
0.00397791
0.00217551
0.00117537
0.000776933
0.000663166
0.00060769
0.000574551
0.000540599
0.000463037
5.57777e-05
0.0102749
0.0133035
0.0167426
0.0183674
0.0186734
0.0183005
0.0176207
0.01682
0.0159875
0.0151641
0.0143677
0.0136067
0.0128842
0.0122194
0.0113178
0.0114209
0.0116557
0.0120834
0.0126537
0.0134315
0.0143368
0.0154812
0.0167221
0.0178546
0.0188591
0.0197184
0.0204168
0.0209395
0.0212702
0.0213814
0.0212234
0.020836
0.0202005
0.019281
0.0180332
0.0164075
0.0142874
0.0117602
0.0091834
0.00657859
0.00417902
0.00227875
0.001212
0.000781485
0.000658035
0.000605366
0.000578171
0.000547468
0.000467894
5.69742e-05
0.0124888
0.0161242
0.0181301
0.0186104
0.0182713
0.017559
0.0167001
0.0158012
0.014909
0.0140413
0.0132028
0.0123935
0.0116108
0.0108842
0.00979233
0.0100107
0.0103901
0.0108228
0.0114849
0.0122954
0.0135742
0.0149608
0.0162568
0.017439
0.0184897
0.0193918
0.0201299
0.0206897
0.0210567
0.0212066
0.021091
0.0207528
0.0201766
0.0193265
0.0181538
0.0166005
0.0145411
0.0120961
0.00954615
0.00688218
0.00438736
0.00238987
0.0012483
0.00078705
0.000653385
0.000604025
0.000583178
0.000554745
0.000473014
5.80884e-05
0.0153956
0.0178396
0.0185478
0.0182764
0.0175422
0.0166265
0.0156602
0.0146998
0.0137642
0.0128562
0.0119705
0.0110999
0.0102337
0.00941559
0.00806286
0.00845045
0.00882952
0.00949193
0.00996494
0.0113126
0.0129319
0.0143924
0.015744
0.0169799
0.0180811
0.0190302
0.0198118
0.0204121
0.0208184
0.0210088
0.0209364
0.0206472
0.0201298
0.019349
0.0182531
0.0167764
0.0148331
0.0124607
0.00989548
0.00718436
0.00460123
0.00250507
0.00128727
0.000791886
0.000649365
0.000603803
0.000589118
0.000562992
0.000478004
5.92056e-05
0.0174738
0.0184717
0.0183098
0.0175733
0.0166033
0.0155679
0.0145376
0.0135357
0.0125631
0.0116117
0.0106677
0.00972198
0.00875647
0.0077776
0.00610514
0.00654773
0.00714791
0.0074161
0.00884537
0.0105242
0.012224
0.0137748
0.0151843
0.0164768
0.0176321
0.018632
0.0194608
0.0201052
0.0205535
0.0207865
0.0207581
0.0205174
0.0200577
0.0193456
0.0183272
0.0169617
0.0151218
0.0127895
0.0102248
0.00747947
0.0048154
0.00262566
0.00132541
0.000797683
0.000646249
0.00060459
0.000596772
0.000571579
0.000483367
6.01823e-05
0.0183623
0.0183613
0.0176506
0.0166354
0.0155283
0.0144247
0.0133553
0.0123207
0.0113102
0.0103066
0.00930082
0.00825385
0.00712828
0.00593395
0.00384299
0.00430811
0.00458392
0.00630691
0.00802756
0.00973544
0.0114669
0.0131137
0.0145792
0.0159303
0.0171425
0.0181963
0.0190757
0.0197674
0.0202607
0.0205383
0.0205546
0.0203619
0.0199585
0.0193137
0.0183844
0.017112
0.015356
0.0130781
0.0105285
0.00776098
0.00502764
0.00274547
0.00136635
0.000802361
0.00064381
0.000607327
0.00060538
0.000581357
0.000488406
6.1188e-05
0.0184165
0.0177671
0.0167241
0.0155475
0.0143648
0.0132236
0.0121272
0.011061
0.0100061
0.00895375
0.00785163
0.00665348
0.00534671
0.00385655
0.00177536
0.00156709
0.0035253
0.00541905
0.0071953
0.00894848
0.0107022
0.0124077
0.0139322
0.015343
0.0166131
0.017723
0.0186558
0.0193979
0.019939
0.0202632
0.0203249
0.0201795
0.0198307
0.0192436
0.0183848
0.0172022
0.0155362
0.0133238
0.010802
0.00802446
0.00523101
0.00286638
0.00140506
0.00080791
0.000642201
0.000611344
0.000616045
0.000591273
0.000494072
6.1971e-05
0.017914
0.0168653
0.0156286
0.014364
0.0131435
0.0119817
0.0108604
0.00975936
0.00866739
0.00752844
0.00629455
0.00493534
0.00343563
0.00181224
0.000192096
0.00110637
0.00298728
0.00464489
0.00643534
0.00817497
0.00992386
0.0116697
0.0132528
0.0147184
0.0160463
0.0172131
0.0182013
0.0189962
0.0195876
0.0199604
0.0200682
0.0199693
0.0196484
0.019104
0.0183314
0.0172376
0.0156645
0.0135258
0.0110425
0.00826447
0.00542428
0.00297994
0.00144539
0.00081202
0.000641367
0.00061787
0.000627607
0.000602664
0.000498938
6.28243e-05
0.0170546
0.0157697
0.0144269
0.0131207
0.0118841
0.0107085
0.00955665
0.00842655
0.00726351
0.0060146
0.00464585
0.00313849
0.00160799
0.000210228
0.00102614
0.00191185
0.00269444
0.00410937
0.00575119
0.00743085
0.00918008
0.0109303
0.012547
0.0140648
0.0154455
0.0166686
0.017713
0.0185627
0.0192065
0.0196296
0.0197843
0.0196914
0.01939
0.0189232
0.018232
0.0172242
0.0157443
0.0136845
0.0112477
0.00847898
0.00559983
0.00308933
0.00148144
0.000816492
0.000642013
0.000625901
0.000641525
0.000613857
0.000505229
0.0159693
0.0145531
0.0131602
0.0118411
0.0105983
0.00940631
0.00823378
0.00704222
0.00578926
0.00442472
0.002946
0.0014736
0.00017147
0.000974602
0.00119061
0.00248423
0.00378328
0.00515139
0.006786
0.00848567
0.0101933
0.0118376
0.0133891
0.0148166
0.0160927
0.0171931
0.0180983
0.0187962
0.019271
0.0194197
0.0193332
0.0191042
0.0187095
0.0180942
0.0171681
0.0157796
0.0138015
0.0114174
0.00866403
0.00575845
0.00318456
0.00151639
0.000819477
0.000643848
0.000636968
0.000656265
0.00062676
0.0147431
0.0132631
0.0118561
0.0105396
0.00930009
0.00810138
0.00687677
0.00560163
0.00425895
0.00279956
0.00138058
0.000159246
0.00086671
0.000945745
0.00229664
0.00359446
0.00473897
0.00621264
0.00783128
0.00949056
0.0111297
0.0126986
0.0141672
0.0154907
0.0166446
0.0176055
0.0183576
0.0188176
0.0189701
0.0189594
0.0187983
0.0184701
0.0179248
0.0170752
0.015775
0.0138794
0.0115515
0.00882006
0.00589283
0.00327101
0.00154375
0.000822563
0.000647976
0.000649779
0.00067343
0.0134314
0.0119315
0.010533
0.00922279
0.00799052
0.00676707
0.00546806
0.00411877
0.00270087
0.00131016
0.000146184
0.000846901
0.000874043
0.00206286
0.00343478
0.00446594
0.00570363
0.00725211
0.00884394
0.0104449
0.0120155
0.0135038
0.0148696
0.0160725
0.0170865
0.01781
0.0182732
0.0185147
0.0185762
0.0184784
0.0182112
0.0177299
0.0169515
0.0157352
0.013921
0.0116515
0.00894448
0.0060055
0.00333692
0.00156754
0.000824516
0.000653818
0.000666009
0.0120713
0.0105793
0.00919747
0.00790287
0.00666354
0.00538388
0.00401846
0.00261873
0.00126468
0.000139301
0.000906883
0.00082986
0.00190412
0.00327729
0.0043094
0.00534466
0.00675382
0.00825922
0.00979636
0.0113442
0.0128411
0.0142353
0.0154831
0.0164477
0.0171668
0.0177332
0.0180587
0.0181883
0.0181493
0.0179381
0.0175151
0.0168024
0.0156648
0.0139299
0.0117185
0.00903938
0.00609124
0.00338662
0.00158204
0.000826378
0.000662808
0.010688
0.00922003
0.00786215
0.00658244
0.00529843
0.00396168
0.00255868
0.00122296
0.00013207
0.000956533
0.000858532
0.00181147
0.00305905
0.00420797
0.00507144
0.00630035
0.00773693
0.00920247
0.0107116
0.0121906
0.0136001
0.0147687
0.0157146
0.0165428
0.0172019
0.0176066
0.0177998
0.0178157
0.0176551
0.0172853
0.0166325
0.0155685
0.0139093
0.0117552
0.00910342
0.00615014
0.00341393
0.00159
0.000827733
0.00929302
0.00786349
0.00654115
0.00522998
0.00390551
0.00252284
0.00119462
0.000127383
0.00102344
0.000940855
0.00174394
0.00289942
0.00402868
0.00497311
0.00593251
0.00729195
0.0086877
0.0101066
0.0115732
0.0128506
0.0139711
0.0150247
0.0159401
0.0166857
0.0171615
0.017415
0.0174801
0.0173667
0.0170443
0.0164464
0.0154504
0.0138628
0.0117631
0.0091396
0.00617845
0.00342298
0.00158783
0.00790918
0.00653047
0.00519639
0.00385565
0.002499
0.00117587
0.000124084
0.00111251
0.00109366
0.0017069
0.00277293
0.00383968
0.00483951
0.00571019
0.00687991
0.0081974
0.00958416
0.0108644
0.0120853
0.01327
0.0143709
0.0153711
0.016185
0.0167299
0.0170342
0.0171474
0.0170745
0.0167962
0.0162477
0.0153143
0.0137936
0.0117453
0.00914468
0.00617959
0.0034098
0.00655156
0.00518543
0.00383381
0.00247161
0.0011632
0.000122301
0.00122939
0.00128593
0.00172362
0.00266718
0.00367831
0.00466915
0.00557517
0.00651884
0.00782528
0.00900027
0.0102014
0.011424
0.01264
0.013795
0.0148262
0.0157133
0.0163064
0.0166654
0.0168161
0.0167836
0.0165429
0.01604
0.0151636
0.013705
0.0117036
0.00912139
0.0061516
0.005198
0.00382686
0.00246338
0.00115577
0.00012175
0.0013989
0.00149844
0.00177603
0.00259118
0.00353989
0.00450797
0.00542709
0.00632956
0.00733945
0.00853027
0.00967131
0.0108655
0.0120846
0.013263
0.0143441
0.01525
0.0159087
0.0162997
0.0164947
0.0164924
0.0162885
0.0158256
0.0150018
0.0135992
0.0116407
0.00907012
0.00383544
0.00246408
0.00115164
0.000121984
0.00155885
0.00172125
0.00186751
0.00254518
0.00342531
0.00434584
0.00528638
0.00612585
0.00702549
0.00808087
0.00924082
0.0104032
0.0115999
0.0127879
0.0138912
0.0148401
0.0155084
0.0159568
0.0161738
0.016208
0.0160327
0.015608
0.0148304
0.0134804
0.0115564
0.00247378
0.00115424
0.000123332
0.00174907
0.00195285
0.00197976
0.00253622
0.00333393
0.0042127
0.00509324
0.00595193
0.00675803
0.00773885
0.00888445
0.0100184
0.0111955
0.01236
0.0134738
0.0144534
0.0151574
0.0156063
0.0158708
0.0159236
0.0157804
0.0153869
0.0146538
0.013349
0.00116199
0.000126401
0.00193006
0.00218065
0.00210566
0.00256174
0.00327144
0.004077
0.00490519
0.0057654
0.00662446
0.00746124
0.00856852
0.00971356
0.0108319
0.0119916
0.0131006
0.0140856
0.0148222
0.015301
0.0155612
0.0156509
0.0155274
0.015168
0.0144704
0.000130744
0.00210436
0.00239808
0.00222676
0.00260998
0.00322462
0.00395679
0.00476009
0.00560256
0.00647999
0.00731042
0.00827465
0.00943348
0.0105536
0.0116695
0.0127598
0.0137531
0.0145006
0.0150035
0.0152905
0.0153762
0.0152836
0.0149456
0.00226566
0.002586
0.00235914
0.00268544
0.00320873
0.00388073
0.00464856
0.00547466
0.00634326
0.00720093
0.00809124
0.00918347
0.0102873
0.0113935
0.0124732
0.0134491
0.0141993
0.0147189
0.015021
0.015132
0.0150377
0.00242799
0.00273906
0.00251459
0.00278087
0.00322813
0.00383822
0.00456732
0.0053751
0.0062288
0.00710798
0.00795911
0.00899395
0.01006
0.0111335
0.0121985
0.0131771
0.0139305
0.0144431
0.0147638
0.0148847
0.00287511
0.00260062
0.0026713
0.0028827
0.00326725
0.00382104
0.00451389
0.00530056
0.00614026
0.00701691
0.00786841
0.00883922
0.00988427
0.0109181
0.0119471
0.012911
0.0136696
0.014201
0.0145124
0.0030229
0.00276746
0.00281117
0.00298339
0.0033183
0.00382631
0.00448523
0.00524961
0.00607768
0.00694284
0.00780127
0.00872148
0.00973582
0.0107386
0.0117395
0.0126764
0.0134184
0.0139535
0.00315983
0.00291143
0.00293574
0.00307925
0.00337787
0.00384948
0.00447769
0.00522153
0.00603703
0.00688974
0.00775095
0.00863931
0.00961571
0.0105877
0.0115576
0.01247
0.0131995
0.00327623
0.00303427
0.00304554
0.00317036
0.00344297
0.00388598
0.00448888
0.00521442
0.00601683
0.0068578
0.00771539
0.00858495
0.00952189
0.0104625
0.0114004
0.012285
0.00336454
0.0031379
0.00314353
0.00325538
0.00351088
0.00393332
0.00451673
0.00522645
0.0060163
0.0068459
0.00769359
0.00855276
0.00945193
0.0103605
0.0112646
0.00343091
0.00322598
0.00322696
0.00333375
0.00357998
0.0039898
0.00455939
0.00525629
0.00603426
0.00685296
0.00768714
0.00853255
0.0094019
0.0102779
0.00347534
0.00329103
0.00329651
0.0034049
0.00364972
0.00405422
0.00461564
0.00530245
0.00607011
0.00687771
0.00769991
0.00852612
0.00936826
0.00347983
0.00333616
0.00335203
0.00346954
0.00372025
0.00412632
0.00468436
0.00536439
0.00612178
0.00692161
0.00773029
0.00853274
0.00345927
0.00336159
0.00339594
0.00352956
0.00379293
0.00420622
0.00476558
0.00544048
0.00618797
0.00698084
0.0077751
0.0034152
0.00337326
0.00343262
0.00358819
0.00386951
0.00429498
0.0048582
0.00553069
0.0062688
0.00705278
0.00336345
0.00337883
0.00346703
0.00364872
0.00395227
0.00439294
0.00496448
0.0056333
0.00636306
0.00331506
0.00338399
0.00350375
0.00371498
0.00404454
0.00450501
0.00508093
0.00574894
0.00327012
0.00339481
0.00354942
0.00379513
0.00415247
0.00462494
0.00521169
0.00324437
0.00341949
0.00360973
0.00388463
0.0042648
0.00476274
0.00323809
0.00345737
0.00367966
0.00398396
0.00439289
0.00326151
0.0035158
0.00376857
0.00410614
0.0033122
0.003596
0.00388165
0.00338843
0.00370431
0.00349351
)
;

boundaryField
{
    inlet
    {
        type            calculated;
        value           uniform 0.0067082;
    }
    outlet
    {
        type            calculated;
        value           nonuniform List<scalar> 0();
    }
    splitter
    {
        type            nutkWallFunction;
        Cmu             0.09;
        kappa           0.41;
        E               9.8;
        value           uniform 0;
    }
    fuel_inlet
    {
        type            calculated;
        value           uniform 0.0100623;
    }
    back
    {
        type            nutkWallFunction;
        Cmu             0.09;
        kappa           0.41;
        E               9.8;
        value           nonuniform List<scalar> 0();
    }
    sides
    {
        type            nutkWallFunction;
        Cmu             0.09;
        kappa           0.41;
        E               9.8;
        value           uniform 0;
    }
    frontAndBack
    {
        type            empty;
    }
    procBoundary1to0
    {
        type            processor;
        value           nonuniform List<scalar> 
53
(
0.00670579
0.00670074
0.00669607
0.00669168
0.00668765
0.00668384
0.00668027
0.00667676
0.00667357
0.00667035
0.00666775
0.00666524
0.00666385
0.006663
0.00666348
0.00666701
0.00666858
0.00668461
0.00669266
0.00670807
0.00673436
0.00677104
0.00681843
0.00688106
0.00696281
0.00706809
0.00720315
0.00737397
0.00759077
0.00786638
0.00827026
0.00888815
0.00986131
0.0117339
0.0145852
0.0170035
0.0181956
0.018457
0.0180794
0.0172852
0.0162251
0.0149978
0.0136681
0.012279
0.0108595
0.00943346
0.00800529
0.00660894
0.00523645
0.0038606
0.00249254
0.00117475
0.000136827
)
;
    }
    procBoundary1to2
    {
        type            processor;
        value           nonuniform List<scalar> 
71
(
6.34831e-05
0.00861555
0.000510252
0.00472957
0.000639675
0.00339901
0.000691584
0.00289239
0.0006842
0.00270395
0.000674142
0.00266516
0.00082923
0.00269979
0.00157793
0.00278741
0.00337786
0.0029155
0.00609714
0.00302047
0.00899341
0.00311334
0.011453
0.00319434
0.0132086
0.00326876
0.0142872
0.00334288
0.0147348
0.00341976
0.0148165
0.00350702
0.0146499
0.00358658
0.014286
0.00368521
0.0137188
0.00379058
0.012997
0.00384131
0.01212
0.00383392
0.0111489
0.00378703
0.0102136
0.00368509
0.00935018
0.00352883
0.00855304
0.00337037
0.00783341
0.00320565
0.00713768
0.00306387
0.00647074
0.00295421
0.00587674
0.00289705
0.00535194
0.00288736
0.00490446
0.00290127
0.00453997
0.00294168
0.00424896
0.00300929
0.00401923
0.00310912
0.00383919
0.00323747
0.00362787
)
;
    }
}


// ************************************************************************* //
