/*--------------------------------*- C++ -*----------------------------------*\
  =========                 |
  \\      /  F ield         | OpenFOAM: The Open Source CFD Toolbox
   \\    /   O peration     | Website:  https://openfoam.org
    \\  /    A nd           | Version:  8
     \\/     M anipulation  |
\*---------------------------------------------------------------------------*/
FoamFile
{
    version     2.0;
    format      ascii;
    class       volScalarField;
    location    "0.05";
    object      O2;
}
// * * * * * * * * * * * * * * * * * * * * * * * * * * * * * * * * * * * * * //

dimensions      [0 0 0 0 0 0 0];

internalField   nonuniform List<scalar> 
3910
(
0.233
0.233
0.233
0.233
0.233
0.233
0.233
0.233
0.233
0.233
0.233
0.233
0.233
0.233
0.233
0.233
0.233
0.233
0.233
0.233
0.233
0.233
0.233
0.233
0.233
0.233
0.233
0.233
0.233
0.233
0.233
0.233
0.233
0.233
0.233
0.233
0.233
0.233
0.233
0.233
0.233
0.233
0.233
0.233
0.233
0.233
0.233
0.233
0.233
0.233
0.233
0.233
0.233
0.233
0.233
0.233
0.233
0.233
0.233
0.233
0.233
0.233
0.233
0.233
0.233
0.233
0.233
0.233
0.233
0.233
0.233
0.233
0.233
0.233
0.233
0.233
0.233
0.233
0.233
0.233
0.233
0.233
0.233
0.233
0.233
0.233
0.233
0.233
0.233
0.233
0.233
0.233
0.233
0.233
0.233
0.233
0.233
0.233
0.233
0.233
0.233
0.233
0.233
0.233
0.233
0.233
0.233
0.233
0.233
0.233
0.233
0.233
0.233
0.233
0.233
0.233
0.233
0.233
0.233
0.233
0.233
0.233
0.233
0.233
0.233
0.233
0.233
0.233
0.233
0.233
0.233
0.233
0.233
0.233
0.233
0.233
0.233
0.233
0.233
0.233
0.233
0.233
0.233
0.233
0.233
0.233
0.233
0.233
0.233
0.233
0.233
0.233
0.233
0.233
0.233
0.233
0.233
0.233
0.233
0.233
0.233
0.233
0.233
0.233
0.233
0.233
0.233
0.233
0.233
0.233
0.233
0.233
0.233
0.233
0.233
0.233
0.233
0.233
0.233
0.233
0.233
0.233
0.233
0.233
0.233
0.233
0.233
0.233
0.233
0.233
0.233
0.233
0.233
0.233
0.233
0.233
0.233
0.233
0.233
0.233
0.233
0.233
0.233
0.233
0.233
0.233
0.233
0.233
0.233
0.233
0.233
0.233
0.233
0.233
0.233
0.233
0.233
0.233
0.233
0.233
0.233
0.233
0.233
0.233
0.233
0.233
0.233
0.233
0.233
0.233
0.233
0.233
0.233
0.233
0.233
0.233
0.233
0.233
0.233
0.233
0.233
0.233
0.233
0.233
0.233
0.233
0.233
0.233
0.233
0.233
0.233
0.233
0.233
0.233
0.233
0.233
0.233
0.233
0.233
0.233
0.233
0.233
0.233
0.233
0.233
0.233
0.233
0.233
0.233
0.233
0.233
0.233
0.233
0.233
0.233
0.233
0.233
0.233
0.233
0.233
0.233
0.233
0.233
0.233
0.233
0.233
0.233
0.233
0.233
0.233
0.233
0.233
0.233
0.233
0.233
0.233
0.233
0.233
0.233
0.233
0.233
0.233
0.233
0.233
0.233
0.233
0.233
0.233
0.233
0.233
0.233
0.233
0.233
0.233
0.233
0.233
0.233
0.233
0.233
0.233
0.233
0.233
0.233
0.233
0.233
0.233
0.233
0.233
0.233
0.233
0.233
0.233
0.233
0.233
0.233
0.233
0.233
0.233
0.233
0.233
0.233
0.233
0.233
0.233
0.233
0.233
0.233
0.233
0.233
0.233
0.233
0.233
0.233
0.233
0.233
0.233
0.233
0.233
0.233
0.233
0.233
0.233
0.233
0.233
0.233
0.233
0.233
0.233
0.233
0.233
0.233
0.233
0.233
0.233
0.233
0.233
0.233
0.233
0.233
0.233
0.233
0.233
0.233
0.233
0.233
0.233
0.233
0.233
0.233
0.233
0.233
0.233
0.233
0.233
0.233
0.233
0.233
0.233
0.233
0.233
0.233
0.233
0.233
0.233
0.233
0.233
0.233
0.233
0.233
0.233
0.233
0.233
0.233
0.233
0.233
0.233
0.233
0.233
0.233
0.233
0.233
0.233
0.233
0.233
0.233
0.233
0.233
0.233
0.233
0.233
0.233
0.233
0.233
0.233
0.233
0.233
0.233
0.233
0.233
0.233
0.233
0.233
0.233
0.233
0.233
0.233
0.233
0.233
0.233
0.233
0.233
0.233
0.233
0.233
0.233
0.233
0.233
0.233
0.233
0.233
0.233
0.233
0.233
0.233
0.233
0.233
0.233
0.233
0.233
0.233
0.233
0.233
0.233
0.233
0.233
0.233
0.233
0.233
0.233
0.233
0.233
0.233
0.233
0.233
0.233
0.233
0.233
0.233
0.233
0.233
0.233
0.233
0.233
0.233
0.233
0.233
0.233
0.233
0.233
0.233
0.233
0.233
0.233
0.233
0.233
0.233
0.233
0.233
0.233
0.233
0.233
0.233
0.233
0.233
0.233
0.233
0.233
0.233
0.233
0.233
0.233
0.233
0.233
0.233
0.233
0.233
0.233
0.233
0.233
0.233
0.233
0.233
0.233
0.233
0.233
0.233
0.233
0.233
0.233
0.233
0.233
0.233
0.233
0.233
0.233
0.233
0.233
0.233
0.233
0.233
0.233
0.233
0.233
0.233
0.233
0.233
0.233
0.233
0.233
0.233
0.233
0.233
0.233
0.233
0.233
0.233
0.233
0.233
0.233
0.233
0.233
0.233
0.233
0.233
0.233
0.233
0.233
0.233
0.233
0.233
0.233
0.233
0.233
0.233
0.233
0.233
0.233
0.233
0.233
0.233
0.233
0.233
0.233
0.233
0.233
0.233
0.233
0.233
0.233
0.233
0.233
0.233
0.233
0.233
0.233
0.233
0.233
0.233
0.233
0.233
0.233
0.233
0.233
0.233
0.233
0.233
0.233
0.233
0.233
0.233
0.233
0.233
0.233
0.233
0.233
0.233
0.233
0.233
0.233
0.233
0.233
0.233
0.233
0.233
0.233
0.233
0.233
0.233
0.233
0.233
0.233
0.233
0.233
0.233
0.233
0.233
0.233
0.233
0.233
0.233
0.233
0.233
0.233
0.233
0.233
0.233
0.233
0.233
0.233
0.233
0.233
0.233
0.233
0.233
0.233
0.233
0.233
0.233
0.233
0.233
0.233
0.233
0.233
0.233
0.233
0.233
0.233
0.233
0.233
0.233
0.233
0.233
0.233
0.233
0.233
0.233
0.233
0.233
0.233
0.233
0.233
0.233
0.233
0.233
0.233
0.233
0.233
0.233
0.233
0.233
0.233
0.233
0.233
0.233
0.233
0.233
0.233
0.233
0.233
0.233
0.233
0.233
0.233
0.233
0.233
0.233
0.233
0.233
0.233
0.233
0.233
0.233
0.233
0.233
0.233
0.233
0.233
0.233
0.233
0.233
0.233
0.233
0.233
0.233
0.233
0.233
0.233
0.233
0.233
0.233
0.233
0.233
0.233
0.233
0.233
0.233
0.233
0.233
0.233
0.233
0.233
0.233
0.233
0.233
0.233
0.233
0.233
0.233
0.233
0.233
0.233
0.233
0.233
0.233
0.233
0.233
0.233
0.233
0.233
0.233
0.233
0.233
0.233
0.233
0.233
0.233
0.233
0.233
0.233
0.233
0.233
0.233
0.233
0.233
0.233
0.233
0.233
0.233
0.233
0.233
0.233
0.233
0.233
0.233
0.233
0.233
0.233
0.233
0.233
0.233
0.233
0.233
0.233
0.233
0.233
0.233
0.233
0.233
0.233
0.233
0.233
0.233
0.233
0.233
0.233
0.233
0.233
0.233
0.233
0.233
0.233
0.233
0.233
0.233
0.233
0.233
0.233
0.233
0.233
0.233
0.233
0.233
0.233
0.233
0.233
0.233
0.233
0.233
0.233
0.233
0.233
0.233
0.233
0.233
0.233
0.233
0.233
0.233
0.233
0.233
0.233
0.233
0.233
0.233
0.233
0.233
0.233
0.233
0.233
0.233
0.233
0.233
0.233
0.233
0.233
0.233
0.233
0.233
0.233
0.233
0.233
0.233
0.233
0.233
0.233
0.233
0.233
0.233
0.233
0.233
0.233
0.233
0.233
0.233
0.233
0.233
0.233
0.233
0.233
0.233
0.233
0.233
0.233
0.233
0.233
0.233
0.233
0.233
0.233
0.233
0.233
0.233
0.233
0.233
0.233
0.233
0.233
0.233
0.233
0.233
0.233
0.233
0.233
0.233
0.233
0.233
0.233
0.233
0.233
0.233
0.233
0.233
0.233
0.233
0.233
0.233
0.233
0.233
0.233
0.233
0.233
0.233
0.233
0.233
0.233
0.233
0.233
0.233
0.233
0.233
0.233
0.233
0.233
0.233
0.233
0.233
0.233
0.233
0.233
0.233
0.233
0.233
0.233
0.233
0.233
0.233
0.233
0.233
0.233
0.233
0.233
0.233
0.233
0.233
0.233
0.233
0.233
0.233
0.233
0.233
0.233
0.233
0.233
0.233
0.233
0.233
0.233
0.233
0.233
0.233
0.233
0.233
0.233
0.233
0.233
0.233
0.233
0.233
0.233
0.233
0.233
0.233
0.233
0.233
0.233
0.233
0.233
0.233
0.233
0.233
0.233
0.233
0.233
0.233
0.233
0.233
0.233
0.233
0.233
0.233
0.233
0.233
0.233
0.233
0.233
0.233
0.233
0.233
0.233
0.233
0.233
0.233
0.233
0.233
0.233
0.233
0.233
0.233
0.233
0.233
0.233
0.233
0.233
0.233
0.233
0.233
0.233
0.233
0.233
0.233
0.233
0.233
0.233
0.233
0.233
0.233
0.233
0.233
0.233
0.233
0.233
0.233
0.233
0.233
0.233
0.233
0.233
0.233
0.233
0.233
0.233
0.233
0.233
0.233
0.233
0.233
0.233
0.233
0.233
0.233
0.233
0.233
0.233
0.233
0.233
0.233
0.233
0.233
0.233
0.233
0.233
0.233
0.233
0.233
0.233
0.233
0.233
0.233
0.233
0.233
0.233
0.233
0.233
0.233
0.233
0.233
0.233
0.233
0.233
0.233
0.233
0.233
0.233
0.233
0.233
0.233
0.233
0.233
0.233
0.233
0.233
0.233
0.233
0.233
0.233
0.233
0.233
0.233
0.233
0.233
0.233
0.233
0.233
0.233
0.233
0.233
0.233
0.233
0.233
0.233
0.233
0.233
0.233
0.233
0.233
0.233
0.233
0.233
0.233
0.233
0.233
0.233
0.233
0.233
0.233
0.233
0.233
0.233
0.233
0.233
0.233
0.233
0.233
0.233
0.233
0.233
0.233
0.233
0.233
0.233
0.233
0.233
0.233
0.233
0.233
0.233
0.233
0.233
0.233
0.233
0.233
0.233
0.233
0.233
0.233
0.233
0.233
0.233
0.233
0.233
0.233
0.233
0.233
0.233
0.233
0.233
0.233
0.233
0.233
0.233
0.233
0.233
0.233
0.233
0.233
0.233
0.233
0.233
0.233
0.233
0.233
0.233
0.233
0.233
0.233
0.233
0.233
0.233
0.233
0.233
0.233
0.233
0.233
0.233
0.233
0.233
0.233
0.233
0.233
0.233
0.233
0.233
0.233
0.233
0.233
0.233
0.233
0.233
0.233
0.233
0.233
0.233
0.233
0.233
0.233
0.233
0.233
0.233
0.233
0.233
0.233
0.233
0.233
0.233
0.233
0.233
0.233
0.233
0.233
0.233
0.233
0.233
0.233
0.233
0.233
0.233
0.233
0.233
0.233
0.233
0.233
0.233
0.233
0.233
0.233
0.233
0.233
0.233
0.233
0.233
0.233
0.233
0.233
0.233
0.233
0.233
0.233
0.233
0.233
0.233
0.233
0.233
0.233
0.233
0.233
0.233
0.233
0.233
0.233
0.233
0.233
0.233
0.233
0.233
0.233
0.233
0.233
0.233
0.233
0.233
0.233
0.233
0.233
0.233
0.233
0.233
0.233
0.233
0.233
0.233
0.233
0.233
0.233
0.233
0.233
0.233
0.233
0.233
0.233
0.233
0.233
0.233
0.233
0.233
0.233
0.233
0.233
0.233
0.233
0.233
0.233
0.233
0.233
0.233
0.233
0.233
0.233
0.233
0.233
0.233
0.233
0.233
0.233
0.233
0.233
0.233
0.233
0.233
0.233
0.233
0.233
0.233
0.233
0.233
0.233
0.233
0.233
0.233
0.233
0.233
0.233
0.233
0.233
0.233
0.233
0.233
0.233
0.233
0.233
0.233
0.233
0.233
0.233
0.233
0.233
0.233
0.233
0.233
0.233
0.233
0.233
0.233
0.233
0.233
0.233
0.233
0.233
0.233
0.233
0.233
0.233
0.233
0.233
0.233
0.233
0.233
0.233
0.233
0.233
0.233
0.233
0.233
0.233
0.233
0.233
0.233
0.233
0.233
0.233
0.233
0.233
0.233
0.233
0.233
0.233
0.233
0.233
0.233
0.233
0.233
0.233
0.233
0.233
0.233
0.233
0.233
0.233
0.233
0.233
0.233
0.233
0.233
0.233
0.233
0.233
0.233
0.233
0.233
0.233
0.233
0.233
0.233
0.233
0.233
0.233
0.233
0.233
0.233
0.233
0.233
0.233
0.233
0.233
0.233
0.233
0.233
0.233
0.233
0.233
0.233
0.233
0.233
0.233
0.233
0.233
0.233
0.233
0.233
0.233
0.233
0.233
0.233
0.233
0.233
0.233
0.233
0.233
0.233
0.233
0.233
0.233
0.233
0.233
0.233
0.233
0.233
0.233
0.233
0.233
0.233
0.233
0.233
0.233
0.233
0.233
0.233
0.233
0.233
0.233
0.233
0.233
0.233
0.233
0.233
0.233
0.233
0.233
0.233
0.233
0.233
0.233
0.233
0.233
0.233
0.233
0.233
0.233
0.233
0.233
0.233
0.233
0.233
0.233
0.233
0.233
0.233
0.233
0.233
0.233
0.233
0.233
0.233
0.233
0.233
0.233
0.233
0.233
0.233
0.233
0.233
0.233
0.233
0.233
0.233
0.233
0.233
0.233
0.233
0.233
0.233
0.233
0.233
0.233
0.233
0.233
0.233
0.233
0.233
0.233
0.233
0.233
0.233
0.233
0.233
0.233
0.233
0.233
0.233
0.233
0.233
0.233
0.233
0.233
0.233
0.233
0.233
0.233
0.233
0.233
0.233
0.233
0.233
0.233
0.233
0.233
0.233
0.233
0.233
0.233
0.233
0.233
0.233
0.233
0.233
0.233
0.233
0.233
0.233
0.233
0.233
0.233
0.233
0.233
0.233
0.233
0.233
0.233
0.233
0.233
0.233
0.233
0.233
0.233
0.233
0.233
0.233
0.233
0.233
0.233
0.233
0.233
0.233
0.233
0.233
0.233
0.233
0.233
0.233
0.233
0.233
0.233
0.233
0.233
0.233
0.233
0.233
0.233
0.233
0.233
0.233
0.233
0.233
0.233
0.233
0.233
0.233
0.233
0.233
0.233
0.233
0.233
0.233
0.233
0.233
0.233
0.233
0.233
0.233
0.233
0.233
0.233
0.233
0.233
0.233
0.233
0.233
0.233
0.233
0.233
0.233
0.233
0.233
0.233
0.233
0.233
0.233
0.233
0.233
0.233
0.233
0.233
0.233
0.233
0.233
0.233
0.233
0.233
0.233
0.233
0.233
0.233
0.233
0.233
0.233
0.233
0.233
0.233
0.233
0.233
0.233
0.233
0.233
0.233
0.233
0.233
0.233
0.233
0.233
0.233
0.233
0.233
0.233
0.233
0.233
0.233
0.233
0.233
0.233
0.233
0.233
0.233
0.233
0.233
0.233
0.233
0.233
0.233
0.233
0.233
0.233
0.233
0.233
0.233
0.233
0.233
0.233
0.233
0.233
0.233
0.233
0.233
0.233
0.233
0.233
0.233
0.233
0.233
0.233
0.233
0.233
0.233
0.233
0.233
0.233
0.233
0.233
0.233
0.233
0.233
0.233
0.233
0.233
0.233
0.233
0.233
0.233
0.233
0.233
0.233
0.233
0.233
0.233
0.233
0.233
0.233
0.233
0.233
0.233
0.233
0.233
0.233
0.233
0.233
0.233
0.233
0.233
0.233
0.233
0.233
0.233
0.233
0.233
0.233
0.233
0.233
0.233
0.233
0.233
0.233
0.233
0.233
0.233
0.233
0.233
0.233
0.233
0.233
0.233
0.233
0.233
0.233
0.233
0.233
0.233
0.233
0.233
0.233
0.233
0.233
0.233
0.233
0.233
0.233
0.233
0.233
0.233
0.233
0.233
0.233
0.233
0.233
0.233
0.233
0.233
0.233
0.233
0.233
0.233
0.233
0.233
0.233
0.233
0.233
0.233
0.233
0.233
0.233
0.233
0.233
0.233
0.233
0.233
0.233
0.233
0.233
0.233
0.233
0.233
0.233
0.233
0.233
0.233
0.233
0.233
0.233
0.233
0.233
0.233
0.233
0.233
0.233
0.233
0.233
0.233
0.233
0.233
0.233
0.233
0.233
0.233
0.233
0.233
0.233
0.233
0.233
0.233
0.233
0.233
0.233
0.233
0.233
0.233
0.233
0.233
0.233
0.233
0.233
0.233
0.233
0.233
0.233
0.233
0.233
0.233
0.233
0.233
0.233
0.233
0.233
0.233
0.233
0.233
0.233
0.233
0.233
0.233
0.233
0.233
0.233
0.233
0.233
0.233
0.233
0.233
0.233
0.233
0.233
0.233
0.233
0.233
0.233
0.233
0.233
0.233
0.233
0.233
0.233
0.233
0.233
0.233
0.233
0.233
0.233
0.233
0.233
0.233
0.233
0.233
0.233
0.233
0.233
0.233
0.233
0.233
0.233
0.233
0.233
0.233
0.233
0.233
0.233
0.233
0.233
0.233
0.233
0.233
0.233
0.233
0.233
0.233
0.233
0.233
0.233
0.233
0.233
0.233
0.233
0.233
0.233
0.233
0.233
0.233
0.233
0.233
0.233
0.233
0.233
0.233
0.233
0.233
0.233
0.233
0.233
0.233
0.233
0.233
0.233
0.233
0.233
0.233
0.233
0.233
0.233
0.233
0.233
0.233
0.233
0.233
0.233
0.233
0.233
0.233
0.233
0.233
0.233
0.233
0.233
0.233
0.233
0.233
0.233
0.233
0.233
0.233
0.233
0.233
0.233
0.233
0.233
0.233
0.233
0.233
0.233
0.233
0.233
0.233
0.233
0.233
0.233
0.233
0.233
0.233
0.233
0.233
0.233
0.233
0.233
0.233
0.233
0.233
0.233
0.232999
0.232999
0.232999
0.232999
0.232999
0.233
0.233
0.233
0.233
0.233
0.233
0.233
0.233
0.233
0.233
0.233
0.233
0.233
0.233
0.233
0.233
0.233
0.233
0.233
0.233
0.233
0.233
0.233
0.233
0.233
0.233
0.233
0.233
0.233
0.233
0.233
0.233
0.233
0.233
0.233
0.233
0.233
0.233
0.233
0.233
0.233
0.233
0.233
0.233
0.232999
0.232999
0.232999
0.232999
0.232999
0.232999
0.233
0.233
0.233
0.233
0.233
0.233
0.233
0.233
0.233
0.233
0.233
0.233
0.233
0.233
0.233
0.233
0.233
0.233
0.233
0.233
0.233
0.233
0.233
0.233
0.233
0.233
0.233
0.233
0.233
0.233
0.233
0.233
0.233
0.233
0.233
0.233
0.233
0.233
0.233
0.233
0.233
0.233
0.233
0.232999
0.232999
0.232998
0.232998
0.232998
0.232998
0.232999
0.232999
0.233
0.233
0.233
0.233
0.233
0.233
0.233
0.233
0.233
0.233
0.233
0.233
0.233
0.233
0.233
0.233
0.233
0.233
0.233
0.233
0.233
0.233
0.233
0.233
0.233
0.233
0.233
0.233
0.233
0.233
0.233
0.233
0.233
0.233
0.233
0.233
0.233
0.233
0.233
0.233
0.233
0.232999
0.232998
0.232997
0.232996
0.232996
0.232997
0.232998
0.232999
0.232999
0.233
0.233
0.233
0.233
0.233
0.233
0.233
0.233
0.233
0.233
0.233
0.233
0.233
0.233
0.233
0.233
0.233
0.233
0.233
0.233
0.233
0.233
0.233
0.233
0.233
0.233
0.233
0.233
0.233
0.233
0.233
0.233
0.233
0.233
0.233
0.233
0.233
0.233
0.233
0.233
0.232999
0.232998
0.232997
0.232995
0.232994
0.232994
0.232995
0.232997
0.232998
0.232999
0.232999
0.233
0.233
0.233
0.233
0.233
0.233
0.233
0.233
0.233
0.233
0.233
0.233
0.233
0.233
0.233
0.233
0.233
0.233
0.233
0.233
0.233
0.233
0.233
0.233
0.233
0.233
0.233
0.233
0.233
0.233
0.233
0.233
0.233
0.233
0.233
0.233
0.233
0.233
0.232999
0.232998
0.232996
0.232994
0.232991
0.232991
0.232992
0.232994
0.232996
0.232998
0.232999
0.232999
0.233
0.233
0.233
0.233
0.233
0.233
0.233
0.233
0.233
0.233
0.233
0.233
0.233
0.233
0.233
0.233
0.233
0.233
0.233
0.233
0.233
0.233
0.233
0.233
0.233
0.233
0.233
0.233
0.233
0.233
0.233
0.233
0.233
0.233
0.233
0.233
0.233
0.232999
0.232998
0.232996
0.232992
0.232988
0.232986
0.232985
0.232988
0.232991
0.232995
0.232997
0.232998
0.232999
0.233
0.233
0.233
0.233
0.233
0.233
0.233
0.233
0.233
0.233
0.233
0.233
0.233
0.233
0.233
0.233
0.233
0.233
0.233
0.233
0.233
0.233
0.233
0.233
0.233
0.233
0.233
0.233
0.233
0.233
0.233
0.233
0.233
0.233
0.233
0.233
0.233
0.232999
0.232996
0.232992
0.232985
0.23298
0.232977
0.232978
0.232983
0.232988
0.232993
0.232996
0.232998
0.232999
0.233
0.233
0.233
0.233
0.233
0.233
0.233
0.233
0.233
0.233
0.233
0.233
0.233
0.233
0.233
0.233
0.233
0.233
0.233
0.233
0.233
0.233
0.233
0.233
0.233
0.233
0.233
0.233
0.233
0.233
0.233
0.233
0.233
0.233
0.233
0.233
0.232999
0.232997
0.232992
0.232983
0.232973
0.232966
0.232964
0.232969
0.232977
0.232985
0.232991
0.232995
0.232998
0.232999
0.232999
0.233
0.233
0.233
0.233
0.233
0.233
0.233
0.233
0.233
0.233
0.233
0.233
0.233
0.233
0.233
0.233
0.233
0.233
0.233
0.233
0.233
0.233
0.233
0.233
0.233
0.233
0.233
0.233
0.233
0.233
0.233
0.233
0.233
0.233
0.232999
0.232998
0.232993
0.232983
0.232968
0.232953
0.232945
0.232947
0.232957
0.232969
0.232981
0.23299
0.232995
0.232997
0.232999
0.232999
0.233
0.233
0.233
0.233
0.233
0.233
0.233
0.233
0.233
0.233
0.233
0.233
0.233
0.233
0.233
0.233
0.233
0.233
0.233
0.233
0.233
0.233
0.233
0.233
0.233
0.233
0.233
0.233
0.233
0.233
0.233
0.233
0.233
0.232999
0.232998
0.232994
0.232984
0.232964
0.232939
0.23292
0.232915
0.232924
0.232941
0.232961
0.232977
0.232987
0.232993
0.232997
0.232998
0.232999
0.233
0.233
0.233
0.233
0.233
0.233
0.233
0.233
0.233
0.233
0.233
0.233
0.233
0.233
0.233
0.233
0.233
0.233
0.233
0.233
0.233
0.233
0.233
0.233
0.233
0.233
0.233
0.233
0.233
0.233
0.233
0.233
0.233
0.232999
0.232996
0.232986
0.232964
0.232928
0.232891
0.232871
0.232874
0.232895
0.232925
0.232952
0.232972
0.232985
0.232992
0.232996
0.232998
0.232999
0.232999
0.233
0.233
0.233
0.233
0.233
0.233
0.233
0.233
0.233
0.233
0.233
0.233
0.233
0.233
0.233
0.233
0.233
0.233
0.233
0.233
0.233
0.233
0.233
0.233
0.233
0.233
0.233
0.233
0.233
0.233
0.233
0.232999
0.232997
0.23299
0.232968
0.232923
0.232862
0.232813
0.2328
0.23282
0.232863
0.232907
0.232941
0.232965
0.232981
0.23299
0.232995
0.232997
0.232999
0.232999
0.233
0.233
0.233
0.233
0.233
0.233
0.233
0.233
0.233
0.233
0.233
0.233
0.233
0.233
0.233
0.233
0.233
0.233
0.233
0.233
0.233
0.233
0.233
0.233
0.233
0.233
0.233
0.233
0.233
0.233
0.233
0.232998
0.232993
0.232975
0.232925
0.232838
0.232745
0.232695
0.232704
0.23276
0.232828
0.232884
0.232926
0.232957
0.232976
0.232987
0.232993
0.232996
0.232998
0.232999
0.233
0.233
0.233
0.233
0.233
0.233
0.233
0.233
0.233
0.233
0.233
0.233
0.233
0.233
0.233
0.233
0.233
0.233
0.233
0.233
0.233
0.233
0.233
0.233
0.233
0.233
0.233
0.233
0.233
0.233
0.232999
0.232996
0.232983
0.232937
0.232828
0.232673
0.232554
0.232527
0.232594
0.232693
0.232782
0.232853
0.232907
0.232945
0.23297
0.232984
0.232991
0.232995
0.232998
0.232999
0.232999
0.233
0.233
0.233
0.233
0.233
0.233
0.233
0.233
0.233
0.233
0.233
0.233
0.233
0.233
0.233
0.233
0.233
0.233
0.233
0.233
0.233
0.233
0.233
0.233
0.233
0.233
0.233
0.233
0.233
0.232998
0.23299
0.232955
0.23284
0.232613
0.232375
0.232264
0.23233
0.232469
0.232604
0.232721
0.232814
0.232882
0.23293
0.232961
0.232979
0.232989
0.232994
0.232997
0.232998
0.232999
0.233
0.233
0.233
0.233
0.233
0.233
0.233
0.233
0.233
0.233
0.233
0.233
0.233
0.233
0.233
0.233
0.233
0.233
0.233
0.233
0.233
0.233
0.233
0.233
0.233
0.233
0.233
0.233
0.232999
0.232995
0.232974
0.232875
0.23259
0.232166
0.231878
0.231908
0.232098
0.2323
0.232486
0.232641
0.232761
0.23285
0.232911
0.23295
0.232973
0.232985
0.232992
0.232996
0.232998
0.232999
0.232999
0.233
0.233
0.233
0.233
0.233
0.233
0.233
0.233
0.233
0.233
0.233
0.233
0.233
0.233
0.233
0.233
0.233
0.233
0.233
0.233
0.233
0.233
0.233
0.233
0.233
0.233
0.233
0.232999
0.232988
0.232924
0.232633
0.231968
0.231316
0.231228
0.231476
0.23178
0.232074
0.232329
0.232535
0.232692
0.232807
0.232885
0.232936
0.232965
0.23298
0.232989
0.232994
0.232997
0.232998
0.232999
0.233
0.233
0.233
0.233
0.233
0.233
0.233
0.233
0.233
0.233
0.233
0.233
0.233
0.233
0.233
0.233
0.233
0.233
0.233
0.233
0.233
0.233
0.233
0.233
0.233
0.233
0.233
0.233
0.232969
0.232752
0.231876
0.23051
0.230085
0.230408
0.230877
0.231352
0.231774
0.232123
0.232397
0.232603
0.23275
0.232852
0.232917
0.232954
0.232974
0.232986
0.232992
0.232996
0.232998
0.232999
0.232999
0.233
0.233
0.233
0.233
0.233
0.233
0.233
0.233
0.233
0.233
0.233
0.233
0.233
0.233
0.233
0.233
0.233
0.233
0.233
0.233
0.233
0.233
0.233
0.233
0.233
0.232999
0.233003
0.232899
0.232049
0.229447
0.228003
0.228461
0.229258
0.230068
0.230785
0.231381
0.231855
0.232218
0.232486
0.232677
0.232808
0.232891
0.232939
0.232966
0.232981
0.232989
0.232994
0.232996
0.232998
0.232999
0.232999
0.233
0.233
0.233
0.233
0.233
0.233
0.233
0.233
0.233
0.233
0.233
0.233
0.233
0.233
0.233
0.233
0.233
0.233
0.233
0.233
0.233
0.233
0.233
0.233
0.232998
0.23302
0.232537
0.228496
0.223653
0.224589
0.226189
0.227714
0.229004
0.230049
0.230874
0.23151
0.231987
0.232336
0.232583
0.232751
0.232858
0.23292
0.232955
0.232974
0.232985
0.232991
0.232994
0.232997
0.232998
0.232999
0.232999
0.233
0.233
0.233
0.233
0.233
0.233
0.233
0.233
0.233
0.233
0.233
0.233
0.233
0.233
0.233
0.233
0.233
0.233
0.233
0.233
0.233
0.233
0.233
0.232996
0.233105
0.229105
0.212323
0.216038
0.220004
0.223224
0.225728
0.227646
0.229113
0.230231
0.231071
0.231694
0.232144
0.232461
0.232677
0.232815
0.232895
0.232939
0.232965
0.232978
0.232986
0.232992
0.232995
0.232998
0.232999
0.232999
0.233
0.233
0.233
0.233
0.233
0.233
0.233
0.233
0.233
0.233
0.233
0.233
0.233
0.233
0.233
0.233
0.233
0.233
0.233
0.233
0.233
0.233
0.232999
0.232996
0.233478
0.173139
0.194896
0.206808
0.214381
0.219571
0.223271
0.22596
0.227948
0.229427
0.230522
0.231325
0.231902
0.232307
0.232581
0.232759
0.232861
0.232918
0.232949
0.232968
0.23298
0.232988
0.232994
0.232996
0.232998
0.232999
0.232999
0.233
0.233
0.233
0.233
0.233
0.233
0.233
0.233
0.233
0.233
0.233
0.233
0.233
0.233
0.233
0.233
0.233
0.233
0.233
0.233
0.233
0.232999
0.233013
0.138209
0.0016481
0.177736
0.196683
0.207928
0.215272
0.220326
0.22392
0.226528
0.22844
0.229844
0.230865
0.231598
0.232111
0.23246
0.232685
0.232815
0.232883
0.232927
0.232955
0.232973
0.232984
0.232991
0.232995
0.232997
0.232998
0.232999
0.232999
0.233
0.233
0.233
0.233
0.233
0.233
0.233
0.233
0.233
0.233
0.233
0.233
0.233
0.233
0.233
0.233
0.233
0.233
0.233
0.233
0.114588
0.00474842
0.161951
0.186226
0.200824
0.210365
0.216896
0.221506
0.224827
0.227248
0.229017
0.230301
0.231221
0.231866
0.232304
0.232588
0.232741
0.232837
0.232899
0.232938
0.232963
0.232979
0.232988
0.232993
0.232996
0.232998
0.232999
0.232999
0.233
0.233
0.233
0.233
0.233
0.233
0.233
0.233
0.233
0.233
0.233
0.233
0.233
0.233
0.233
0.233
0.233
0.233
0.097456
0.00719239
0.147688
0.175731
0.193198
0.2049
0.212984
0.218701
0.222824
0.225829
0.228023
0.229617
0.230759
0.231559
0.232104
0.232433
0.232644
0.232779
0.232865
0.232919
0.232952
0.232972
0.232985
0.232991
0.232995
0.232997
0.232998
0.232999
0.233
0.233
0.233
0.233
0.233
0.233
0.233
0.233
0.233
0.233
0.233
0.233
0.233
0.233
0.233
0.233
0.0842434
0.00893501
0.13462
0.165275
0.185156
0.198909
0.208585
0.215489
0.220497
0.22416
0.226842
0.228794
0.230193
0.231173
0.231788
0.232235
0.232527
0.23271
0.232824
0.232895
0.232938
0.232964
0.23298
0.232989
0.232994
0.232996
0.232998
0.232999
0.232999
0.233
0.233
0.233
0.233
0.233
0.233
0.233
0.233
0.233
0.233
0.233
0.233
0.233
0.073391
0.0101351
0.122436
0.154877
0.176815
0.192426
0.203704
0.211857
0.217825
0.222219
0.225452
0.227809
0.229495
0.230575
0.231399
0.232003
0.23239
0.232629
0.232777
0.232867
0.232922
0.232955
0.232975
0.232986
0.232992
0.232995
0.232997
0.232998
0.232999
0.233
0.233
0.233
0.233
0.233
0.233
0.233
0.233
0.233
0.233
0.233
0.0642627
0.0109904
0.110932
0.144631
0.168232
0.185505
0.198321
0.207788
0.214784
0.219983
0.223825
0.22662
0.228433
0.229856
0.230951
0.231736
0.232233
0.232537
0.232722
0.232835
0.232903
0.232944
0.232969
0.232983
0.23299
0.232994
0.232996
0.232998
0.232999
0.233
0.233
0.233
0.233
0.233
0.233
0.233
0.233
0.233
0.0564815
0.0115429
0.100144
0.134515
0.159407
0.178167
0.192461
0.203265
0.211359
0.217419
0.2219
0.224837
0.22719
0.22905
0.230449
0.231437
0.232057
0.232433
0.232661
0.232799
0.232882
0.232932
0.232962
0.232979
0.232987
0.232992
0.232995
0.232997
0.232999
0.233
0.233
0.233
0.233
0.233
0.233
0.233
0.0499412
0.0118815
0.0901437
0.124398
0.150392
0.170471
0.186159
0.198281
0.207519
0.214452
0.219055
0.222801
0.225824
0.228164
0.229897
0.231107
0.231862
0.232318
0.232593
0.232759
0.232858
0.232918
0.232955
0.232974
0.232985
0.23299
0.232994
0.232996
0.233
0.233
0.233
0.233
0.233
0.233
0.0445144
0.0120671
0.0809168
0.114402
0.141237
0.162494
0.179441
0.19283
0.203175
0.210145
0.215891
0.22061
0.224351
0.227208
0.229301
0.230751
0.231652
0.232193
0.232519
0.232715
0.232833
0.232903
0.232946
0.232969
0.232981
0.232988
0.232993
0.233
0.233
0.233
0.233
0.233
0.040082
0.0121597
0.072609
0.104743
0.132054
0.154282
0.17234
0.186871
0.197008
0.205498
0.212567
0.218294
0.222791
0.226193
0.228668
0.230372
0.231427
0.23206
0.23244
0.232668
0.232805
0.232886
0.232937
0.232964
0.232978
0.232986
0.233
0.233
0.233
0.233
0.0364439
0.0122227
0.0652234
0.0956232
0.122914
0.145868
0.164869
0.178704
0.190605
0.200743
0.209133
0.21589
0.221165
0.225134
0.228006
0.229975
0.231191
0.231919
0.232356
0.232618
0.232775
0.232869
0.232926
0.232958
0.232974
0.233
0.233
0.233
0.0334677
0.0122545
0.0587992
0.0871382
0.113933
0.137319
0.155041
0.17061
0.184263
0.19595
0.205652
0.213437
0.219497
0.224045
0.227323
0.229564
0.230947
0.231773
0.232268
0.232566
0.232744
0.23285
0.232915
0.232951
0.233
0.233
0.0310063
0.0122806
0.0532961
0.0793971
0.10529
0.126555
0.145713
0.162898
0.17811
0.191229
0.202176
0.210978
0.217815
0.222941
0.22663
0.229145
0.230697
0.231623
0.232178
0.232511
0.232711
0.23283
0.232903
0.233
0.0289533
0.0122932
0.0486218
0.0724314
0.0950736
0.116845
0.137174
0.155718
0.17226
0.186668
0.198773
0.208549
0.216147
0.221841
0.225935
0.228724
0.230445
0.231471
0.232086
0.232455
0.232676
0.232808
0.0272185
0.0122891
0.0446467
0.0647295
0.0864672
0.108413
0.129523
0.14914
0.166823
0.182348
0.195504
0.206195
0.214519
0.220761
0.22525
0.228307
0.230193
0.231318
0.231992
0.232396
0.232639
0.0257561
0.0122676
0.0404404
0.0586929
0.079446
0.101237
0.12281
0.143232
0.16187
0.178354
0.192435
0.203952
0.212956
0.219717
0.224583
0.227898
0.229944
0.231165
0.231895
0.232335
0.0122483
0.0241977
0.0372988
0.0540655
0.073806
0.0952554
0.117047
0.138047
0.157454
0.174742
0.189617
0.201861
0.211483
0.218724
0.223942
0.227501
0.229699
0.231008
0.231795
0.0122351
0.0230812
0.0350044
0.0505582
0.0693708
0.0903879
0.112226
0.133617
0.153611
0.171556
0.187089
0.199955
0.210119
0.217792
0.223333
0.22711
0.22945
0.230849
0.0123016
0.0223394
0.0333785
0.0479738
0.065987
0.0865514
0.108321
0.129949
0.150365
0.168823
0.184881
0.198258
0.208882
0.21693
0.222741
0.226723
0.2292
0.0124792
0.021925
0.0323108
0.0461723
0.0635297
0.0836638
0.105295
0.127035
0.147728
0.166557
0.183011
0.196785
0.207774
0.216109
0.22217
0.226341
0.0127859
0.0218102
0.0317327
0.0450566
0.0618963
0.0816503
0.103104
0.124854
0.145695
0.164758
0.181481
0.195518
0.206757
0.215345
0.221624
0.0132339
0.021984
0.0316026
0.0445529
0.0610078
0.0804428
0.101697
0.123374
0.144247
0.163415
0.180262
0.194441
0.20586
0.214645
0.0138379
0.0224414
0.0318872
0.0446093
0.060801
0.0799785
0.101021
0.122556
0.143355
0.162497
0.179332
0.19356
0.205084
0.0146041
0.0231746
0.0325668
0.0451883
0.0612237
0.0801988
0.101021
0.122352
0.14299
0.161957
0.178681
0.19287
0.0155352
0.0241845
0.0336298
0.0462618
0.0622315
0.0810491
0.101642
0.122732
0.143069
0.161768
0.178287
0.0166413
0.0254764
0.0350713
0.04781
0.0637868
0.0824779
0.102846
0.123594
0.143549
0.161893
0.0179362
0.0270622
0.0368942
0.0498185
0.0658542
0.0844389
0.104548
0.124883
0.144379
0.0194413
0.0289606
0.0391049
0.052273
0.0683854
0.0869044
0.106686
0.126534
0.0211807
0.0311917
0.0417095
0.0551369
0.0714238
0.0898051
0.109182
0.0231868
0.0337795
0.0446856
0.0584974
0.0748907
0.0930589
0.0254991
0.0366999
0.0481293
0.0622807
0.078708
0.0281245
0.040051
0.0519977
0.0664236
0.0311826
0.0438316
0.0562472
0.0346821
0.0480179
0.0386194
)
;

boundaryField
{
    inlet
    {
        type            fixedValue;
        value           uniform 0.233;
    }
    outlet
    {
        type            zeroGradient;
    }
    splitter
    {
        type            zeroGradient;
    }
    fuel_inlet
    {
        type            fixedValue;
        value           uniform 0;
    }
    back
    {
        type            zeroGradient;
    }
    sides
    {
        type            zeroGradient;
    }
    frontAndBack
    {
        type            empty;
    }
    procBoundary1to0
    {
        type            processor;
        value           nonuniform List<scalar> 
53
(
0.233
0.233
0.233
0.233
0.233
0.233
0.233
0.233
0.233
0.233
0.233
0.233
0.233
0.233
0.233
0.233
0.233
0.233
0.233
0.233
0.233
0.233
0.233
0.233
0.233
0.233
0.233
0.233
0.233
0.233
0.233
0.233
0.233
0.233
0.233
0.233
0.233
0.233
0.233
0.233
0.233
0.233
0.233
0.233
0.233
0.233
0.233
0.233
0.233
0.233
0.233
0.233
0.233
)
;
    }
    procBoundary1to2
    {
        type            processor;
        value           nonuniform List<scalar> 
71
(
0.233
8.12103e-05
0.233
0.000263373
0.233
0.000491494
0.233
0.000745673
0.233
0.00101634
0.233
0.00130463
0.232999
0.00161063
0.232998
0.00193767
0.232996
0.00228392
0.232991
0.00263976
0.232983
0.00299991
0.23297
0.00335926
0.232943
0.00371471
0.23289
0.0040632
0.232785
0.00440124
0.2326
0.00472925
0.232271
0.00505736
0.231693
0.00549513
0.230687
0.00596449
0.22895
0.00648647
0.225968
0.00707388
0.221106
0.00774048
0.21401
0.00849405
0.204429
0.0093332
0.192358
0.0102644
0.178127
0.0112953
0.162292
0.0124405
0.145501
0.0137229
0.128482
0.0151704
0.111964
0.016819
0.0965773
0.0187015
0.0827866
0.0209204
0.07085
0.0235488
0.0608139
0.0266035
0.0525603
0.0300956
0.0429639
)
;
    }
}


// ************************************************************************* //
