/*--------------------------------*- C++ -*----------------------------------*\
  =========                 |
  \\      /  F ield         | OpenFOAM: The Open Source CFD Toolbox
   \\    /   O peration     | Website:  https://openfoam.org
    \\  /    A nd           | Version:  8
     \\/     M anipulation  |
\*---------------------------------------------------------------------------*/
FoamFile
{
    version     2.0;
    format      ascii;
    class       surfaceScalarField;
    location    "0.05";
    object      phi;
}
// * * * * * * * * * * * * * * * * * * * * * * * * * * * * * * * * * * * * * //

dimensions      [1 0 -1 0 0 0 0];

internalField   nonuniform List<scalar> 
7681
(
2.54492e-06
2.68544e-06
3.42249e-06
5.13451e-06
9.47098e-07
1.73993e-06
3.62551e-06
6.69255e-06
1.89404e-06
4.18937e-06
1.90847e-07
1.55061e-06
3.5688e-06
7.9686e-06
2.49322e-06
6.09543e-06
7.83332e-07
3.59863e-06
8.35514e-08
1.46853e-06
3.42508e-06
9.22832e-06
2.6961e-06
7.76809e-06
1.43906e-06
5.4417e-06
3.95455e-07
3.28841e-06
5.59037e-08
1.41405e-06
3.24225e-06
1.06043e-05
2.70003e-06
9.22712e-06
1.85205e-06
7.3574e-06
8.81224e-07
4.95785e-06
2.36464e-07
3.10947e-06
4.38762e-08
1.37155e-06
3.03656e-06
1.21751e-05
2.63731e-06
1.06701e-05
1.98583e-06
9.09595e-06
1.37356e-06
6.86725e-06
5.52338e-07
4.64382e-06
1.64096e-07
2.99082e-06
2.89391e-08
1.34396e-06
2.80995e-06
1.39629e-05
2.53917e-06
1.22769e-05
2.00373e-06
1.06552e-05
1.6353e-06
8.83673e-06
9.79088e-07
6.4426e-06
3.72022e-07
4.43768e-06
1.11109e-07
2.91018e-06
1.82288e-08
1.32705e-06
2.56351e-06
1.60076e-05
2.42126e-06
1.4085e-05
1.97968e-06
1.23044e-05
1.7022e-06
1.05912e-05
1.33179e-06
8.48643e-06
6.86733e-07
6.12992e-06
2.54902e-07
4.29561e-06
7.47755e-08
2.85513e-06
1.1611e-08
1.31673e-06
2.29964e-06
1.83548e-05
2.28986e-06
1.61437e-05
1.93527e-06
1.41333e-05
1.70643e-06
1.23034e-05
1.46956e-06
1.04562e-05
1.0399e-06
8.13557e-06
4.823e-07
5.90448e-06
1.76763e-07
4.19531e-06
5.04581e-08
2.81774e-06
5.67756e-09
1.31232e-06
2.02247e-06
2.10497e-05
2.14679e-06
1.85033e-05
1.87542e-06
1.62081e-05
1.68797e-06
1.41556e-05
1.49544e-06
1.22807e-05
1.24296e-06
1.02557e-05
7.83961e-07
7.83612e-06
3.42416e-07
5.74072e-06
1.23022e-07
4.12439e-06
3.03718e-08
2.79447e-06
3.22182e-10
1.31323e-06
1.73779e-06
2.41218e-05
1.99305e-06
2.12096e-05
1.80188e-06
1.8582e-05
1.65498e-06
1.62455e-05
1.4854e-06
1.41692e-05
1.2971e-06
1.22296e-05
1.02776e-06
1.00145e-05
5.81111e-07
7.59957e-06
2.43736e-07
5.62186e-06
8.00157e-08
4.07634e-06
1.28924e-08
2.78328e-06
-4.71384e-09
1.31914e-06
1.45157e-06
2.76422e-05
1.83058e-06
2.42914e-05
1.71486e-06
2.13026e-05
1.60903e-06
1.8633e-05
1.46077e-06
1.62742e-05
1.29655e-06
1.41732e-05
1.11549e-06
1.21447e-05
8.26549e-07
9.77144e-06
4.25176e-07
7.42021e-06
1.66594e-07
5.53707e-06
4.36721e-08
4.04712e-06
-2.93632e-09
2.78285e-06
-9.56807e-09
1.32986e-06
1.17223e-06
3.16812e-05
1.66245e-06
2.78186e-05
1.61463e-06
2.43985e-05
1.55004e-06
2.13673e-05
1.42554e-06
1.8673e-05
1.27625e-06
1.62985e-05
1.12465e-06
1.41673e-05
9.45817e-07
1.20282e-05
6.43659e-07
9.5553e-06
3.02228e-07
7.28659e-06
1.02663e-07
5.47983e-06
1.14e-08
4.0343e-06
-1.75816e-08
2.79217e-06
-1.41816e-08
1.34515e-06
9.5639e-07
2.99985e-05
1.49057e-06
3.18624e-05
1.50279e-06
2.79383e-05
1.47694e-06
2.44782e-05
1.37978e-06
2.14186e-05
1.24482e-06
1.87089e-05
1.10667e-06
1.63202e-05
9.65762e-07
1.41505e-05
7.83966e-07
1.18905e-05
4.8253e-07
9.37726e-06
2.01e-07
7.19021e-06
4.68804e-08
5.44605e-06
-1.7848e-08
4.03604e-06
-3.14901e-08
2.81074e-06
-1.91923e-08
1.3654e-06
7.8238e-07
2.99567e-05
1.34069e-06
3.01573e-05
1.38173e-06
3.19925e-05
1.38897e-06
2.80338e-05
1.32246e-06
2.45418e-05
1.20396e-06
2.14646e-05
1.07663e-06
1.87433e-05
9.49472e-07
1.63401e-05
8.15495e-07
1.4122e-05
6.26947e-07
1.17487e-05
3.41667e-07
9.23878e-06
1.1346e-07
7.12553e-06
-2.90646e-09
5.43275e-06
-4.52549e-08
4.05122e-06
-4.55997e-08
2.83835e-06
-2.4343e-08
1.39076e-06
6.44399e-07
2.99206e-05
1.20334e-06
3.01029e-05
1.27333e-06
3.02743e-05
1.28712e-06
3.2103e-05
1.25212e-06
2.81113e-05
1.15327e-06
2.45985e-05
1.0372e-06
2.1509e-05
9.1883e-07
1.87781e-05
8.0085e-07
1.63582e-05
6.68243e-07
1.40836e-05
4.753e-07
1.16175e-05
2.16809e-07
9.13755e-06
3.58859e-08
7.08858e-06
-4.89217e-08
5.43801e-06
-7.21374e-08
4.07911e-06
-5.95873e-08
2.87474e-06
-2.92043e-08
1.42092e-06
5.35544e-07
2.98923e-05
1.07764e-06
3.00552e-05
1.17112e-06
3.02137e-05
1.19389e-06
3.03757e-05
1.16787e-06
3.21956e-05
1.09154e-06
2.81799e-05
9.88515e-07
2.46529e-05
8.78277e-07
2.15543e-05
7.67734e-07
1.88151e-05
6.53877e-07
1.63759e-05
5.22135e-07
1.40396e-05
3.29805e-07
1.15069e-05
1.05162e-07
9.07033e-06
-3.48565e-08
7.07629e-06
-9.30706e-08
5.46047e-06
-9.82416e-08
4.11907e-06
-7.30932e-08
2.91973e-06
-3.40011e-08
1.45583e-06
4.4898e-07
2.98692e-05
9.63148e-07
3.00157e-05
1.0748e-06
3.01601e-05
1.10452e-06
3.03113e-05
1.0874e-06
3.0464e-05
1.01756e-06
3.22774e-05
9.29652e-07
2.82453e-05
8.2856e-07
2.4708e-05
7.23572e-07
2.1603e-05
6.17188e-07
1.88556e-05
5.06454e-07
1.63947e-05
3.7661e-07
1.39954e-05
1.91782e-07
1.14225e-05
3.71389e-09
9.03374e-06
-1.01608e-07
7.08655e-06
-1.35274e-07
5.49897e-06
-1.23418e-07
4.17064e-06
-8.62132e-08
2.97297e-06
-3.86465e-08
1.49532e-06
3.794e-07
2.98522e-05
8.59153e-07
2.99821e-05
9.84336e-07
3.01147e-05
1.01928e-06
3.02536e-05
1.00809e-06
3.03984e-05
9.4595e-07
3.05431e-05
8.5949e-07
3.23551e-05
7.69099e-07
2.8311e-05
6.70006e-07
2.47668e-05
5.67984e-07
2.16566e-05
4.64872e-07
1.89008e-05
3.58142e-07
1.64163e-05
2.31896e-07
1.39579e-05
6.12935e-08
1.13672e-05
-9.11323e-08
9.02519e-06
-1.64578e-07
7.1175e-06
-1.7557e-07
5.55253e-06
-1.47568e-07
4.23317e-06
-9.86698e-08
3.03397e-06
-4.29918e-08
1.53911e-06
3.22918e-07
2.98391e-05
7.64388e-07
2.99559e-05
9.00126e-07
3.00749e-05
9.38464e-07
3.02037e-05
9.31038e-07
3.03385e-05
8.74668e-07
3.04772e-05
7.91863e-07
3.06179e-05
6.98972e-07
3.24324e-05
6.06884e-07
2.83801e-05
5.08733e-07
2.4831e-05
4.09233e-07
2.17164e-05
3.10198e-07
1.89523e-05
2.08543e-07
1.64425e-05
8.86099e-08
1.39331e-05
-6.27053e-08
1.13409e-05
-1.79832e-07
9.04229e-06
-2.24058e-07
7.16757e-06
-2.13788e-07
5.62008e-06
-1.70372e-07
4.30599e-06
-1.1031e-07
3.10221e-06
-4.70295e-08
1.58689e-06
2.80356e-07
2.72421e-05
6.78382e-07
2.9934e-05
8.22491e-07
3.00421e-05
8.62325e-07
3.01592e-05
8.56999e-07
3.02856e-05
8.04986e-07
3.04156e-05
7.24624e-07
3.05516e-05
6.31949e-07
3.06917e-05
5.33587e-07
3.25125e-05
4.39714e-07
2.84549e-05
3.42665e-07
2.49024e-05
2.46575e-07
2.1784e-05
1.52802e-07
1.90114e-05
5.77331e-08
1.64762e-05
-5.23748e-08
1.39251e-05
-1.79885e-07
1.1343e-05
-2.63119e-07
9.08312e-06
-2.80065e-07
7.23536e-06
-2.49773e-07
5.70076e-06
-1.91687e-07
4.38842e-06
-1.21062e-07
3.17711e-06
-5.07513e-08
1.63834e-06
2.47886e-07
2.44808e-05
6.07737e-07
2.73209e-05
7.50841e-07
3.00142e-05
7.90917e-07
3.01217e-05
7.8651e-07
3.02375e-05
7.37783e-07
3.03603e-05
6.59009e-07
3.04884e-05
5.65673e-07
3.06246e-05
4.64402e-07
3.07674e-05
3.60653e-07
3.25982e-05
2.658e-07
2.85372e-05
1.70979e-07
2.49826e-05
7.96898e-08
2.1861e-05
-7.34332e-09
1.90797e-05
-9.32816e-08
1.65199e-05
-1.89561e-07
1.39371e-05
-2.90306e-07
1.13722e-05
-3.41097e-07
9.14585e-06
-3.32535e-07
7.31957e-06
-2.8336e-07
5.79364e-06
-2.11264e-07
4.47962e-06
-1.3081e-07
3.25798e-06
-5.40559e-08
1.69305e-06
2.22449e-07
2.2001e-05
5.50387e-07
2.45455e-05
6.8928e-07
2.73903e-05
7.23945e-07
3.00894e-05
7.19855e-07
3.01962e-05
6.73642e-07
3.03092e-05
5.95936e-07
3.04305e-05
5.01321e-07
3.05595e-05
3.96645e-07
3.06989e-05
2.86976e-07
3.08473e-05
1.78695e-07
3.26916e-05
8.43336e-08
2.86291e-05
-6.59552e-09
2.50733e-05
-9.13083e-08
2.19486e-05
-1.69111e-07
1.91586e-05
-2.43016e-07
1.65759e-05
-3.21822e-07
1.39708e-05
-3.93687e-07
1.14267e-05
-4.13777e-07
9.22872e-06
-3.81238e-07
7.41882e-06
-3.14052e-07
5.89757e-06
-2.2888e-07
4.57863e-06
-1.3936e-07
3.34405e-06
-5.68475e-08
1.75051e-06
2.02086e-07
1.97732e-05
5.0337e-07
2.20546e-05
6.36792e-07
2.4605e-05
6.66301e-07
2.74554e-05
6.57053e-07
3.016e-05
6.12898e-07
3.02644e-05
5.36021e-07
3.03762e-05
4.3985e-07
3.04988e-05
3.31425e-07
3.06313e-05
2.1562e-07
3.07765e-05
9.84338e-08
3.09336e-05
-1.30078e-08
3.2795e-05
-1.04919e-07
2.87325e-05
-1.89784e-07
2.5176e-05
-2.65371e-07
2.20484e-05
-3.31242e-07
1.92498e-05
-3.89973e-07
1.66466e-05
-4.47948e-07
1.40272e-05
-4.89896e-07
1.15046e-05
-4.80787e-07
9.32982e-06
-4.25624e-07
7.53169e-06
-3.41564e-07
6.01133e-06
-2.44277e-07
4.68443e-06
-1.46566e-07
3.43448e-06
-5.91072e-08
1.81018e-06
1.85494e-07
1.77712e-05
4.64459e-07
1.98181e-05
5.91916e-07
2.21058e-05
6.1713e-07
2.4661e-05
6.03061e-07
2.75166e-05
5.55689e-07
3.02247e-05
4.79625e-07
3.03279e-05
3.81943e-07
3.04409e-05
2.69703e-07
3.0567e-05
1.47651e-07
3.07055e-05
2.15062e-08
3.08594e-05
-1.01922e-07
3.10282e-05
-2.14675e-07
3.29106e-05
-3.015e-07
2.88491e-05
-3.77537e-07
2.52922e-05
-4.41048e-07
2.21616e-05
-4.91774e-07
1.93544e-05
-5.32604e-07
1.67336e-05
-5.66837e-07
1.41062e-05
-5.78546e-07
1.16041e-05
-5.41685e-07
9.44736e-06
-4.65334e-07
7.6567e-06
-3.65581e-07
6.13366e-06
-2.57262e-07
4.79595e-06
-1.52375e-07
3.52841e-06
-6.08236e-08
1.87154e-06
1.71776e-07
1.59725e-05
4.31991e-07
1.7809e-05
5.53411e-07
1.98623e-05
5.74948e-07
2.2154e-05
5.57173e-07
2.47133e-05
5.06524e-07
2.75725e-05
4.26932e-07
3.02845e-05
3.28038e-07
3.03886e-05
2.1222e-07
3.05049e-05
8.40378e-08
3.06369e-05
-5.10288e-08
3.0784e-05
-1.86376e-07
3.09496e-05
-3.142e-07
3.11333e-05
-4.25645e-07
3.30403e-05
-5.04328e-07
2.89806e-05
-5.68226e-07
2.54233e-05
-6.16191e-07
2.22893e-05
-6.48919e-07
1.94735e-05
-6.68769e-07
1.68379e-05
-6.77429e-07
1.42071e-05
-6.59012e-07
1.17231e-05
-5.96209e-07
9.57965e-06
-4.99967e-07
7.79226e-06
-3.8585e-07
6.2632e-06
-2.67739e-07
4.9121e-06
-1.56755e-07
3.62497e-06
-6.19966e-08
1.93403e-06
1.60303e-07
1.43559e-05
4.04707e-07
1.60046e-05
5.20234e-07
1.78473e-05
5.38585e-07
1.99041e-05
5.17967e-07
2.2199e-05
4.64801e-07
2.47611e-05
3.82072e-07
2.76239e-05
2.78387e-07
3.0341e-05
1.59486e-07
3.04479e-05
2.55733e-08
3.05696e-05
-1.18165e-07
3.071e-05
-2.65265e-07
3.08686e-05
-4.08082e-07
3.1049e-05
-5.37707e-07
3.12506e-05
-6.44829e-07
3.31862e-05
-7.11637e-07
2.91285e-05
-7.59545e-07
2.55704e-05
-7.8872e-07
2.24323e-05
-8.00303e-07
1.96077e-05
-7.96709e-07
1.69594e-05
-7.78438e-07
1.43284e-05
-7.30898e-07
1.18594e-05
-6.43795e-07
9.72482e-06
-5.29235e-07
7.93675e-06
-4.02269e-07
6.39864e-06
-2.75667e-07
5.03174e-06
-1.59707e-07
3.72326e-06
-6.26201e-08
1.99711e-06
1.50615e-07
1.29039e-05
3.81617e-07
1.43833e-05
4.91512e-07
1.60379e-05
5.071e-07
1.78837e-05
4.84299e-07
1.99429e-05
4.29246e-07
2.22401e-05
3.44394e-07
2.48047e-05
2.36862e-07
2.76717e-05
1.1182e-07
3.03952e-05
-2.7167e-08
3.05069e-05
-1.79046e-07
3.06365e-05
-3.37543e-07
3.0788e-05
-4.95138e-07
3.09612e-05
-6.42911e-07
3.11595e-05
-7.71314e-07
3.13822e-05
-8.70341e-07
3.335e-05
-9.20948e-07
2.92942e-05
-9.49143e-07
2.57344e-05
-9.56081e-07
2.25911e-05
-9.43755e-07
1.97572e-05
-9.14765e-07
1.70978e-05
-8.69023e-07
1.44683e-05
-7.93703e-07
1.20108e-05
-6.84059e-07
9.88091e-06
-5.53051e-07
8.08859e-06
-4.1479e-07
6.53861e-06
-2.81067e-07
5.15378e-06
-1.61261e-07
3.82245e-06
-6.27078e-08
2.06025e-06
1.42368e-07
1.15976e-05
3.6194e-07
1.29274e-05
4.66516e-07
1.44124e-05
4.79722e-07
1.60697e-05
4.55245e-07
1.79174e-05
3.98817e-07
1.99783e-05
3.1264e-07
2.22771e-05
2.02663e-07
2.48444e-05
7.28683e-08
2.77166e-05
-7.37975e-08
3.04481e-05
-2.33014e-07
3.05669e-05
-4.0228e-07
3.0707e-05
-5.74236e-07
3.08727e-05
-7.39966e-07
3.10636e-05
-8.89732e-07
3.12831e-05
-1.01306e-06
3.15298e-05
-1.09951e-06
3.35335e-05
-1.12965e-06
2.94788e-05
-1.13424e-06
2.59161e-05
-1.11581e-06
2.2766e-05
-1.07723e-06
1.99221e-05
-1.02169e-06
1.72525e-05
-9.48467e-07
1.46248e-05
-8.4711e-07
1.21753e-05
-7.16957e-07
1.0046e-05
-5.71369e-07
8.24616e-06
-4.23458e-07
6.68181e-06
-2.84017e-07
5.27718e-06
-1.61492e-07
3.92175e-06
-6.23037e-08
2.12296e-06
1.353e-07
1.04237e-05
3.45067e-07
1.16179e-05
4.44659e-07
1.2953e-05
4.55845e-07
1.44402e-05
4.30063e-07
1.60991e-05
3.72671e-07
1.7948e-05
2.85779e-07
2.00099e-05
1.74433e-07
2.23103e-05
4.16304e-08
2.4881e-05
-1.10846e-07
2.77593e-05
-2.79605e-07
3.05007e-05
-4.5873e-07
3.06291e-05
-6.44353e-07
3.07827e-05
-8.27615e-07
3.09656e-05
-9.98646e-07
3.11776e-05
-1.14653e-06
3.14214e-05
-1.26012e-06
3.16951e-05
-1.32951e-06
3.37381e-05
-1.33473e-06
2.96833e-05
-1.31211e-06
2.61157e-05
-1.26551e-06
2.29571e-05
-1.1991e-06
2.01019e-05
-1.11635e-06
1.74224e-05
-1.01633e-06
1.47957e-05
-8.90951e-07
1.23507e-05
-7.42472e-07
1.02183e-05
-5.84267e-07
8.4079e-06
-4.28415e-07
6.82696e-06
-2.84644e-07
5.40094e-06
-1.60436e-07
4.02036e-06
-7.59833e-08
2.1994e-06
1.29206e-07
9.36967e-06
3.30512e-07
1.04414e-05
4.25477e-07
1.16405e-05
4.34973e-07
1.29774e-05
4.08158e-07
1.44659e-05
3.50122e-07
1.61256e-05
2.62974e-07
1.7975e-05
1.51065e-07
2.00378e-05
1.65986e-08
2.23402e-05
-1.39563e-07
2.49149e-05
-3.15454e-07
2.78007e-05
-5.06337e-07
3.0554e-05
-7.04633e-07
3.06949e-05
-9.04712e-07
3.08651e-05
-1.09666e-06
3.10687e-05
-1.26916e-06
3.13051e-05
-1.41042e-06
3.15764e-05
-1.50957e-06
3.18797e-05
-1.55709e-06
3.39651e-05
-1.53318e-06
2.99081e-05
-1.48001e-06
2.63334e-05
-1.40324e-06
2.31639e-05
-1.30789e-06
2.02956e-05
-1.1979e-06
1.76058e-05
-1.07242e-06
1.49787e-05
-9.2522e-07
1.25348e-05
-7.60745e-07
1.03958e-05
-5.91966e-07
8.57234e-06
-4.29846e-07
6.97288e-06
-2.83048e-07
5.52412e-06
-1.95487e-07
4.14041e-06
-7.39356e-08
2.27376e-06
1.23925e-07
8.4221e-06
3.17888e-07
9.3851e-06
4.08591e-07
1.04613e-05
4.16686e-07
1.16619e-05
3.89041e-07
1.29999e-05
3.30609e-07
1.4489e-05
2.43544e-07
1.61489e-05
1.31659e-07
1.79985e-05
-3.4579e-09
2.00622e-05
-1.61658e-07
2.23669e-05
-3.42111e-07
2.49465e-05
-5.41756e-07
2.78413e-05
-7.54404e-07
3.06093e-05
-9.70272e-07
3.07658e-05
-1.18245e-06
3.0956e-05
-1.37938e-06
3.11839e-05
-1.54862e-06
3.1448e-05
-1.67839e-06
3.17498e-05
-1.75792e-06
3.20849e-05
-1.77893e-06
3.42152e-05
-1.72189e-06
3.01537e-05
-1.63565e-06
2.65688e-05
-1.52716e-06
2.33857e-05
-1.40249e-06
2.05023e-05
-1.26596e-06
1.78011e-05
-1.11675e-06
1.51717e-05
-9.50161e-07
1.27254e-05
-7.72088e-07
1.0577e-05
-5.9473e-07
8.73806e-06
-4.27972e-07
7.11847e-06
-3.45089e-07
5.67438e-06
-1.90008e-07
4.25699e-06
-7.10808e-08
2.34523e-06
1.19328e-07
7.56926e-06
3.0689e-07
8.43562e-06
3.93691e-07
9.4027e-06
4.00626e-07
1.04802e-05
3.72314e-07
1.16817e-05
3.13669e-07
1.30201e-05
2.26928e-07
1.45091e-05
1.15489e-07
1.61687e-05
-1.95328e-08
1.80185e-05
-1.78525e-07
2.00832e-05
-3.61539e-07
2.23908e-05
-5.66872e-07
2.49763e-05
-7.90256e-07
2.78823e-05
-1.02349e-06
3.06679e-05
-1.2549e-06
3.08433e-05
-1.4757e-06
3.10572e-05
-1.67294e-06
3.13129e-05
-1.83397e-06
3.16081e-05
-1.94677e-06
3.19429e-05
-2.00161e-06
3.23117e-05
-1.99152e-06
3.4489e-05
-1.89819e-06
3.04197e-05
-1.77682e-06
2.68214e-05
-1.63587e-06
2.36215e-05
-1.48225e-06
2.07207e-05
-1.32041e-06
1.80065e-05
-1.14956e-06
1.53726e-05
-9.66204e-07
1.29207e-05
-7.76867e-07
1.07601e-05
-5.92929e-07
8.90381e-06
-5.22356e-07
7.29651e-06
-3.35518e-07
5.82049e-06
-1.82812e-07
4.36919e-06
-6.7696e-08
2.41328e-06
6.80408e-06
1.15315e-07
2.97271e-07
7.58114e-06
3.80517e-07
8.45122e-06
3.86491e-07
9.41941e-06
3.5764e-07
1.04976e-05
2.98919e-07
1.16994e-05
2.12668e-07
1.30374e-05
1.01968e-07
1.45259e-05
-3.24243e-08
1.61851e-05
-1.91286e-07
1.8035e-05
-3.75341e-07
2.0101e-05
-5.83959e-07
2.24121e-05
-8.14445e-07
2.50051e-05
-1.06078e-06
2.79244e-05
-1.31302e-06
3.07311e-05
-1.55678e-06
3.09293e-05
-1.7817e-06
3.11707e-05
-1.97431e-06
3.14578e-05
-2.12143e-06
3.17871e-05
-2.2118e-06
3.21573e-05
-2.23677e-06
3.25609e-05
-2.1918e-06
3.47867e-05
-2.05947e-06
3.07057e-05
-1.90181e-06
2.70901e-05
-1.72847e-06
2.38701e-05
-1.54682e-06
2.0949e-05
-1.36141e-06
1.822e-05
-1.17137e-06
1.55791e-05
-9.73832e-07
1.31188e-05
-7.75609e-07
1.09437e-05
-7.24639e-07
9.10701e-06
-5.08345e-07
7.47006e-06
-3.23185e-07
5.96142e-06
-1.74349e-07
4.47627e-06
-6.40215e-08
2.47763e-06
6.81457e-06
2.88811e-07
1.08778e-05
1.08352e-07
3.68855e-07
7.59499e-06
3.74026e-07
8.46601e-06
3.44737e-07
9.43478e-06
2.86041e-07
1.05131e-05
2.00388e-07
1.17144e-05
9.06193e-08
1.30517e-05
-4.27715e-08
1.45394e-05
-2.00838e-07
1.6198e-05
-3.84805e-07
1.8048e-05
-5.9487e-07
2.01157e-05
-8.29601e-07
2.24313e-05
-1.08478e-06
2.50334e-05
-1.35291e-06
2.7969e-05
-1.62144e-06
3.08007e-05
-1.87331e-06
3.10256e-05
-2.09748e-06
3.12984e-05
-2.27966e-06
3.16204e-05
-2.40708e-06
3.19866e-05
-2.46932e-06
3.23938e-05
-2.46002e-06
3.2833e-05
-2.3767e-06
3.51077e-05
-2.20362e-06
3.10108e-05
-2.00937e-06
2.73737e-05
-1.80436e-06
2.41298e-05
-1.59626e-06
2.11857e-05
-1.3895e-06
1.84397e-05
-1.18278e-06
1.57893e-05
-9.73739e-07
1.3318e-05
-9.49241e-07
1.11694e-05
-7.06032e-07
9.30555e-06
-4.90322e-07
7.63786e-06
-3.08713e-07
6.0963e-06
-1.65097e-07
4.57774e-06
-6.0197e-08
2.53813e-06
6.82686e-06
3.58531e-07
1.08963e-05
2.7356e-07
1.11669e-05
1.01574e-07
3.6301e-07
7.60809e-06
3.33366e-07
8.47959e-06
2.74764e-07
9.4484e-06
1.89778e-07
1.05262e-05
8.10586e-08
1.17266e-05
-5.10853e-08
1.30629e-05
-2.07892e-07
1.45494e-05
-3.90953e-07
1.62074e-05
-6.01092e-07
1.80577e-05
-8.3787e-07
2.01277e-05
-1.09853e-06
2.2449e-05
-1.37764e-06
2.50624e-05
-1.66532e-06
2.80173e-05
-1.94636e-06
3.08785e-05
-2.20164e-06
3.11343e-05
-2.41926e-06
3.14423e-05
-2.58498e-06
3.18024e-05
-2.68653e-06
3.22078e-05
-2.71562e-06
3.26533e-05
-2.66786e-06
3.31278e-05
-2.54367e-06
3.54515e-05
-2.32904e-06
3.13335e-05
-2.09864e-06
2.76706e-05
-1.86342e-06
2.43991e-05
-1.63103e-06
2.1429e-05
-1.4053e-06
1.86637e-05
-1.18464e-06
1.60015e-05
-1.19354e-06
1.35636e-05
-9.26059e-07
1.13904e-05
-6.81923e-07
9.49793e-06
-4.69137e-07
7.79889e-06
-2.92822e-07
6.22449e-06
-1.55411e-07
4.67332e-06
-5.63071e-08
2.59472e-06
6.83849e-06
3.53254e-07
1.09174e-05
3.40634e-07
1.11853e-05
2.58453e-07
1.14638e-05
9.49797e-08
3.23326e-07
7.62012e-06
2.64865e-07
8.4916e-06
1.80579e-07
9.45985e-06
7.29737e-08
1.05367e-05
-5.77728e-08
1.17359e-05
-2.13014e-07
1.30707e-05
-3.94594e-07
1.4556e-05
-6.03807e-07
1.62132e-05
-8.40975e-07
1.80641e-05
-1.10451e-06
2.01372e-05
-1.39068e-06
2.24658e-05
-1.69189e-06
2.5093e-05
-1.99581e-06
2.80711e-05
-2.28511e-06
3.09665e-05
-2.53809e-06
3.12575e-05
-2.74299e-06
3.16045e-05
-2.88569e-06
3.20056e-05
-2.9558e-06
3.24518e-05
-2.94683e-06
3.29359e-05
-2.85732e-06
3.3445e-05
-2.69068e-06
3.58167e-05
-2.43452e-06
3.16723e-05
-2.16926e-06
2.79788e-05
-1.90598e-06
2.46761e-05
-1.65171e-06
2.16771e-05
-1.40975e-06
1.88902e-05
-1.45445e-06
1.62638e-05
-1.16607e-06
1.38048e-05
-8.95609e-07
1.1605e-05
-6.53453e-07
9.68298e-06
-4.45768e-07
7.95241e-06
-2.76107e-07
6.34563e-06
-1.45538e-07
4.76288e-06
-5.24273e-08
2.6474e-06
6.84916e-06
3.14442e-07
1.0937e-05
3.36616e-07
1.12063e-05
3.22878e-07
1.14821e-05
2.43525e-07
1.17677e-05
8.85704e-08
2.56156e-07
7.63072e-06
1.72579e-07
8.50162e-06
6.61101e-08
9.46885e-06
-6.3159e-08
1.05444e-05
-2.16645e-07
1.17419e-05
-3.96361e-07
1.30751e-05
-6.03943e-07
1.45589e-05
-8.40283e-07
1.62154e-05
-1.10471e-06
1.80674e-05
-1.39487e-06
2.01448e-05
-1.70509e-06
2.24827e-05
-2.02554e-06
2.51266e-05
-2.34196e-06
2.81321e-05
-2.63418e-06
3.10669e-05
-2.87869e-06
3.13974e-05
-3.06402e-06
3.17868e-05
-3.17762e-06
3.22313e-05
-3.21068e-06
3.27193e-05
-3.15958e-06
3.32417e-05
-3.02596e-06
3.37836e-05
-2.81608e-06
3.62016e-05
-2.51941e-06
3.20253e-05
-2.22142e-06
2.82966e-05
-1.93259e-06
2.49589e-05
-1.65928e-06
2.19283e-05
-1.7337e-06
1.91711e-05
-1.42338e-06
1.65225e-05
-1.1293e-06
1.40395e-05
-8.59405e-07
1.18118e-05
-6.21887e-07
9.85978e-06
-4.21074e-07
8.0979e-06
-2.59015e-07
6.45951e-06
-1.35685e-07
4.84645e-06
-4.86226e-08
2.69626e-06
6.85855e-06
2.48478e-07
1.09543e-05
3.00023e-07
1.1226e-05
3.19978e-07
1.1503e-05
3.05202e-07
1.17859e-05
2.28765e-07
1.20802e-05
8.23433e-08
1.65603e-07
7.63951e-06
6.0262e-08
8.50939e-06
-6.75039e-08
9.47525e-06
-2.19135e-07
1.0549e-05
-3.9675e-07
1.17447e-05
-6.0222e-07
1.30758e-05
-8.36865e-07
1.45581e-05
-1.10072e-06
1.62143e-05
-1.39251e-06
1.80681e-05
-1.70816e-06
2.01511e-05
-2.03998e-06
2.25006e-05
-2.37643e-06
2.51648e-05
-2.70044e-06
2.82024e-05
-2.98971e-06
3.11821e-05
-3.21873e-06
3.15561e-05
-3.37801e-06
3.19911e-05
-3.45624e-06
3.24805e-05
-3.44738e-06
3.30106e-05
-3.35097e-06
3.35701e-05
-3.17169e-06
3.41424e-05
-2.91886e-06
3.66043e-05
-2.58367e-06
3.23902e-05
-2.25552e-06
2.86218e-05
-1.94413e-06
2.52457e-05
-2.04386e-06
2.22403e-05
-1.69984e-06
1.94491e-05
-1.38068e-06
1.67751e-05
-1.08518e-06
1.42663e-05
-8.19046e-07
1.20098e-05
-5.88385e-07
1.00277e-05
-3.95733e-07
8.2351e-06
-2.41916e-07
6.56611e-06
-1.26015e-07
4.92413e-06
-4.49449e-08
2.74142e-06
6.86628e-06
1.59502e-07
1.09682e-05
2.37218e-07
1.12433e-05
2.85569e-07
1.15228e-05
3.03369e-07
1.18068e-05
2.87655e-07
1.20983e-05
2.14194e-07
1.24006e-05
7.62879e-08
5.52615e-08
7.64624e-06
-7.10139e-08
8.51475e-06
-2.20757e-07
9.47884e-06
-3.96141e-07
1.05505e-05
-5.992e-07
1.17439e-05
-8.31552e-07
1.30729e-05
-1.09376e-06
1.45537e-05
-1.38543e-06
1.621e-05
-1.70375e-06
1.80667e-05
-2.04281e-06
2.01571e-05
-2.39344e-06
2.2521e-05
-2.74144e-06
2.52094e-05
-3.06761e-06
2.82841e-05
-3.34709e-06
3.13145e-05
-3.55384e-06
3.17358e-05
-3.6802e-06
3.22187e-05
-3.71744e-06
3.27541e-05
-3.66262e-06
3.33257e-05
-3.5185e-06
3.39201e-05
-3.29311e-06
3.45198e-05
-2.99867e-06
3.70224e-05
-2.62752e-06
3.27648e-05
-2.2724e-06
2.89522e-05
-2.39879e-06
2.56028e-05
-2.00773e-06
2.255e-05
-1.65172e-06
1.97216e-05
-1.32879e-06
1.70199e-05
-1.03569e-06
1.44839e-05
-7.76026e-07
1.21982e-05
-5.53883e-07
1.01865e-05
-3.70297e-07
8.36394e-06
-2.25091e-07
6.66553e-06
-1.16655e-07
4.9961e-06
-4.1434e-08
2.78306e-06
6.87212e-06
5.09699e-08
1.0978e-05
1.5233e-07
1.12574e-05
2.25992e-07
1.15402e-05
2.71146e-07
1.18266e-05
2.86782e-07
1.21192e-05
2.70229e-07
1.24185e-05
1.99823e-07
1.27303e-05
7.04166e-08
-7.38537e-08
7.65074e-06
-2.21724e-07
8.51748e-06
-3.94831e-07
9.47942e-06
-5.95309e-07
1.05487e-05
-8.24983e-07
1.17395e-05
-1.08482e-06
1.30663e-05
-1.37507e-06
1.45458e-05
-1.69395e-06
1.62028e-05
-2.03704e-06
1.80637e-05
-2.39714e-06
2.01638e-05
-2.76261e-06
2.25454e-05
-3.11717e-06
2.52624e-05
-3.43899e-06
2.83797e-05
-3.70195e-06
3.14665e-05
-3.87907e-06
3.19384e-05
-3.96617e-06
3.2471e-05
-3.95752e-06
3.30524e-05
-3.85345e-06
3.36638e-05
-3.66034e-06
3.42904e-05
-3.38955e-06
3.49136e-05
-3.05547e-06
3.74533e-05
-2.65168e-06
3.31465e-05
-2.8089e-06
2.93648e-05
-2.36089e-06
2.5958e-05
-1.95452e-06
2.28545e-05
-1.59236e-06
1.99865e-05
-1.27009e-06
1.72554e-05
-9.82662e-07
1.46914e-05
-7.31572e-07
1.23766e-05
-5.19151e-07
1.03358e-05
-3.452e-07
8.48446e-06
-2.08769e-07
6.75796e-06
-1.07706e-07
5.06262e-06
-3.81095e-08
2.82135e-06
6.87592e-06
-7.61558e-08
1.09828e-05
4.86584e-08
1.12671e-05
1.45224e-07
1.15543e-05
2.14755e-07
1.18441e-05
2.56708e-07
1.2139e-05
2.70226e-07
1.24393e-05
2.52936e-07
1.27482e-05
1.85626e-07
1.30686e-05
6.47098e-08
-2.22201e-07
7.65281e-06
-3.93044e-07
8.51739e-06
-5.90872e-07
9.47679e-06
-8.17646e-07
1.05433e-05
-1.07461e-06
1.17313e-05
-1.36254e-06
1.3056e-05
-1.68043e-06
1.45347e-05
-2.02506e-06
1.61934e-05
-2.39092e-06
1.80602e-05
-2.76853e-06
2.01726e-05
-3.1443e-06
2.25756e-05
-3.49933e-06
2.5326e-05
-3.81031e-06
2.84915e-05
-4.0493e-06
3.16404e-05
-4.18981e-06
3.21655e-05
-4.23191e-06
3.27488e-05
-4.17313e-06
3.33753e-05
-4.01764e-06
3.40242e-05
-3.77549e-06
3.46793e-05
-3.46069e-06
3.53216e-05
-3.08979e-06
3.78942e-05
-3.2843e-06
3.36248e-05
-2.77007e-06
2.97763e-05
-2.30276e-06
2.63081e-05
-1.88776e-06
2.31514e-05
-1.52457e-06
2.02423e-05
-1.20682e-06
1.74806e-05
-9.27644e-07
1.48883e-05
-6.86697e-07
1.25448e-05
-4.84794e-07
1.04759e-05
-3.20788e-07
8.59687e-06
-1.93123e-07
6.84368e-06
-9.92182e-08
5.12395e-06
-3.49887e-08
2.85651e-06
6.87746e-06
-2.22318e-07
1.09818e-05
-7.28215e-08
1.12718e-05
4.64953e-08
1.1564e-05
1.38207e-07
1.18581e-05
2.03585e-07
1.21565e-05
2.42289e-07
1.24592e-05
2.53695e-07
1.27689e-05
2.3577e-07
1.30864e-05
1.71633e-07
1.34148e-05
5.9164e-08
-3.90953e-07
7.65224e-06
-5.86135e-07
8.51428e-06
-8.09905e-07
9.47079e-06
-1.06371e-06
1.05342e-05
-1.34869e-06
1.17195e-05
-1.66447e-06
1.30421e-05
-2.00878e-06
1.45207e-05
-2.37749e-06
1.61824e-05
-2.763e-06
1.80573e-05
-3.15404e-06
2.01851e-05
-3.53446e-06
2.26137e-05
-3.88381e-06
2.54027e-05
-4.17659e-06
2.86222e-05
-4.38434e-06
3.18385e-05
-4.48171e-06
3.24187e-05
-4.47363e-06
3.30525e-05
-4.36159e-06
3.37223e-05
-4.15377e-06
3.44055e-05
-3.86332e-06
3.50847e-05
-3.50685e-06
3.57413e-05
-3.83585e-06
3.84491e-05
-3.24601e-06
3.41034e-05
-2.70726e-06
3.0183e-05
-2.22832e-06
2.66505e-05
-1.81068e-06
2.3439e-05
-1.45096e-06
2.04876e-05
-1.14085e-06
1.76947e-05
-8.71924e-07
1.50743e-05
-6.42199e-07
1.27028e-05
-4.51293e-07
1.06069e-05
-2.97331e-07
8.70144e-06
-1.78248e-07
6.92298e-06
-9.12365e-08
5.18041e-06
-3.20791e-08
2.88875e-06
6.87657e-06
-3.88686e-07
1.09743e-05
-2.12465e-07
1.12707e-05
-6.92522e-08
1.15686e-05
4.44728e-08
1.18679e-05
1.31239e-07
1.21706e-05
1.92419e-07
1.24768e-05
2.2788e-07
1.27887e-05
2.37244e-07
1.3107e-05
2.18775e-07
1.34324e-05
1.57834e-07
1.37718e-05
5.37813e-08
-5.8128e-07
7.64885e-06
-8.0203e-07
8.50798e-06
-1.05252e-06
9.46128e-06
-1.33416e-06
1.05215e-05
-1.64706e-06
1.1704e-05
-1.98969e-06
1.30251e-05
-2.35905e-06
1.45045e-05
-2.74909e-06
1.61708e-05
-3.1506e-06
1.80563e-05
-3.54987e-06
2.02032e-05
-3.92919e-06
2.26619e-05
-4.26572e-06
2.54949e-05
-4.533e-06
2.87741e-05
-4.70252e-06
3.20627e-05
-4.75064e-06
3.2699e-05
-4.68822e-06
3.33822e-05
-4.52106e-06
3.40926e-05
-4.26082e-06
3.48058e-05
-3.92382e-06
3.55044e-05
-4.36403e-06
3.62726e-05
-3.80091e-06
3.90071e-05
-3.17924e-06
3.4578e-05
-2.62484e-06
3.05816e-05
-2.14128e-06
2.69827e-05
-1.72629e-06
2.37157e-05
-1.37378e-06
2.07216e-05
-1.07378e-06
1.78975e-05
-8.16516e-07
1.52493e-05
-5.9871e-07
1.28507e-05
-4.19029e-07
1.0729e-05
-2.74977e-07
8.7985e-06
-1.64227e-07
6.99622e-06
-8.37813e-08
5.2323e-06
-2.93786e-08
2.91827e-06
6.87304e-06
-5.76437e-07
1.09591e-05
-3.71293e-07
1.12628e-05
-2.02273e-07
1.15673e-05
-6.54615e-08
1.18724e-05
4.25858e-08
1.21804e-05
1.24337e-07
1.24909e-05
1.81286e-07
1.28064e-05
2.13478e-07
1.31269e-05
2.20815e-07
1.3453e-05
2.01934e-07
1.37894e-05
1.44224e-07
1.41375e-05
4.85512e-08
-7.94222e-07
7.64245e-06
-1.04135e-06
8.49832e-06
-1.31945e-06
9.44817e-06
-1.62895e-06
1.05051e-05
-1.96893e-06
1.16851e-05
-2.3373e-06
1.30053e-05
-2.72929e-06
1.44868e-05
-3.13741e-06
1.61599e-05
-3.55014e-06
1.8059e-05
-3.95232e-06
2.02289e-05
-4.32373e-06
2.27227e-05
-4.64026e-06
2.56051e-05
-4.87484e-06
2.89496e-05
-4.99939e-06
3.23147e-05
-4.99306e-06
3.30069e-05
-4.87342e-06
3.37376e-05
-4.65008e-06
3.44846e-05
-4.33845e-06
3.52231e-05
-4.89562e-06
3.60391e-05
-4.33567e-06
3.68104e-05
-3.73216e-06
3.95629e-05
-3.08888e-06
3.50444e-05
-2.527e-06
3.09693e-05
-2.04509e-06
2.73031e-05
-1.63723e-06
2.39804e-05
-1.29496e-06
2.09438e-05
-1.00687e-06
1.80887e-05
-7.6223e-07
1.54135e-05
-5.56736e-07
1.2989e-05
-3.88212e-07
1.08427e-05
-2.53856e-07
8.88843e-06
-1.51101e-07
7.06378e-06
-7.6849e-08
5.27995e-06
-2.68836e-08
2.94529e-06
6.8667e-06
-7.86618e-07
1.09351e-05
-5.50408e-07
1.12471e-05
-3.53404e-07
1.15591e-05
-1.91708e-07
1.18709e-05
-6.1436e-08
1.21848e-05
4.08168e-08
1.25007e-05
1.17488e-07
1.28206e-05
1.70164e-07
1.31446e-05
1.99086e-07
1.34729e-05
2.04456e-07
1.38098e-05
1.85268e-07
1.4155e-05
1.3081e-07
1.43069e-05
4.35383e-08
-1.03043e-06
7.63288e-06
-1.30488e-06
8.4852e-06
-1.61069e-06
9.43146e-06
-1.94737e-06
1.04852e-05
-2.31355e-06
1.16631e-05
-2.70553e-06
1.29835e-05
-3.11725e-06
1.44686e-05
-3.53911e-06
1.6151e-05
-3.95819e-06
1.80672e-05
-4.35683e-06
2.02645e-05
-4.71338e-06
2.27984e-05
-5.00268e-06
2.57357e-05
-5.19745e-06
2.91506e-05
-5.27105e-06
3.25958e-05
-5.20628e-06
3.33428e-05
-5.02729e-06
3.41176e-05
-4.74793e-06
3.48968e-05
-5.42846e-06
3.57591e-05
-4.87777e-06
3.65842e-05
-4.26818e-06
3.73491e-05
-3.63499e-06
4.01117e-05
-2.97967e-06
3.54993e-05
-2.41774e-06
3.13437e-05
-1.94283e-06
2.76102e-05
-1.54578e-06
2.42324e-05
-1.21602e-06
2.11539e-05
-9.41135e-07
1.82684e-05
-7.09716e-07
1.55671e-05
-5.16559e-07
1.31178e-05
-3.59031e-07
1.09482e-05
-2.34033e-07
8.97165e-06
-1.38865e-07
7.12601e-06
-7.04319e-08
5.32366e-06
-2.45882e-08
2.97e-06
6.85739e-06
-1.0199e-06
1.09013e-05
-7.50763e-07
1.12227e-05
-5.23846e-07
1.15431e-05
-3.35093e-07
1.18625e-05
-1.8084e-07
1.21832e-05
-5.72289e-08
1.25051e-05
3.91456e-08
1.28304e-05
1.10666e-07
1.31589e-05
1.59049e-07
1.34906e-05
1.84703e-07
1.38298e-05
1.88147e-07
1.41753e-05
1.68769e-07
1.4324e-05
1.17777e-07
1.39016e-05
3.89046e-08
-1.29072e-06
7.62002e-06
-1.59268e-06
8.46859e-06
-1.92566e-06
9.41124e-06
-2.28882e-06
1.04621e-05
-2.67933e-06
1.16386e-05
-3.09234e-06
1.29604e-05
-3.51986e-06
1.44513e-05
-3.95098e-06
1.61459e-05
-4.37038e-06
1.8083e-05
-4.75884e-06
2.03123e-05
-5.0934e-06
2.28917e-05
-5.3482e-06
2.58891e-05
-5.49665e-06
2.9379e-05
-5.51438e-06
3.29069e-05
-5.38793e-06
3.37062e-05
-5.14872e-06
3.45211e-05
-5.95964e-06
3.54312e-05
-5.42583e-06
3.63101e-05
-4.81532e-06
3.71341e-05
-4.1673e-06
3.7884e-05
-3.51465e-06
4.06493e-05
-2.85624e-06
3.59398e-05
-2.30065e-06
3.17032e-05
-1.83719e-06
2.7903e-05
-1.45377e-06
2.44713e-05
-1.1382e-06
2.13519e-05
-8.77387e-07
1.84368e-05
-6.59348e-07
1.57105e-05
-4.78438e-07
1.32376e-05
-3.31584e-07
1.10461e-05
-2.15511e-07
9.04856e-06
-1.27512e-07
7.18329e-06
-6.45169e-08
5.36374e-06
-2.24834e-08
2.9926e-06
6.84498e-06
-1.27714e-06
1.08566e-05
-9.73236e-07
1.11883e-05
-7.14288e-07
1.15181e-05
-4.96645e-07
1.18461e-05
-3.16358e-07
1.21746e-05
-1.69688e-07
1.25034e-05
-5.28517e-08
1.28348e-05
3.756e-08
1.31687e-05
1.03878e-07
1.3505e-05
1.47943e-07
1.38476e-05
1.70322e-07
1.41953e-05
1.71887e-07
1.4344e-05
1.52682e-07
1.39176e-05
1.05641e-07
1.35072e-05
3.46074e-08
-1.57523e-06
7.60382e-06
-1.90426e-06
8.44853e-06
-2.26386e-06
9.38771e-06
-2.65186e-06
1.04361e-05
-3.06442e-06
1.16123e-05
-3.49488e-06
1.29371e-05
-3.93412e-06
1.44363e-05
-4.36889e-06
1.61464e-05
-4.7823e-06
1.81085e-05
-5.15367e-06
2.03748e-05
-5.45898e-06
2.30049e-05
-5.67244e-06
2.60675e-05
-5.76898e-06
2.96363e-05
-5.72661e-06
3.32484e-05
-5.53644e-06
3.40967e-05
-6.48533e-06
3.505e-05
-5.97782e-06
3.59861e-05
-5.37315e-06
3.68707e-05
-4.71434e-06
3.76837e-05
-4.03883e-06
3.84106e-05
-3.37642e-06
4.11718e-05
-2.72275e-06
3.63639e-05
-2.1789e-06
3.20465e-05
-1.73037e-06
2.81808e-05
-1.36271e-06
2.46968e-05
-1.06252e-06
2.15379e-05
-8.16105e-07
1.85942e-05
-6.11461e-07
1.5844e-05
-4.4251e-07
1.3349e-05
-3.05881e-07
1.11368e-05
-1.98282e-07
9.11958e-06
-1.17023e-07
7.23598e-06
-5.90828e-08
5.40049e-06
-2.05524e-08
3.01326e-06
6.82939e-06
-1.55852e-06
1.07994e-05
-1.21812e-06
1.11425e-05
-9.25477e-07
1.14829e-05
-6.76986e-07
1.18205e-05
-4.68852e-07
1.21578e-05
-2.97222e-07
1.24945e-05
-1.58298e-07
1.2833e-05
-4.83427e-08
1.31731e-05
3.60235e-08
1.35148e-05
9.70801e-08
1.3862e-05
1.36814e-07
1.42132e-05
1.55953e-07
1.43637e-05
1.55891e-07
1.39365e-05
1.37541e-07
1.35223e-05
9.43164e-08
1.3123e-05
-1.88352e-06
7.58428e-06
-2.23922e-06
8.42518e-06
-2.62399e-06
9.36122e-06
-3.03481e-06
1.0408e-05
-3.46616e-06
1.15852e-05
-3.91039e-06
1.29151e-05
-4.35613e-06
1.44254e-05
-4.78862e-06
1.61546e-05
-5.18942e-06
1.81463e-05
-5.53654e-06
2.04546e-05
-5.80559e-06
2.31403e-05
-5.9717e-06
2.62727e-05
-6.01136e-06
2.99237e-05
-5.90574e-06
3.36204e-05
-7.00055e-06
3.46151e-05
-6.53078e-06
3.56059e-05
-5.94076e-06
3.65565e-05
-5.27676e-06
3.74357e-05
-4.58107e-06
3.82284e-05
-3.88866e-06
3.89251e-05
-3.22517e-06
4.16765e-05
-2.58297e-06
3.67697e-05
-2.05517e-06
3.23728e-05
-1.6242e-06
2.84435e-05
-1.27382e-06
2.49091e-05
-9.89559e-07
2.17121e-05
-7.57722e-07
1.87411e-05
-5.66245e-07
1.59683e-05
-4.08799e-07
1.34523e-05
-2.81921e-07
1.12208e-05
-1.82326e-07
9.18511e-06
-1.07363e-07
7.28443e-06
-5.40883e-08
5.43415e-06
-1.87871e-08
3.03215e-06
6.81062e-06
-1.86367e-06
1.07284e-05
-1.48575e-06
1.10842e-05
-1.15786e-06
1.14363e-05
-8.76913e-07
1.17848e-05
-6.39088e-07
1.21319e-05
-4.40645e-07
1.24775e-05
-2.77738e-07
1.2824e-05
-1.46704e-07
1.31712e-05
-4.37355e-08
1.35193e-05
3.45224e-08
1.3872e-05
9.02796e-08
1.42277e-05
1.25661e-07
1.43814e-05
1.41769e-07
1.39552e-05
1.40782e-07
1.35402e-05
1.2327e-07
1.31373e-05
-2.2153e-06
7.56152e-06
-2.59639e-06
8.39881e-06
-3.00455e-06
9.33228e-06
-3.43521e-06
1.03785e-05
-3.882e-06
1.15583e-05
-4.33516e-06
1.28957e-05
-4.78186e-06
1.44203e-05
-5.20576e-06
1.61728e-05
-5.58699e-06
1.81987e-05
-5.90285e-06
2.05539e-05
-6.1294e-06
2.33002e-05
-6.24271e-06
2.65064e-05
-6.22144e-06
3.02419e-05
-7.49903e-06
3.41221e-05
-7.08079e-06
3.51681e-05
-6.51665e-06
3.61846e-05
-5.85521e-06
3.71376e-05
-5.14341e-06
3.80005e-05
-4.42206e-06
3.87641e-05
-3.72235e-06
3.94244e-05
-3.06537e-06
4.2161e-05
-2.44003e-06
3.71563e-05
-1.93165e-06
3.26816e-05
-1.5202e-06
2.8691e-05
-1.18787e-06
2.51083e-05
-9.19883e-07
2.1875e-05
-7.0249e-07
1.88779e-05
-5.23743e-07
1.60837e-05
-3.77314e-07
1.35481e-05
-2.59681e-07
1.12984e-05
-1.67597e-07
9.24555e-06
-9.84648e-08
7.32897e-06
-4.95136e-08
5.465e-06
-1.71755e-08
3.04942e-06
6.78874e-06
-2.19237e-06
1.06427e-05
-1.77623e-06
1.10123e-05
-1.41201e-06
1.13771e-05
-1.09668e-06
1.17374e-05
-8.27444e-07
1.20955e-05
-6.00554e-07
1.24512e-05
-4.12033e-07
1.28067e-05
-2.58034e-07
1.31622e-05
-1.34992e-07
1.35174e-05
-3.9083e-08
1.38765e-05
3.3014e-08
1.42377e-05
8.34345e-08
1.43958e-05
1.14637e-07
1.39721e-05
1.28328e-07
1.3558e-05
1.26486e-07
1.31542e-05
-2.56951e-06
7.53575e-06
-2.97438e-06
8.36983e-06
-3.40322e-06
9.30156e-06
-3.85071e-06
1.03485e-05
-4.30847e-06
1.15331e-05
-4.76538e-06
1.28808e-05
-5.20708e-06
1.44233e-05
-5.61569e-06
1.62033e-05
-5.97041e-06
1.82682e-05
-6.2487e-06
2.06752e-05
-6.42702e-06
2.34866e-05
-6.48276e-06
2.67699e-05
-7.93314e-06
3.06789e-05
-7.62297e-06
3.46672e-05
-7.09886e-06
3.57531e-05
-6.45032e-06
3.67823e-05
-5.72844e-06
3.77251e-05
-4.98025e-06
3.8561e-05
-4.24355e-06
3.92874e-05
-3.54504e-06
3.99061e-05
-2.90082e-06
4.26237e-05
-2.29662e-06
3.75228e-05
-1.8102e-06
3.29729e-05
-1.41931e-06
2.89235e-05
-1.10556e-06
2.52948e-05
-8.53818e-07
2.2027e-05
-6.50479e-07
1.90052e-05
-4.83979e-07
1.61908e-05
-3.48034e-07
1.36367e-05
-2.39108e-07
1.13702e-05
-1.53996e-07
9.30128e-06
-9.02956e-08
7.3699e-06
-4.53384e-08
5.49327e-06
-1.56995e-08
3.0652e-06
6.76392e-06
-2.54368e-06
1.0541e-05
-2.08901e-06
1.09252e-05
-1.68738e-06
1.13038e-05
-1.33685e-06
1.16772e-05
-1.03452e-06
1.20475e-05
-7.77295e-07
1.24144e-05
-5.6154e-07
1.27802e-05
-3.83078e-07
1.31448e-05
-2.38132e-07
1.35083e-05
-1.23197e-07
1.38747e-05
-3.4427e-08
1.42423e-05
3.14727e-08
1.44059e-05
7.66279e-08
1.39859e-05
1.04132e-07
1.35741e-05
1.15551e-07
1.31712e-05
-2.94489e-06
7.50732e-06
-3.37108e-06
8.33884e-06
-3.81785e-06
9.26993e-06
-4.27802e-06
1.03194e-05
-4.74194e-06
1.1511e-05
-5.197e-06
1.28722e-05
-5.62726e-06
1.44364e-05
-6.01383e-06
1.62484e-05
-6.3358e-06
1.83571e-05
-6.57065e-06
2.08207e-05
-6.69556e-06
2.37015e-05
-8.30044e-06
2.71398e-05
-8.1062e-06
3.11649e-05
-7.68484e-06
3.5256e-05
-7.06268e-06
3.63681e-05
-6.3392e-06
3.73955e-05
-5.56786e-06
3.83149e-05
-4.79398e-06
3.91136e-05
-4.05129e-06
3.97956e-05
-3.36119e-06
4.03683e-05
-2.7348e-06
4.30637e-05
-2.15501e-06
3.78691e-05
-1.69201e-06
3.32468e-05
-1.32242e-06
2.91413e-05
-1.02732e-06
2.54691e-05
-7.91475e-07
2.21686e-05
-6.01734e-07
1.91235e-05
-4.46941e-07
1.62901e-05
-3.20899e-07
1.37188e-05
-2.20067e-07
1.14365e-05
-1.41479e-07
9.35265e-06
-8.28258e-08
7.40752e-06
-4.15211e-08
5.5192e-06
-1.43202e-08
3.0796e-06
6.73644e-06
-2.91644e-06
1.04222e-05
-2.42329e-06
1.08218e-05
-1.98394e-06
1.12152e-05
-1.59704e-06
1.16029e-05
-1.26065e-06
1.19867e-05
-9.71686e-07
1.23659e-05
-7.26686e-07
1.27431e-05
-5.22167e-07
1.31181e-05
-3.5392e-07
1.34909e-05
-2.18109e-07
1.38656e-05
-1.11364e-07
1.42407e-05
-2.9815e-08
1.44105e-05
2.98767e-08
1.39955e-05
7.01008e-08
1.35872e-05
9.41147e-08
1.31865e-05
-3.33945e-06
7.47672e-06
-3.78448e-06
8.30656e-06
-4.24536e-06
9.23844e-06
-4.71373e-06
1.02924e-05
-5.17854e-06
1.14939e-05
-5.62562e-06
1.2872e-05
-6.03793e-06
1.44621e-05
-6.39635e-06
1.63105e-05
-6.67971e-06
1.84678e-05
-6.86592e-06
2.09929e-05
-8.60744e-06
2.40108e-05
-8.52591e-06
2.7562e-05
-8.2194e-06
3.1702e-05
-7.69127e-06
3.58873e-05
-6.97794e-06
3.70093e-05
-6.18955e-06
3.80195e-05
-5.37974e-06
3.89028e-05
-4.59053e-06
3.96548e-05
-3.85017e-06
4.02865e-05
-3.17456e-06
4.08098e-05
-2.5701e-06
4.34805e-05
-2.01671e-06
3.81952e-05
-1.57819e-06
3.35037e-05
-1.2301e-06
2.9345e-05
-9.5332e-07
2.56317e-05
-7.32932e-07
2.23004e-05
-5.56255e-07
1.92332e-05
-4.12562e-07
1.63821e-05
-2.95739e-07
1.37948e-05
-2.02506e-07
1.14977e-05
-1.30007e-07
9.4e-06
-7.59748e-08
7.4421e-06
-3.80417e-08
5.54302e-06
-9.60627e-09
3.08926e-06
6.70671e-06
-3.3088e-06
1.02854e-05
-2.77804e-06
1.0701e-05
-2.3009e-06
1.11101e-05
-1.8771e-06
1.15131e-05
-1.50537e-06
1.19113e-05
-1.18332e-06
1.23043e-05
-9.07961e-07
1.26942e-05
-6.75663e-07
1.30808e-05
-4.82565e-07
1.34641e-05
-3.24651e-07
1.38482e-05
-1.98085e-07
1.42317e-05
-9.95928e-08
1.4409e-05
-2.53643e-08
1.40001e-05
2.82672e-08
1.35965e-05
6.38119e-08
1.31991e-05
-3.75136e-06
7.44459e-06
-4.21167e-06
8.27393e-06
-4.68249e-06
9.20833e-06
-5.15414e-06
1.02692e-05
-5.61402e-06
1.14836e-05
-6.04687e-06
1.28823e-05
-6.43533e-06
1.45025e-05
-6.75987e-06
1.63922e-05
-6.99983e-06
1.86034e-05
-8.86089e-06
2.12485e-05
-8.88629e-06
2.43735e-05
-8.69329e-06
2.80382e-05
-8.27409e-06
3.22873e-05
-7.64249e-06
3.65543e-05
-6.84717e-06
3.76692e-05
-6.00565e-06
3.86475e-05
-5.16929e-06
3.94836e-05
-4.37474e-06
4.01812e-05
-3.6443e-06
4.07579e-05
-2.9884e-06
4.12297e-05
-2.40857e-06
4.38739e-05
-1.88312e-06
3.85014e-05
-1.46946e-06
3.37441e-05
-1.14259e-06
2.95351e-05
-8.83688e-07
2.57832e-05
-6.78212e-07
2.24229e-05
-5.13975e-07
1.93351e-05
-3.80634e-07
1.64674e-05
-2.72493e-07
1.38651e-05
-1.86376e-07
1.15543e-05
-1.19456e-07
9.44363e-06
-6.97065e-08
7.47389e-06
-2.53541e-08
5.55883e-06
-1.02781e-08
3.09959e-06
6.6753e-06
-3.71906e-06
1.01298e-05
-3.15178e-06
1.05619e-05
-2.63734e-06
1.09873e-05
-2.17645e-06
1.14064e-05
-1.76873e-06
1.18204e-05
-1.41264e-06
1.22285e-05
-1.10553e-06
1.26322e-05
-8.43794e-07
1.30316e-05
-6.24225e-07
1.34267e-05
-4.42801e-07
1.38214e-05
-2.95351e-07
1.42144e-05
-1.78115e-07
1.44004e-05
-8.81208e-08
1.39988e-05
-2.12851e-08
1.3601e-05
2.66128e-08
1.32081e-05
-4.17787e-06
7.41174e-06
-4.64959e-06
8.24205e-06
-5.12574e-06
9.18102e-06
-5.59515e-06
1.02515e-05
-6.04415e-06
1.14821e-05
-6.4571e-06
1.29054e-05
-6.81628e-06
1.45603e-05
-7.10292e-06
1.64968e-05
-9.06722e-06
1.88116e-05
-9.19131e-06
2.15555e-05
-9.10609e-06
2.47883e-05
-8.79536e-06
2.85617e-05
-8.2628e-06
3.29098e-05
-7.53549e-06
3.72449e-05
-6.67148e-06
3.83372e-05
-5.79115e-06
3.92714e-05
-4.94083e-06
4.00516e-05
-4.1508e-06
4.06895e-05
-3.43722e-06
4.12084e-05
-2.80487e-06
4.16275e-05
-2.25195e-06
4.42442e-05
-1.75516e-06
3.87883e-05
-1.36619e-06
3.39686e-05
-1.06009e-06
2.97123e-05
-8.18483e-07
2.59241e-05
-6.27256e-07
2.25367e-05
-4.74649e-07
1.94295e-05
-3.5109e-07
1.65463e-05
-2.51105e-07
1.393e-05
-1.71512e-07
1.16065e-05
-1.09781e-07
9.48385e-06
-4.65385e-08
7.49515e-06
-2.71447e-08
5.57577e-06
-1.09895e-08
3.11065e-06
6.6429e-06
-4.14463e-06
9.95487e-06
-3.54272e-06
1.04035e-05
-2.99189e-06
1.08457e-05
-2.49414e-06
1.12818e-05
-2.05014e-06
1.17126e-05
-1.6591e-06
1.21367e-05
-1.31897e-06
1.25557e-05
-1.02708e-06
1.29695e-05
-7.7956e-07
1.33775e-05
-5.72779e-07
1.37841e-05
-4.03072e-07
1.41878e-05
-2.66175e-07
1.43835e-05
-1.58582e-07
1.39909e-05
-7.74359e-08
1.36001e-05
-1.75928e-08
1.32126e-05
-4.61609e-06
7.37915e-06
-5.0949e-06
8.21218e-06
-5.57117e-06
9.15806e-06
-6.03266e-06
1.02411e-05
-6.46539e-06
1.14915e-05
-6.85345e-06
1.29438e-05
-7.18026e-06
1.4639e-05
-9.23249e-06
1.66638e-05
-9.44514e-06
1.90673e-05
-9.4585e-06
2.19098e-05
-9.25088e-06
2.52458e-05
-8.81859e-06
2.91195e-05
-8.17906e-06
3.35555e-05
-7.36956e-06
3.79452e-05
-6.45378e-06
3.90018e-05
-5.55023e-06
3.98827e-05
-4.69869e-06
4.06012e-05
-3.92256e-06
4.11764e-05
-3.23137e-06
4.16364e-05
-2.626e-06
4.2003e-05
-2.10142e-06
4.45919e-05
-1.63332e-06
3.90566e-05
-1.26863e-06
3.41781e-05
-9.82692e-07
2.98773e-05
-7.57658e-07
2.60551e-05
-5.79786e-07
2.26423e-05
-4.38205e-07
1.9517e-05
-3.23868e-07
1.66193e-05
-2.3136e-07
1.39901e-05
-1.57853e-07
1.16548e-05
-7.34122e-08
9.51082e-06
-4.98596e-08
7.51795e-06
-2.90238e-08
5.59388e-06
-1.17142e-08
3.12243e-06
6.61038e-06
-4.58275e-06
9.76049e-06
-3.94889e-06
1.02254e-05
-3.36312e-06
1.06844e-05
-2.82905e-06
1.11381e-05
-2.34882e-06
1.15866e-05
-1.92241e-06
1.2028e-05
-1.54854e-06
1.24635e-05
-1.22485e-06
1.28927e-05
-9.48244e-07
1.33152e-05
-7.15064e-07
1.37351e-05
-5.21422e-07
1.41507e-05
-3.6349e-07
1.43576e-05
-2.37632e-07
1.39752e-05
-1.40316e-07
1.35928e-05
-6.75398e-08
1.32119e-05
-5.06282e-06
7.34794e-06
-5.54381e-06
8.18575e-06
-6.01479e-06
9.14119e-06
-6.46331e-06
1.02401e-05
-6.87526e-06
1.15145e-05
-7.23637e-06
1.30011e-05
-9.36232e-06
1.47703e-05
-9.65255e-06
1.68728e-05
-9.75338e-06
1.93639e-05
-9.64036e-06
2.23011e-05
-9.30513e-06
2.57342e-05
-8.75716e-06
2.96995e-05
-8.02381e-06
3.42118e-05
-7.14938e-06
3.86428e-05
-6.1997e-06
3.96532e-05
-5.28835e-06
4.04741e-05
-4.44759e-06
4.11279e-05
-3.69298e-06
4.16396e-05
-3.02922e-06
4.2041e-05
-2.45325e-06
4.23561e-05
-1.9576e-06
4.49174e-05
-1.51797e-06
3.9307e-05
-1.17694e-06
3.43732e-05
-9.10383e-07
3.00307e-05
-7.00903e-07
2.61767e-05
-5.3573e-07
2.27403e-05
-4.04581e-07
1.95981e-05
-2.987e-07
1.6687e-05
-2.13183e-07
1.40457e-05
-1.05669e-07
1.16872e-05
-7.87284e-08
9.5398e-06
-5.33584e-08
7.54238e-06
-3.09816e-08
5.61323e-06
-1.2456e-08
3.13495e-06
6.57875e-06
-5.03041e-06
9.54665e-06
-4.36761e-06
1.00269e-05
-3.74907e-06
1.05027e-05
-3.17996e-06
1.09744e-05
-2.66373e-06
1.14412e-05
-2.20177e-06
1.19009e-05
-1.79356e-06
1.23542e-05
-1.43737e-06
1.28003e-05
-1.13046e-06
1.32386e-05
-8.69503e-07
1.3673e-05
-6.50745e-07
1.4102e-05
-4.70338e-07
1.43214e-05
-3.24822e-07
1.3951e-05
-2.10932e-07
1.35783e-05
-1.23269e-07
1.32053e-05
-5.51444e-06
7.31941e-06
-5.99248e-06
8.16432e-06
-6.45346e-06
9.13228e-06
-6.88502e-06
1.02509e-05
-7.27515e-06
1.15543e-05
-9.46198e-06
1.31022e-05
-9.81883e-06
1.49381e-05
-9.99561e-06
1.71166e-05
-9.96727e-06
1.96924e-05
-9.72311e-06
2.27207e-05
-9.26654e-06
2.62453e-05
-8.61565e-06
3.02932e-05
-7.80508e-06
3.48693e-05
-6.88356e-06
3.93285e-05
-5.91708e-06
4.02837e-05
-5.01206e-06
4.10402e-05
-4.19167e-06
4.16281e-05
-3.46533e-06
4.20771e-05
-2.83266e-06
4.24217e-05
-2.28748e-06
4.26872e-05
-1.82104e-06
4.52217e-05
-1.40937e-06
3.95403e-05
-1.09115e-06
3.45547e-05
-8.42814e-07
3.01732e-05
-6.48153e-07
2.62897e-05
-4.95028e-07
2.28312e-05
-3.73452e-07
1.96732e-05
-2.75498e-07
1.67495e-05
-1.4284e-07
1.4083e-05
-1.13442e-07
1.1722e-05
-8.43501e-08
9.57091e-06
-5.70249e-08
7.56852e-06
-3.30114e-08
5.63387e-06
-1.32157e-08
3.14825e-06
6.54916e-06
-5.4841e-06
9.31371e-06
-4.79622e-06
9.80825e-06
-4.14761e-06
1.03002e-05
-3.54509e-06
1.07897e-05
-2.99375e-06
1.12754e-05
-2.49634e-06
1.17543e-05
-2.05346e-06
1.22265e-05
-1.66403e-06
1.26907e-05
-1.32593e-06
1.31463e-05
-1.03615e-06
1.35966e-05
-7.91028e-07
1.40404e-05
-5.86916e-07
1.42738e-05
-4.20403e-07
1.39172e-05
-2.8866e-07
1.35557e-05
-1.8599e-07
1.31919e-05
-5.96726e-06
7.29499e-06
-6.43795e-06
8.14967e-06
-6.88549e-06
9.13366e-06
-7.29996e-06
1.02766e-05
-9.53632e-06
1.16299e-05
-9.94954e-06
1.32342e-05
-1.01913e-05
1.51351e-05
-1.02374e-05
1.73881e-05
-1.00767e-05
2.00475e-05
-9.70867e-06
2.31644e-05
-9.14325e-06
2.67745e-05
-8.40499e-06
3.08948e-05
-7.53408e-06
3.55216e-05
-6.58255e-06
3.99958e-05
-5.61481e-06
4.08881e-05
-4.72725e-06
4.15773e-05
-3.93549e-06
4.20997e-05
-3.24228e-06
4.2488e-05
-2.64295e-06
4.27784e-05
-2.12943e-06
4.29967e-05
-1.69209e-06
4.55055e-05
-1.30755e-06
3.97576e-05
-1.01085e-06
3.47235e-05
-7.79928e-07
3.03056e-05
-5.99354e-07
2.63945e-05
-4.57296e-07
2.29154e-05
-3.44719e-07
1.97427e-05
-1.84737e-07
1.67916e-05
-1.53481e-07
1.41232e-05
-1.21683e-07
1.17595e-05
-9.027e-08
9.60427e-06
-6.08521e-08
7.59647e-06
-3.50981e-08
5.65585e-06
-1.39907e-08
3.16232e-06
6.52291e-06
-5.94028e-06
9.06246e-06
-5.23165e-06
9.56967e-06
-4.55636e-06
1.00765e-05
-3.92258e-06
1.05834e-05
-3.33742e-06
1.10883e-05
-2.80515e-06
1.15871e-05
-2.32751e-06
1.20792e-05
-1.90438e-06
1.25628e-05
-1.53425e-06
1.30369e-05
-1.2146e-06
1.35047e-05
-9.42149e-07
1.39646e-05
-7.13021e-07
1.42137e-05
-5.24481e-07
1.38728e-05
-3.73684e-07
1.35243e-05
-2.54898e-07
1.3171e-05
-6.41849e-06
7.2763e-06
-6.87896e-06
8.14396e-06
-7.31368e-06
9.14825e-06
-9.58971e-06
1.03312e-05
-1.00501e-05
1.17316e-05
-1.03468e-05
1.33909e-05
-1.04575e-05
1.53565e-05
-1.03721e-05
1.76848e-05
-1.00875e-05
2.04278e-05
-9.60778e-06
2.36304e-05
-8.94778e-06
2.73188e-05
-8.13759e-06
3.14998e-05
-7.22267e-06
3.61633e-05
-6.25708e-06
4.06397e-05
-5.30055e-06
4.14629e-05
-4.44008e-06
4.20833e-05
-3.68287e-06
4.25416e-05
-3.02578e-06
4.28721e-05
-2.46123e-06
4.31113e-05
-1.97967e-06
4.32854e-05
-1.57089e-06
4.57699e-05
-1.2121e-06
3.99597e-05
-9.36013e-07
3.48802e-05
-7.21678e-07
3.04284e-05
-5.54056e-07
2.64917e-05
-4.22428e-07
2.29935e-05
-2.3133e-07
1.97895e-05
-1.98636e-07
1.68369e-05
-1.64789e-07
1.41665e-05
-1.30393e-07
1.17998e-05
-9.64842e-08
9.64004e-06
-6.48125e-08
7.6263e-06
-3.72362e-08
5.67919e-06
-1.47694e-08
3.17718e-06
6.50148e-06
-6.39637e-06
8.79411e-06
-5.67079e-06
9.31165e-06
-4.97242e-06
9.83166e-06
-4.31023e-06
1.03553e-05
-3.69305e-06
1.08791e-05
-3.12677e-06
1.13981e-05
-2.61466e-06
1.1911e-05
-2.15772e-06
1.24152e-05
-1.75507e-06
1.29092e-05
-1.4047e-06
1.33959e-05
-1.10381e-06
1.38734e-05
-8.48926e-07
1.41399e-05
-6.37054e-07
1.38167e-05
-4.66176e-07
1.34829e-05
-3.30093e-07
1.31418e-05
-6.86731e-06
7.26538e-06
-7.31873e-06
8.14979e-06
-9.62603e-06
9.1856e-06
-1.01255e-05
1.04077e-05
-1.04683e-05
1.18543e-05
-1.06345e-05
1.35691e-05
-1.06158e-05
1.56015e-05
-1.04084e-05
1.8007e-05
-1.0012e-05
2.08333e-05
-9.43349e-06
2.41175e-05
-8.69258e-06
2.78752e-05
-7.82545e-06
3.21041e-05
-6.88226e-06
3.679e-05
-5.91594e-06
4.12566e-05
-4.98182e-06
4.2006e-05
-4.15558e-06
4.25574e-05
-3.43665e-06
4.29537e-05
-2.81761e-06
4.32296e-05
-2.28845e-06
4.34212e-05
-1.83852e-06
4.3554e-05
-1.45701e-06
4.60158e-05
-1.12301e-06
4.01475e-05
-8.66611e-07
3.50258e-05
-6.67545e-07
3.05424e-05
-5.12151e-07
2.65818e-05
-2.83674e-07
2.30461e-05
-2.4887e-07
1.98399e-05
-2.13433e-07
1.68858e-05
-1.7677e-07
1.4213e-05
-1.39574e-07
1.1843e-05
-1.02955e-07
9.67833e-06
-6.88996e-08
7.65809e-06
-3.93997e-08
5.70394e-06
-1.5541e-08
3.19282e-06
6.48677e-06
-6.85194e-06
8.50909e-06
-6.11025e-06
9.03492e-06
-5.39288e-06
9.56621e-06
-4.70572e-06
1.01052e-05
-4.05882e-06
1.06475e-05
-3.46002e-06
1.11869e-05
-2.91402e-06
1.17211e-05
-2.42311e-06
1.22468e-05
-1.98758e-06
1.27619e-05
-1.606e-06
1.32689e-05
-1.27584e-06
1.37655e-05
-9.93898e-07
1.4051e-05
-7.57969e-07
1.37477e-05
-5.66007e-07
1.34306e-05
-4.11761e-07
1.31032e-05
-7.3171e-06
7.26446e-06
-9.64864e-06
8.17332e-06
-1.01804e-05
9.24141e-06
-1.05616e-05
1.0502e-05
-1.0775e-05
1.19959e-05
-1.08148e-05
1.37692e-05
-1.06771e-05
1.58714e-05
-1.03595e-05
1.83557e-05
-9.86296e-06
2.1264e-05
-9.19765e-06
2.46238e-05
-8.389e-06
2.84401e-05
-7.47975e-06
3.27029e-05
-6.52198e-06
3.73974e-05
-5.56758e-06
4.18438e-05
-4.66467e-06
4.25165e-05
-3.87743e-06
4.29994e-05
-3.19927e-06
4.33365e-05
-2.61915e-06
4.35613e-05
-2.12517e-06
4.37088e-05
-1.70557e-06
4.38035e-05
-1.3505e-06
4.62442e-05
-1.04027e-06
4.03219e-05
-8.02038e-07
3.51609e-05
-6.17412e-07
3.06482e-05
-3.44103e-07
2.66425e-05
-3.05334e-07
2.31028e-05
-2.67571e-07
1.98943e-05
-2.29143e-07
1.69384e-05
-1.89439e-07
1.42631e-05
-1.4918e-07
1.18894e-05
-1.09678e-07
9.71926e-06
-7.3072e-08
7.6919e-06
-4.15631e-08
5.73008e-06
-1.62925e-08
3.20921e-06
-7.31032e-06
6.48061e-06
8.20826e-06
-6.55005e-06
8.74084e-06
-5.81504e-06
9.28087e-06
-5.10634e-06
9.8334e-06
-4.43263e-06
1.0393e-05
-3.80302e-06
1.09524e-05
-3.22416e-06
1.15084e-05
-2.69981e-06
1.20565e-05
-2.23124e-06
1.25939e-05
-1.81787e-06
1.31225e-05
-1.45779e-06
1.36398e-05
-1.14814e-06
1.39461e-05
-8.8696e-07
1.36649e-05
-6.73075e-07
1.33664e-05
-4.99759e-07
1.30546e-05
-9.66039e-06
7.27704e-06
-1.02186e-05
8.21239e-06
-1.06317e-05
9.31242e-06
-1.08851e-05
1.0613e-05
-1.09754e-05
1.21575e-05
-1.08999e-05
1.39929e-05
-1.06549e-05
1.61678e-05
-1.0238e-05
1.87318e-05
-9.6516e-06
2.1719e-05
-8.9106e-06
2.51466e-05
-8.04748e-06
2.9009e-05
-7.10936e-06
3.32916e-05
-6.15068e-06
3.79819e-05
-5.21882e-06
4.23993e-05
-4.35352e-06
4.29938e-05
-3.60872e-06
4.341e-05
-2.97262e-06
4.3691e-05
-2.4313e-06
4.38685e-05
-1.97111e-06
4.39753e-05
-1.58101e-06
4.40348e-05
-1.25143e-06
4.64562e-05
-9.6319e-07
4.04837e-05
-7.42171e-07
3.52862e-05
-4.15004e-07
3.07194e-05
-3.70548e-07
2.6708e-05
-3.28458e-07
2.3164e-05
-2.87461e-07
1.99529e-05
-2.45797e-07
1.6995e-05
-2.02746e-07
1.43169e-05
-1.59218e-07
1.19392e-05
-1.16599e-07
9.76296e-06
-7.72888e-08
7.72777e-06
-4.36926e-08
5.7576e-06
-1.70074e-08
3.22633e-06
-6.99323e-06
7.89218e-06
-9.66364e-06
6.48461e-06
8.42935e-06
-6.23749e-06
8.97645e-06
-5.50948e-06
9.54036e-06
-4.81208e-06
1.01157e-05
-4.15402e-06
1.06946e-05
-3.54381e-06
1.12723e-05
-2.98661e-06
1.18433e-05
-2.48509e-06
1.2404e-05
-2.03967e-06
1.29555e-05
-1.64914e-06
1.34949e-05
-1.31106e-06
1.38238e-05
-1.02392e-06
1.35672e-05
-7.87301e-07
1.32893e-05
-5.94081e-07
1.2995e-05
-1.02434e-05
7.3027e-06
-1.0683e-05
8.26449e-06
-1.097e-05
9.3982e-06
-1.11038e-05
1.07422e-05
-1.10827e-05
1.23413e-05
-1.09033e-05
1.42423e-05
-1.05613e-05
1.64921e-05
-1.00541e-05
1.91353e-05
-9.38718e-06
2.21967e-05
-8.58176e-06
2.5682e-05
-7.67615e-06
2.9577e-05
-6.72314e-06
3.38652e-05
-5.77571e-06
3.854e-05
-4.87473e-06
4.29217e-05
-4.05206e-06
4.34383e-05
-3.35182e-06
4.37902e-05
-2.75793e-06
4.40186e-05
-2.25393e-06
4.41522e-05
-1.82661e-06
4.42217e-05
-1.46498e-06
4.42492e-05
-1.15899e-06
4.66527e-05
-8.91646e-07
4.06338e-05
-4.99045e-07
3.53706e-05
-4.47078e-07
3.07963e-05
-3.98811e-07
2.67787e-05
-3.53089e-07
2.32299e-05
-3.08585e-07
2.0016e-05
-2.63338e-07
1.70558e-05
-2.1671e-07
1.43746e-05
-1.69621e-07
1.19924e-05
-1.23664e-07
9.80951e-06
-8.14939e-08
7.76573e-06
-4.5747e-08
5.78648e-06
-1.7663e-08
3.24412e-06
-6.66348e-06
8.10063e-06
-9.31301e-06
7.54274e-06
-1.02578e-05
6.49968e-06
8.65353e-06
-5.91347e-06
9.22682e-06
-5.19478e-06
9.81627e-06
-4.51139e-06
1.04133e-05
-3.87143e-06
1.10122e-05
-3.28234e-06
1.16064e-05
-2.74823e-06
1.21912e-05
-2.27075e-06
1.27669e-05
-1.84936e-06
1.33297e-05
-1.4822e-06
1.3683e-05
-1.16839e-06
1.34533e-05
-9.08212e-07
1.31984e-05
-6.94508e-07
1.29234e-05
-1.07192e-05
7.33964e-06
-1.10345e-05
8.32971e-06
-1.12054e-05
9.50056e-06
-1.12314e-05
1.08918e-05
-1.111e-05
1.25489e-05
-1.08366e-05
1.45186e-05
-1.04059e-05
1.68448e-05
-9.81627e-06
1.95653e-05
-9.07809e-06
2.2694e-05
-8.2183e-06
2.62252e-05
-7.28351e-06
3.01384e-05
-6.32867e-06
3.44193e-05
-5.40271e-06
3.90691e-05
-4.5397e-06
4.34105e-05
-3.76318e-06
4.38507e-05
-3.10826e-06
4.41416e-05
-2.55516e-06
4.43208e-05
-2.0875e-06
4.44139e-05
-1.69191e-06
4.44494e-05
-1.35663e-06
4.44476e-05
-1.0731e-06
4.68349e-05
-5.9973e-07
4.07349e-05
-5.37795e-07
3.54617e-05
-4.8139e-07
3.08792e-05
-4.28954e-07
2.68549e-05
-3.79292e-07
2.33009e-05
-3.30886e-07
2.00838e-05
-2.81808e-07
1.71212e-05
-2.31258e-07
1.44365e-05
-1.80329e-07
1.20493e-05
-1.30798e-07
9.85901e-06
-8.56186e-08
7.80577e-06
-4.76681e-08
5.81664e-06
-1.8234e-08
3.26248e-06
-6.32051e-06
8.31161e-06
-8.93864e-06
7.72749e-06
-9.91431e-06
7.20036e-06
-1.07434e-05
6.52459e-06
8.89353e-06
-5.57906e-06
9.49502e-06
-4.87234e-06
1.01084e-05
-4.20517e-06
1.07278e-05
-3.58569e-06
1.13453e-05
-3.01977e-06
1.19547e-05
-2.51021e-06
1.25555e-05
-2.05774e-06
1.31431e-05
-1.66103e-06
1.35226e-05
-1.31998e-06
1.33223e-05
-1.03562e-06
1.30927e-05
-8.00638e-07
1.2839e-05
-1.10824e-05
7.38828e-06
-1.12849e-05
8.40993e-06
-1.13515e-05
9.62135e-06
-1.12806e-05
1.10632e-05
-1.10686e-05
1.27817e-05
-1.07092e-05
1.48227e-05
-1.01966e-05
1.7226e-05
-9.53209e-06
2.00202e-05
-8.7304e-06
2.32071e-05
-7.82798e-06
2.67706e-05
-6.87704e-06
3.06878e-05
-5.93204e-06
3.49496e-05
-5.03679e-06
3.95672e-05
-4.21723e-06
4.38657e-05
-3.4888e-06
4.42323e-05
-2.87812e-06
4.44655e-05
-2.36492e-06
4.45991e-05
-1.93238e-06
4.46552e-05
-1.56609e-06
4.46596e-05
-1.25587e-06
4.4631e-05
-7.21846e-07
4.69575e-05
-6.46453e-07
4.0844e-05
-5.79279e-07
3.556e-05
-5.18021e-07
3.09687e-05
-4.61065e-07
2.69371e-05
-4.07009e-07
2.33774e-05
-3.54428e-07
2.01568e-05
-3.01125e-07
1.71914e-05
-2.46326e-07
1.45027e-05
-1.91251e-07
1.211e-05
-1.37907e-07
9.91151e-06
-8.95646e-08
7.84785e-06
-4.93905e-08
5.84795e-06
-1.86873e-08
3.28131e-06
-5.96566e-06
8.53975e-06
-8.54111e-06
7.91533e-06
-9.54266e-06
7.35699e-06
-1.04124e-05
6.87038e-06
-1.11172e-05
6.55998e-06
9.15242e-06
-5.23532e-06
9.78068e-06
-4.54343e-06
1.04193e-05
-3.89537e-06
1.10594e-05
-3.29843e-06
1.16937e-05
-2.75732e-06
1.23205e-05
-2.27367e-06
1.2934e-05
-1.84707e-06
1.33415e-05
-1.47822e-06
1.31732e-05
-1.16916e-06
1.29711e-05
-9.12317e-07
1.27409e-05
-1.13464e-05
7.45047e-06
-1.14476e-05
8.50676e-06
-1.14203e-05
9.76175e-06
-1.12621e-05
1.12574e-05
-1.09674e-05
1.30406e-05
-1.05284e-05
1.51553e-05
-9.94035e-06
1.76351e-05
-9.2066e-06
2.04973e-05
-8.3509e-06
2.37308e-05
-7.41777e-06
2.73122e-05
-6.46299e-06
3.12197e-05
-5.53904e-06
3.54528e-05
-4.68225e-06
4.00333e-05
-3.90981e-06
4.42877e-05
-3.22919e-06
4.45843e-05
-2.6622e-06
4.47636e-05
-2.18769e-06
4.48552e-05
-1.78755e-06
4.48774e-05
-1.4491e-06
4.48536e-05
-8.44634e-07
4.47543e-05
-7.78127e-07
4.70897e-05
-6.96491e-07
4.09618e-05
-6.23601e-07
3.56661e-05
-5.57089e-07
3.10652e-05
-4.95085e-07
2.70256e-05
-4.36332e-07
2.34597e-05
-3.79123e-07
2.02351e-05
-3.21226e-07
1.72666e-05
-2.61814e-07
1.45736e-05
-2.02274e-07
1.21746e-05
-1.44852e-07
9.96703e-06
-9.32203e-08
7.89188e-06
-5.0831e-08
5.88027e-06
-1.89903e-08
3.30045e-06
-5.6004e-06
8.78824e-06
-8.12064e-06
8.12057e-06
-9.14288e-06
7.51673e-06
-1.00505e-05
6.99616e-06
-1.08014e-05
6.55554e-06
-1.13934e-05
6.60755e-06
9.43066e-06
-4.88414e-06
1.00866e-05
-4.20954e-06
1.07485e-05
-3.58317e-06
1.14077e-05
-3.01104e-06
1.20609e-05
-2.4963e-06
1.27016e-05
-2.03968e-06
1.31387e-05
-1.64259e-06
1.3005e-05
-1.30837e-06
1.28328e-05
-1.0292e-06
1.26282e-05
-1.15241e-05
7.52756e-06
-1.1534e-05
8.62105e-06
-1.14222e-05
9.9225e-06
-1.11846e-05
1.14753e-05
-1.08136e-05
1.33265e-05
-1.0301e-05
1.55168e-05
-9.64151e-06
1.80708e-05
-8.84556e-06
2.09927e-05
-7.94566e-06
2.42595e-05
-6.99363e-06
2.78437e-05
-6.04765e-06
3.17291e-05
-5.15484e-06
3.59263e-05
-4.34232e-06
4.04667e-05
-3.61808e-06
4.46775e-05
-2.98537e-06
4.49083e-05
-2.46105e-06
4.50377e-05
-2.0223e-06
4.50907e-05
-1.65296e-06
4.50819e-05
-9.7418e-07
4.49836e-05
-9.10317e-07
4.48869e-05
-8.38384e-07
4.72322e-05
-7.49967e-07
4.10887e-05
-6.70907e-07
3.57804e-05
-5.9853e-07
3.11691e-05
-5.3114e-07
2.71208e-05
-4.67169e-07
2.35482e-05
-4.04914e-07
2.03192e-05
-3.42004e-07
1.73472e-05
-2.77595e-07
1.46492e-05
-2.13226e-07
1.22433e-05
-1.51478e-07
1.00255e-05
-9.64439e-08
7.9377e-06
-5.18932e-08
5.91335e-06
-1.90829e-08
3.31969e-06
-5.22612e-06
9.05749e-06
-7.67917e-06
8.3481e-06
-8.71615e-06
7.69505e-06
-9.65807e-06
7.12542e-06
-1.0453e-05
6.64884e-06
-1.1095e-05
6.258e-06
-1.15844e-05
6.66839e-06
9.73037e-06
-4.52667e-06
1.04127e-05
-3.87245e-06
1.10963e-05
-3.27038e-06
1.17763e-05
-2.72498e-06
1.2445e-05
-2.23814e-06
1.29132e-05
-1.81262e-06
1.28167e-05
-1.45275e-06
1.26768e-05
-1.15084e-06
1.25002e-05
-1.16259e-05
7.62009e-06
-1.15538e-05
8.7532e-06
-1.13656e-05
1.01041e-05
-1.10554e-05
1.17177e-05
-1.06142e-05
1.36403e-05
-1.00311e-05
1.5907e-05
-9.30501e-06
1.85309e-05
-8.45391e-06
2.15017e-05
-7.51987e-06
2.47865e-05
-6.56198e-06
2.83588e-05
-5.63696e-06
3.22121e-05
-4.78355e-06
3.63684e-05
-4.0182e-06
4.08677e-05
-3.34346e-06
4.50364e-05
-2.7581e-06
4.52061e-05
-2.27341e-06
4.52896e-05
-1.86871e-06
4.53071e-05
-1.11061e-06
4.52188e-05
-1.04954e-06
4.51233e-05
-9.80581e-07
4.50297e-05
-9.02756e-07
4.73856e-05
-8.07059e-07
4.12254e-05
-7.2113e-07
3.59036e-05
-6.42513e-07
3.1281e-05
-5.69136e-07
2.72233e-05
-4.99469e-07
2.36432e-05
-4.31686e-07
2.04093e-05
-3.63321e-07
1.74333e-05
-2.93464e-07
1.47298e-05
-2.23911e-07
1.2316e-05
-1.57583e-07
1.00869e-05
-9.90603e-08
7.9851e-06
-5.24509e-08
5.94692e-06
-1.9045e-08
3.33891e-06
-4.84529e-06
9.35066e-06
-7.21881e-06
8.59849e-06
-8.26355e-06
7.89674e-06
-9.23583e-06
7.27396e-06
-1.00712e-05
6.74467e-06
-1.07622e-05
6.31706e-06
-1.13045e-05
5.97898e-06
-1.16998e-05
6.74279e-06
1.00525e-05
-4.16532e-06
1.07594e-05
-3.5343e-06
1.14661e-05
-2.95885e-06
1.21633e-05
-2.44191e-06
1.26642e-05
-1.98769e-06
1.26075e-05
-1.60191e-06
1.25025e-05
-1.27687e-06
1.2356e-05
-1.16613e-05
7.72814e-06
-1.15152e-05
8.90338e-06
-1.12579e-05
1.03072e-05
-1.08815e-05
1.19857e-05
-1.03731e-05
1.39829e-05
-9.72302e-06
1.63257e-05
-8.93467e-06
1.90123e-05
-8.03563e-06
2.20181e-05
-7.07948e-06
2.53047e-05
-6.12924e-06
2.88518e-05
-5.23601e-06
3.26653e-05
-4.42718e-06
3.67781e-05
-3.71197e-06
4.1237e-05
-3.08707e-06
4.53662e-05
-2.54606e-06
4.54795e-05
-2.09926e-06
4.55208e-05
-1.25481e-06
4.54518e-05
-1.19594e-06
4.53657e-05
-1.13006e-06
4.52733e-05
-1.05557e-06
4.51831e-05
-9.71443e-07
4.75507e-05
-8.67683e-07
4.13726e-05
-7.74479e-07
3.60361e-05
-6.88935e-07
3.14014e-05
-6.09027e-07
2.73334e-05
-5.33114e-07
2.37451e-05
-4.59294e-07
2.05058e-05
-3.84943e-07
1.75252e-05
-3.09191e-07
1.48155e-05
-2.34069e-07
1.23928e-05
-1.62908e-07
1.01511e-05
-1.00862e-07
8.03375e-06
-5.24467e-08
5.98053e-06
-2.47463e-08
3.3639e-06
-4.45923e-06
9.66763e-06
-6.7416e-06
8.87484e-06
-7.7865e-06
8.12271e-06
-8.78433e-06
7.44641e-06
-9.65728e-06
6.86109e-06
-1.03942e-05
6.3776e-06
-1.09888e-05
6.00225e-06
-1.14387e-05
5.71866e-06
-1.17486e-05
6.83055e-06
1.03972e-05
-3.80185e-06
1.113e-05
-3.19692e-06
1.18561e-05
-2.65026e-06
1.2391e-05
-2.16727e-06
1.23766e-05
-1.75533e-06
1.23089e-05
-1.40685e-06
1.21948e-05
-1.16381e-05
7.85152e-06
-1.14259e-05
9.07184e-06
-1.11064e-05
1.05327e-05
-1.06674e-05
1.22806e-05
-1.00948e-05
1.43553e-05
-9.3799e-06
1.67715e-05
-8.53305e-06
1.95104e-05
-7.59558e-06
2.25349e-05
-6.63089e-06
2.5807e-05
-5.70136e-06
2.93178e-05
-4.84775e-06
3.30865e-05
-4.08868e-06
3.71555e-05
-3.42526e-06
4.15759e-05
-2.84762e-06
4.56685e-05
-2.34926e-06
4.57302e-05
-1.40873e-06
4.56752e-05
-1.35051e-06
4.56068e-05
-1.28699e-06
4.55232e-05
-1.21587e-06
4.54342e-05
-1.13548e-06
4.53478e-05
-1.04433e-06
4.7728e-05
-9.32087e-07
4.15309e-05
-8.30837e-07
3.61787e-05
-7.37758e-07
3.15307e-05
-6.50693e-07
2.74515e-05
-5.67953e-07
2.38543e-05
-4.87475e-07
2.06088e-05
-4.06611e-07
1.7623e-05
-3.24469e-07
1.49063e-05
-2.43365e-07
1.24736e-05
-1.67155e-07
1.02177e-05
-1.01623e-07
8.08319e-06
-6.87717e-08
6.02487e-06
-2.10372e-08
3.38519e-06
-4.0706e-06
1.00097e-05
-6.25057e-06
9.17802e-06
-7.287e-06
8.37665e-06
-8.3047e-06
7.64428e-06
-9.21189e-06
7.00212e-06
-9.9917e-06
6.45961e-06
-1.06363e-05
6.02599e-06
-1.11403e-05
5.70473e-06
-1.15054e-05
5.47631e-06
-1.17383e-05
6.93122e-06
1.07681e-05
-3.43864e-06
1.1523e-05
-2.86245e-06
1.20929e-05
-2.35076e-06
1.21233e-05
-1.91254e-06
1.20953e-05
-1.5404e-06
1.20161e-05
-1.1564e-05
7.99012e-06
-1.12933e-05
9.25912e-06
-1.09161e-05
1.07819e-05
-1.0418e-05
1.26042e-05
-9.78228e-06
1.47582e-05
-9.00304e-06
1.7242e-05
-8.10344e-06
2.00188e-05
-7.13935e-06
2.30439e-05
-6.18041e-06
2.62867e-05
-5.28224e-06
2.97529e-05
-4.47627e-06
3.34747e-05
-3.77048e-06
3.75014e-05
-3.157e-06
4.18859e-05
-2.62528e-06
4.59452e-05
-1.57543e-06
4.58973e-05
-1.51533e-06
4.58405e-05
-1.45246e-06
4.57729e-05
-1.38386e-06
4.56918e-05
-1.30717e-06
4.56065e-05
-1.22016e-06
4.55243e-05
-1.12168e-06
4.79184e-05
-1.00012e-06
4.17009e-05
-8.90167e-07
3.63318e-05
-7.88856e-07
3.16695e-05
-6.93976e-07
2.75782e-05
-6.03694e-07
2.39711e-05
-5.15945e-07
2.07187e-05
-4.27971e-07
1.7727e-05
-3.38894e-07
1.50022e-05
-2.5141e-07
1.25583e-05
-1.69942e-07
1.02863e-05
-1.34924e-07
8.14973e-06
-5.9917e-08
6.06406e-06
-1.72823e-08
3.40273e-06
-3.68158e-06
1.03802e-05
-5.74867e-06
9.50927e-06
-6.76774e-06
8.6601e-06
-7.79795e-06
7.87113e-06
-8.73573e-06
7.16926e-06
-9.55551e-06
6.56696e-06
-1.02478e-05
6.07213e-06
-1.0804e-05
5.69053e-06
-1.12238e-05
5.42389e-06
-1.15121e-05
5.25079e-06
-1.16767e-05
7.04433e-06
1.11636e-05
-3.07803e-06
1.17695e-05
-2.53769e-06
1.18469e-05
-2.07308e-06
1.18611e-05
-1.67701e-06
1.18191e-05
-1.14467e-05
8.14404e-06
-1.11227e-05
9.46622e-06
-1.06924e-05
1.10568e-05
-1.01363e-05
1.29588e-05
-9.43602e-06
1.51916e-05
-8.59404e-06
1.77331e-05
-7.64984e-06
2.05298e-05
-6.6729e-06
2.3537e-05
-5.73272e-06
2.67377e-05
-4.87731e-06
3.01545e-05
-4.12508e-06
3.38299e-05
-3.47192e-06
3.78169e-05
-2.90765e-06
4.21689e-05
-1.75911e-06
4.61294e-05
-1.69359e-06
4.60761e-05
-1.62869e-06
4.60173e-05
-1.56075e-06
4.59504e-05
-1.48676e-06
4.58721e-05
-1.40374e-06
4.57908e-05
-1.30988e-06
4.57133e-05
-1.2033e-06
4.81224e-05
-1.07174e-06
4.18833e-05
-9.5232e-07
3.6496e-05
-8.42055e-07
3.18183e-05
-7.38551e-07
2.77137e-05
-6.40023e-07
2.40958e-05
-5.44301e-07
2.08356e-05
-4.48553e-07
1.78372e-05
-3.51989e-07
1.51033e-05
-2.57692e-07
1.26464e-05
-2.28699e-07
1.03806e-05
-1.20302e-07
8.2105e-06
-5.0393e-08
6.09749e-06
-1.34497e-08
3.41644e-06
-3.29499e-06
1.07782e-05
-5.23914e-06
9.87221e-06
-6.23218e-06
8.97508e-06
-7.26634e-06
8.12975e-06
-8.22994e-06
7.3665e-06
-9.08623e-06
6.70104e-06
-9.82412e-06
6.14421e-06
-1.0431e-05
5.7e-06
-1.09033e-05
5.37078e-06
-1.12457e-05
5.15824e-06
-1.14658e-05
5.04054e-06
-1.15716e-05
7.16954e-06
1.14203e-05
-2.72756e-06
1.15469e-05
-2.23636e-06
1.16057e-05
-1.81638e-06
1.16032e-05
-1.1292e-05
8.31373e-06
-1.09207e-05
9.69488e-06
-1.04395e-05
1.13603e-05
-9.8234e-06
1.33466e-05
-9.05657e-06
1.56546e-05
-8.15487e-06
1.82386e-05
-7.17685e-06
2.10342e-05
-6.20103e-06
2.40058e-05
-5.29462e-06
2.71556e-05
-4.49151e-06
3.05215e-05
-3.79426e-06
3.41528e-05
-3.19392e-06
3.81038e-05
-1.94644e-06
4.23567e-05
-1.88963e-06
4.63259e-05
-1.81899e-06
4.6267e-05
-1.74885e-06
4.6206e-05
-1.67555e-06
4.61398e-05
-1.59537e-06
4.60644e-05
-1.50585e-06
4.59876e-05
-1.40436e-06
4.59152e-05
-1.28907e-06
4.83407e-05
-1.14673e-06
4.20786e-05
-1.01709e-06
3.66719e-05
-8.96984e-07
3.19775e-05
-7.84067e-07
2.78585e-05
-6.7649e-07
2.42287e-05
-5.72006e-07
2.09596e-05
-4.67799e-07
1.79536e-05
-3.63132e-07
1.52092e-05
-3.51022e-07
1.27693e-05
-2.08381e-07
1.04691e-05
-1.04149e-07
8.26466e-06
-4.02871e-08
6.12465e-06
-9.37e-09
3.42607e-06
-2.91873e-06
1.10452e-05
-4.7256e-06
1.02662e-05
-5.68436e-06
9.3258e-06
-6.71207e-06
8.42211e-06
-7.69571e-06
7.59671e-06
-8.58482e-06
6.86618e-06
-9.36567e-06
6.24359e-06
-1.00219e-05
5.73606e-06
-1.05457e-05
5.34331e-06
-1.09397e-05
5.06552e-06
-1.12126e-05
4.9057e-06
-1.13737e-05
4.8433e-06
-1.14289e-05
7.30676e-06
1.12228e-05
-2.40223e-06
1.13286e-05
-1.958e-06
1.13678e-05
-1.11069e-05
8.50033e-06
-1.06922e-05
9.94796e-06
-1.01592e-05
1.16965e-05
-9.47954e-06
1.377e-05
-8.64396e-06
1.61442e-05
-7.68776e-06
1.875e-05
-6.68825e-06
2.15219e-05
-5.73152e-06
2.44431e-05
-4.87274e-06
2.75373e-05
-4.12603e-06
3.08538e-05
-3.48547e-06
3.44449e-05
-2.13558e-06
3.82933e-05
-2.08898e-06
4.25565e-05
-2.02775e-06
4.65353e-05
-1.95157e-06
4.64703e-05
-1.87593e-06
4.6407e-05
-1.79642e-06
4.63415e-05
-1.70995e-06
4.62692e-05
-1.61313e-06
4.61971e-05
-1.50344e-06
4.61304e-05
-1.37873e-06
4.85737e-05
-1.22483e-06
4.22873e-05
-1.08403e-06
3.68598e-05
-9.53243e-07
3.21475e-05
-8.30017e-07
2.80128e-05
-7.12486e-07
2.43699e-05
-5.98431e-07
2.1091e-05
-4.84977e-07
1.80761e-05
-4.99402e-07
1.53584e-05
-3.25626e-07
1.28872e-05
-1.85542e-07
1.0551e-05
-8.66266e-08
8.3114e-06
-2.94955e-08
6.1451e-06
-5.06497e-09
3.4314e-06
-2.56929e-06
1.08745e-05
-4.21876e-06
1.05399e-05
-5.12903e-06
9.71234e-06
-6.13873e-06
8.75379e-06
-7.13525e-06
7.86286e-06
-8.05237e-06
7.06538e-06
-8.87297e-06
6.3745e-06
-9.57723e-06
5.79981e-06
-1.01522e-05
5.34333e-06
-1.05967e-05
5.00112e-06
-1.09189e-05
4.77255e-06
-1.11307e-05
4.66337e-06
-1.12421e-05
4.6571e-06
-1.12561e-05
7.45628e-06
1.10291e-05
-2.1016e-06
1.11125e-05
-1.08975e-05
8.70597e-06
-1.04405e-05
1.02297e-05
-9.85281e-06
1.20702e-05
-9.10383e-06
1.42302e-05
-8.19757e-06
1.66544e-05
-7.1939e-06
1.92561e-05
-6.1918e-06
2.19826e-05
-5.27275e-06
2.48436e-05
-4.46986e-06
2.78816e-05
-3.78369e-06
3.11524e-05
-2.32715e-06
3.46368e-05
-2.28943e-06
3.84942e-05
-2.23925e-06
4.27685e-05
-2.17328e-06
4.67576e-05
-2.09137e-06
4.66864e-05
-2.00938e-06
4.66207e-05
-1.92361e-06
4.6556e-05
-1.83e-06
4.64869e-05
-1.72533e-06
4.64199e-05
-1.60673e-06
4.63594e-05
-1.47191e-06
4.88219e-05
-1.30548e-06
4.25098e-05
-1.15265e-06
3.70602e-05
-1.01023e-06
3.23287e-05
-8.75701e-07
2.81768e-05
-7.47305e-07
2.45196e-05
-6.22738e-07
2.12295e-05
-6.71703e-07
1.82493e-05
-4.69649e-07
1.55032e-05
-2.96756e-07
1.2999e-05
-1.60341e-07
1.06253e-05
-6.77244e-08
8.35003e-06
-1.80287e-08
6.15839e-06
-2.31004e-10
3.43189e-06
-2.24626e-06
1.07072e-05
-3.74176e-06
1.0399e-05
-4.57903e-06
9.9914e-06
-5.55075e-06
9.12572e-06
-6.55132e-06
8.17111e-06
-7.49027e-06
7.3019e-06
-8.34669e-06
6.54015e-06
-9.09724e-06
5.89547e-06
-9.72305e-06
5.37156e-06
-1.02183e-05
4.96572e-06
-1.05887e-05
4.67164e-06
-1.08465e-05
4.48899e-06
-1.10061e-05
4.42796e-06
-1.10777e-05
4.47926e-06
-1.10598e-05
7.61894e-06
1.0837e-05
-1.06682e-05
8.93398e-06
-1.01688e-05
1.0546e-05
-9.51998e-06
1.24867e-05
-8.69346e-06
1.47265e-05
-7.7147e-06
1.71755e-05
-6.67923e-06
1.97439e-05
-5.69705e-06
2.24073e-05
-4.82955e-06
2.52037e-05
-4.09052e-06
2.81888e-05
-2.52176e-06
3.13474e-05
-2.49135e-06
3.48391e-05
-2.45083e-06
3.87062e-05
-2.39689e-06
4.29927e-05
-2.32611e-06
4.6993e-05
-2.23765e-06
4.69154e-05
-2.14934e-06
4.68472e-05
-2.05647e-06
4.67833e-05
-1.95518e-06
4.67177e-05
-1.84194e-06
4.66561e-05
-1.71375e-06
4.66022e-05
-1.56786e-06
4.90854e-05
-1.38806e-06
4.27463e-05
-1.22223e-06
3.72732e-05
-1.06712e-06
3.25211e-05
-9.20307e-07
2.83508e-05
-7.79971e-07
2.46777e-05
-8.66972e-07
2.14258e-05
-6.38058e-07
1.84186e-05
-4.35554e-07
1.56427e-05
-2.64491e-07
1.31038e-05
-1.32829e-07
1.06909e-05
-4.74745e-08
8.37989e-06
-5.81962e-09
6.16431e-06
4.8896e-09
3.42727e-06
1.05405e-05
-3.29482e-06
1.02617e-05
-4.06032e-06
9.88171e-06
-4.96216e-06
9.40418e-06
-5.94698e-06
8.52266e-06
-6.90098e-06
7.583e-06
-7.78807e-06
6.74436e-06
-8.58216e-06
6.02605e-06
-9.25851e-06
5.43182e-06
-9.80524e-06
4.95928e-06
-1.02242e-05
4.602e-06
-1.0527e-05
4.35277e-06
-1.07289e-05
4.21244e-06
-1.08459e-05
4.19677e-06
-1.08863e-05
4.30622e-06
-1.08454e-05
7.79641e-06
-1.04242e-05
9.18961e-06
-9.87906e-06
1.09054e-05
-9.15774e-06
1.29513e-05
-8.2417e-06
1.52538e-05
-7.19682e-06
1.76935e-05
-6.15279e-06
2.02e-05
-5.21094e-06
2.27891e-05
-4.40897e-06
2.55225e-05
-2.72031e-06
2.83876e-05
-2.69508e-06
3.15514e-05
-2.66256e-06
3.50512e-05
-2.61919e-06
3.8929e-05
-2.56156e-06
4.32287e-05
-2.48525e-06
4.72413e-05
-2.39044e-06
4.71572e-05
-2.295e-06
4.70866e-05
-2.19451e-06
4.70235e-05
-2.08483e-06
4.69615e-05
-1.96235e-06
4.69057e-05
-1.82359e-06
4.68591e-05
-1.66581e-06
4.93645e-05
-1.47166e-06
4.29969e-05
-1.29175e-06
3.7499e-05
-1.12294e-06
3.27248e-05
-9.62669e-07
2.85345e-05
-1.09026e-06
2.49022e-05
-8.29686e-07
2.16186e-05
-5.99182e-07
1.85832e-05
-3.97065e-07
1.57761e-05
-2.28906e-07
1.32006e-05
-1.03069e-07
1.0747e-05
-2.59701e-08
8.40046e-06
7.00818e-09
6.16252e-06
1.01777e-08
3.41735e-06
1.01255e-05
-3.57425e-06
9.77704e-06
-4.40181e-06
9.32269e-06
-5.33554e-06
8.79404e-06
-6.28758e-06
7.91046e-06
-7.19818e-06
6.99421e-06
-8.03234e-06
6.19555e-06
-8.75851e-06
5.52697e-06
-9.3578e-06
4.98522e-06
-9.82679e-06
4.56259e-06
-1.01745e-05
4.25024e-06
-1.04164e-05
4.04092e-06
-1.05713e-05
3.93838e-06
-1.06533e-05
3.96429e-06
-1.06748e-05
4.13606e-06
-1.0619e-05
7.99152e-06
-1.01704e-05
9.48124e-06
-9.57132e-06
1.13193e-05
-8.75705e-06
1.34669e-05
-7.74376e-06
1.5801e-05
-6.64903e-06
1.819e-05
-5.6229e-06
2.06122e-05
-4.74395e-06
2.31244e-05
-2.9243e-06
2.57267e-05
-2.90114e-06
2.8594e-05
-2.87436e-06
3.17636e-05
-2.83985e-06
3.52723e-05
-2.7939e-06
3.91619e-05
-2.73197e-06
4.34761e-05
-2.65055e-06
4.75022e-05
-2.54868e-06
4.74118e-05
-2.44569e-06
4.73386e-05
-2.33691e-06
4.72765e-05
-2.21818e-06
4.72184e-05
-2.08544e-06
4.71687e-05
-1.93527e-06
4.71298e-05
-1.7646e-06
4.96588e-05
-1.55504e-06
4.32615e-05
-1.36003e-06
3.77373e-05
-1.17627e-06
3.29395e-05
-1.34978e-06
2.87955e-05
-1.04927e-06
2.51231e-05
-7.86143e-07
2.18067e-05
-5.54946e-07
1.87421e-05
-3.54276e-07
1.59023e-05
-1.90076e-07
1.32883e-05
-7.11833e-08
1.07927e-05
-3.43819e-09
8.41133e-06
2.03188e-08
6.15272e-06
1.5237e-08
3.40238e-06
9.67369e-06
-3.87335e-06
9.24987e-06
-4.74709e-06
8.7355e-06
-5.66313e-06
8.1708e-06
-6.58008e-06
7.29349e-06
-7.44865e-06
6.41156e-06
-8.22275e-06
5.66074e-06
-8.87555e-06
5.04558e-06
-9.39671e-06
4.55592e-06
-9.7913e-06
4.18011e-06
-1.00735e-05
3.90797e-06
-1.02634e-05
3.73361e-06
-1.03776e-05
3.66328e-06
-1.04361e-05
3.72613e-06
-1.04467e-05
3.96424e-06
-1.03877e-05
8.20902e-06
-9.91228e-06
9.82246e-06
-9.23913e-06
1.18016e-05
-8.30707e-06
1.40305e-05
-7.19665e-06
1.63489e-05
-6.07817e-06
1.86456e-05
-5.10388e-06
2.09725e-05
-3.13627e-06
2.33366e-05
-3.11062e-06
2.59365e-05
-3.0863e-06
2.88063e-05
-3.05829e-06
3.19824e-05
-3.02226e-06
3.55012e-05
-2.97326e-06
3.94038e-05
-2.9077e-06
4.3734e-05
-2.8206e-06
4.77749e-05
-2.71145e-06
4.76784e-05
-2.60035e-06
4.76031e-05
-2.48268e-06
4.75421e-05
-2.35388e-06
4.7488e-05
-2.21002e-06
4.74446e-05
-2.04741e-06
4.74139e-05
-1.86271e-06
4.9968e-05
-1.63675e-06
4.35396e-05
-1.42535e-06
3.79877e-05
-1.65246e-06
3.32439e-05
-1.30418e-06
2.90519e-05
-1.00076e-06
2.53391e-05
-7.36251e-07
2.19892e-05
-5.05448e-07
1.88943e-05
-3.07284e-07
1.60204e-05
-1.48128e-07
1.33659e-05
-3.74724e-08
1.08273e-05
1.99363e-08
8.41214e-06
3.36267e-08
6.13466e-06
2.00819e-08
3.38256e-06
9.18062e-06
-4.18591e-06
8.6899e-06
-5.05802e-06
8.13157e-06
-5.94641e-06
7.53827e-06
-6.83233e-06
6.67823e-06
-7.65108e-06
5.84085e-06
-8.3578e-06
5.14388e-06
-8.93368e-06
4.58336e-06
-9.37807e-06
4.14343e-06
-9.70298e-06
3.81022e-06
-9.92699e-06
3.57215e-06
-1.00708e-05
3.42735e-06
-1.01548e-05
3.38246e-06
-1.01975e-05
3.47737e-06
-1.02088e-05
3.78576e-06
-1.016e-05
8.457e-06
-9.65219e-06
1.02358e-05
-8.87045e-06
1.23653e-05
-7.79455e-06
1.46287e-05
-6.5999e-06
1.68709e-05
-5.50133e-06
1.90433e-05
-3.3609e-06
2.11973e-05
-3.32549e-06
2.35517e-05
-3.2989e-06
2.61494e-05
-3.27404e-06
2.90224e-05
-3.24554e-06
3.22062e-05
-3.20769e-06
3.57362e-05
-3.15656e-06
3.96533e-05
-3.08696e-06
4.40011e-05
-2.99417e-06
4.80585e-05
-2.87741e-06
4.79564e-05
-2.75773e-06
4.78791e-05
-2.6302e-06
4.78195e-05
-2.49051e-06
4.77697e-05
-2.33448e-06
4.7733e-05
-2.1582e-06
4.77108e-05
-1.95836e-06
5.02912e-05
-1.71468e-06
4.38305e-05
-2.00379e-06
3.8341e-05
-1.60027e-06
3.35418e-05
-1.24948e-06
2.93022e-05
-9.44668e-07
2.55489e-05
-6.80084e-07
2.2165e-05
-4.50824e-07
1.90389e-05
-2.56221e-07
1.61293e-05
-1.03354e-07
1.34325e-05
-2.24091e-09
1.085e-05
4.37894e-08
8.4024e-06
4.67591e-08
6.10832e-06
2.47314e-08
3.35809e-06
8.65129e-06
-4.47638e-06
8.10941e-06
-5.32813e-06
7.51441e-06
-6.19533e-06
6.90235e-06
-7.04374e-06
6.07189e-06
-7.8035e-06
5.28746e-06
-8.43659e-06
4.64762e-06
-8.9346e-06
4.14064e-06
-9.30549e-06
3.74662e-06
-9.56669e-06
3.45053e-06
-9.73917e-06
3.24105e-06
-9.84546e-06
3.11849e-06
-9.90578e-06
3.09118e-06
-9.94188e-06
3.2109e-06
-9.96287e-06
3.58896e-06
-9.94562e-06
8.75065e-06
-9.39403e-06
1.07596e-05
-8.4392e-06
1.30102e-05
-7.21169e-06
1.52407e-05
-5.96331e-06
1.73332e-05
-3.6068e-06
1.92894e-05
-3.54959e-06
2.14216e-05
-3.51339e-06
2.37664e-05
-3.48697e-06
2.63627e-05
-3.46263e-06
2.92399e-05
-3.43354e-06
3.24325e-05
-3.39508e-06
3.59753e-05
-3.34158e-06
3.99086e-05
-3.26813e-06
4.42759e-05
-3.16954e-06
4.83516e-05
-3.04498e-06
4.82447e-05
-2.91591e-06
4.8166e-05
-2.77779e-06
4.8108e-05
-2.62616e-06
4.80627e-05
-2.45669e-06
4.80329e-05
-2.26558e-06
4.80196e-05
-2.04907e-06
5.06273e-05
-2.4094e-06
4.42384e-05
-1.94199e-06
3.86848e-05
-1.53705e-06
3.38311e-05
-1.18558e-06
2.95447e-05
-8.81024e-07
2.57513e-05
-6.17793e-07
2.23333e-05
-3.91229e-07
1.91749e-05
-2.01364e-07
1.62282e-05
-5.60865e-08
1.3487e-05
3.42326e-08
1.08602e-05
6.77698e-08
8.38182e-06
5.96267e-08
6.07376e-06
2.91489e-08
3.3292e-06
8.09814e-06
-4.73049e-06
7.51284e-06
-5.56887e-06
6.88899e-06
-6.41136e-06
6.27098e-06
-7.21179e-06
5.48111e-06
-7.90381e-06
4.75553e-06
-8.45961e-06
4.17341e-06
-8.88111e-06
3.71697e-06
-9.18316e-06
3.36373e-06
-9.38658e-06
3.09852e-06
-9.51502e-06
2.91114e-06
-9.58948e-06
2.80266e-06
-9.63202e-06
2.78175e-06
-9.67059e-06
2.91901e-06
-9.71282e-06
3.35652e-06
-9.76493e-06
9.12175e-06
-9.13453e-06
1.14551e-05
-7.91431e-06
1.3713e-05
-6.56019e-06
1.58378e-05
-3.88649e-06
1.7613e-05
-3.79002e-06
1.953e-05
-3.73198e-06
2.16405e-05
-3.69741e-06
2.39772e-05
-3.67267e-06
2.65731e-05
-3.64906e-06
2.94558e-05
-3.62092e-06
3.26589e-05
-3.58181e-06
3.62161e-05
-3.52635e-06
4.01675e-05
-3.44914e-06
4.45564e-05
-3.34478e-06
4.86525e-05
-3.21187e-06
4.85418e-05
-3.07287e-06
4.84623e-05
-2.92322e-06
4.84064e-05
-2.7584e-06
4.83658e-05
-2.57429e-06
4.83432e-05
-2.36666e-06
4.83388e-05
-2.87481e-06
5.10953e-05
-2.33373e-06
4.46324e-05
-1.86697e-06
3.90168e-05
-1.46274e-06
3.41102e-05
-1.11254e-06
2.97779e-05
-8.09981e-07
2.5945e-05
-5.4953e-07
2.24929e-05
-3.26962e-07
1.93016e-05
-1.43029e-07
1.63161e-05
-6.63755e-09
1.35286e-05
7.14062e-08
1.08571e-05
9.16657e-08
8.35021e-06
7.20983e-08
6.03114e-06
3.33564e-08
3.2961e-06
7.52644e-06
-4.95831e-06
6.90329e-06
-5.78357e-06
6.26218e-06
-6.59132e-06
5.65145e-06
-7.33332e-06
4.91149e-06
-7.951e-06
4.24771e-06
-8.4286e-06
3.72162e-06
-8.77685e-06
3.31131e-06
-9.01589e-06
2.99365e-06
-9.16826e-06
2.75229e-06
-9.25684e-06
2.57899e-06
-9.30622e-06
2.4773e-06
-9.33669e-06
2.44824e-06
-9.38678e-06
2.59333e-06
-9.4563e-06
3.04821e-06
-9.66593e-06
9.65333e-06
-8.81879e-06
1.23598e-05
-7.38435e-06
1.45374e-05
-4.22736e-06
1.61788e-05
-4.05067e-06
1.78739e-05
-3.95735e-06
1.97556e-05
-3.90526e-06
2.18486e-05
-3.87482e-06
2.41797e-05
-3.85237e-06
2.67768e-05
-3.83169e-06
2.96671e-05
-3.8047e-06
3.28823e-05
-3.76559e-06
3.6456e-05
-3.70845e-06
4.04277e-05
-3.62769e-06
4.48402e-05
-3.51718e-06
4.89589e-05
-3.37571e-06
4.88459e-05
-3.22604e-06
4.87664e-05
-3.06372e-06
4.87132e-05
-2.88456e-06
4.86776e-05
-2.68404e-06
4.86623e-05
-3.31373e-06
4.87802e-05
-2.77967e-06
5.1544e-05
-2.24257e-06
4.50104e-05
-1.77881e-06
3.9335e-05
-1.37749e-06
3.4377e-05
-1.03056e-06
3.00002e-05
-7.31695e-07
2.61286e-05
-4.75618e-07
2.26428e-05
-2.58327e-07
1.94181e-05
-8.1586e-08
1.63919e-05
4.45297e-08
1.35562e-05
1.08969e-07
1.08403e-05
1.15211e-07
8.30752e-06
8.40883e-08
5.98074e-06
3.72353e-08
3.25911e-06
6.93806e-06
-5.16629e-06
6.28696e-06
-5.97031e-06
5.64209e-06
-6.73199e-06
5.05101e-06
-7.40595e-06
4.36725e-06
-7.94559e-06
3.76545e-06
-8.34638e-06
3.29182e-06
-8.62606e-06
2.9221e-06
-8.80715e-06
2.63309e-06
-8.9138e-06
2.40976e-06
-8.96995e-06
2.24318e-06
-8.99723e-06
2.13825e-06
-9.01947e-06
2.08131e-06
-9.08121e-06
2.21857e-06
-9.18054e-06
2.56312e-06
-9.59517e-06
1.04299e-05
-8.45314e-06
1.34287e-05
-4.63864e-06
1.49488e-05
-4.31131e-06
1.64396e-05
-4.17801e-06
1.80947e-05
-4.10483e-06
1.99554e-05
-4.06512e-06
2.20392e-05
-4.04078e-06
2.43684e-05
-4.02455e-06
2.69701e-05
-4.00692e-06
2.98698e-05
-3.9824e-06
3.30997e-05
-3.94375e-06
3.6692e-05
-3.88532e-06
4.06861e-05
-3.80075e-06
4.51248e-05
-3.68404e-06
4.92685e-05
-3.5336e-06
4.91548e-05
-3.37232e-06
4.90765e-05
-3.1963e-06
4.90265e-05
-3.00102e-06
4.89963e-05
-3.74929e-06
4.91003e-05
-3.19685e-06
4.91999e-05
-2.66688e-06
5.1971e-05
-2.13629e-06
4.53704e-05
-1.67791e-06
3.96376e-05
-1.28169e-06
3.46302e-05
-9.3989e-07
3.02102e-05
-6.46571e-07
2.63012e-05
-3.96345e-07
2.27822e-05
-1.85715e-07
1.95233e-05
-1.74354e-08
1.64548e-05
9.69532e-08
1.3569e-05
1.46537e-07
1.08096e-05
1.38151e-07
8.25389e-06
9.53969e-08
5.9229e-06
4.08926e-08
3.21846e-06
6.3377e-06
-5.35351e-06
5.67105e-06
-6.12561e-06
5.03657e-06
-6.82961e-06
4.47549e-06
-7.42869e-06
3.85111e-06
-7.8893e-06
3.30905e-06
-8.21674e-06
2.88312e-06
-8.43308e-06
2.5486e-06
-8.56274e-06
2.28254e-06
-8.62931e-06
2.06958e-06
-8.65426e-06
1.90063e-06
-8.66097e-06
1.78013e-06
-8.67186e-06
1.67231e-06
-8.74402e-06
1.78237e-06
-8.69436e-06
1.6626e-06
-1.03904e-05
1.23673e-05
-4.71504e-06
1.35052e-05
-4.42929e-06
1.50669e-05
-4.32849e-06
1.65903e-05
-4.26863e-06
1.82587e-05
-4.23013e-06
2.01207e-05
-4.20712e-06
2.22058e-05
-4.19443e-06
2.45387e-05
-4.18468e-06
2.71483e-05
-4.17284e-06
3.00608e-05
-4.15099e-06
3.33076e-05
-4.11368e-06
3.69212e-05
-4.05375e-06
4.09401e-05
-3.9654e-06
4.54073e-05
-3.84217e-06
4.95784e-05
-3.6821e-06
4.9466e-05
-3.50841e-06
4.93901e-05
-3.31702e-06
4.93441e-05
-4.18077e-06
4.94302e-05
-3.60739e-06
4.95134e-05
-3.06069e-06
4.95964e-05
-2.53715e-06
5.23747e-05
-2.01554e-06
4.57106e-05
-1.56486e-06
3.99231e-05
-1.17573e-06
3.4868e-05
-8.41097e-07
3.04065e-05
-5.54935e-07
2.64614e-05
-3.12147e-07
2.29101e-05
-1.0957e-07
1.96167e-05
4.89503e-08
1.65038e-05
1.50189e-07
1.35661e-05
1.83689e-07
1.07646e-05
1.60166e-07
8.18954e-06
1.06028e-07
5.85809e-06
4.40154e-08
3.17468e-06
5.73169e-06
-5.51779e-06
5.06406e-06
-6.24516e-06
4.45292e-06
-6.88172e-06
3.92929e-06
-7.40202e-06
3.36455e-06
-7.78524e-06
2.8782e-06
-8.04382e-06
2.49444e-06
-8.20197e-06
2.18835e-06
-8.28433e-06
1.93804e-06
-8.31317e-06
1.72891e-06
-8.30906e-06
1.54911e-06
-8.29016e-06
1.39878e-06
-8.2765e-06
1.2051e-06
-8.21123e-06
1.29953e-06
-8.72756e-06
1.13995e-05
-3.74715e-06
-3.95901e-06
1.30351e-05
-4.17461e-06
1.49132e-05
-4.28105e-06
1.66029e-05
-4.31449e-06
1.83433e-05
-4.32457e-06
2.02384e-05
-4.32963e-06
2.23414e-05
-4.33323e-06
2.46876e-05
-4.33311e-06
2.7309e-05
-4.3263e-06
3.02367e-05
-4.30858e-06
3.35032e-05
-4.27195e-06
3.71402e-05
-4.21088e-06
4.11866e-05
-4.11831e-06
4.56847e-05
-3.98791e-06
4.98856e-05
-3.81771e-06
4.97768e-05
-3.63013e-06
4.97049e-05
-4.60658e-06
4.97724e-05
-4.01014e-06
4.98355e-05
-3.44499e-06
4.99003e-05
-2.90632e-06
4.99682e-05
-2.39149e-06
5.27536e-05
-1.88123e-06
4.60295e-05
-1.44028e-06
4.019e-05
-1.0604e-06
3.50894e-05
-7.34625e-07
3.05881e-05
-4.57347e-07
2.66082e-05
-2.23505e-07
2.30254e-05
-3.03291e-08
1.96972e-05
1.17141e-07
1.65378e-05
2.03699e-07
1.35468e-05
2.19947e-07
1.07054e-05
1.81083e-07
8.1149e-06
1.15626e-07
5.78679e-06
4.66984e-08
5.12789e-06
-5.65437e-06
4.47405e-06
-6.32494e-06
3.8969e-06
-6.88707e-06
3.41506e-06
-7.32773e-06
2.9077e-06
-7.63678e-06
2.47177e-06
-7.83109e-06
2.1241e-06
-7.93665e-06
1.84116e-06
-7.97547e-06
1.60079e-06
-7.96762e-06
1.38787e-06
-7.92811e-06
1.18742e-06
-7.86391e-06
9.86518e-07
-7.69153e-06
6.85689e-07
-7.42777e-06
1.0494e-05
-3.05343e-06
2.17724e-05
-3.45734e-06
1.2318e-05
-3.87592e-06
1.45083e-05
-4.14677e-06
1.64354e-05
-4.29643e-06
1.83155e-05
-4.37975e-06
2.02889e-05
-4.42685e-06
2.24354e-05
-4.45255e-06
2.48075e-05
-4.46744e-06
2.74507e-05
-4.46769e-06
3.03964e-05
-4.4515e-06
3.36835e-05
-4.41687e-06
3.73471e-05
-4.35321e-06
4.14225e-05
-4.25578e-06
4.59538e-05
-4.1177e-06
5.01872e-05
-3.93615e-06
5.00845e-05
-5.02301e-06
5.01238e-05
-4.40281e-06
5.01676e-05
-3.81827e-06
5.02114e-05
-3.26353e-06
5.02602e-05
-2.73504e-06
5.03145e-05
-2.23107e-06
5.31065e-05
-1.73416e-06
4.63261e-05
-1.3052e-06
4.04372e-05
-9.36303e-07
3.52933e-05
-6.21216e-07
3.07539e-05
-3.54401e-07
2.67408e-05
-1.30944e-07
2.31275e-05
5.15466e-08
1.9764e-05
1.86574e-07
1.65559e-05
2.56865e-07
1.35106e-05
2.54964e-07
1.06321e-05
2.00476e-07
8.03047e-06
1.24123e-07
4.53477e-06
-5.75858e-06
3.90842e-06
-6.36233e-06
3.37286e-06
-6.84618e-06
2.93418e-06
-7.20867e-06
2.48021e-06
-7.44796e-06
2.0892e-06
-7.58375e-06
1.77171e-06
-7.63909e-06
1.50524e-06
-7.63442e-06
1.26801e-06
-7.58555e-06
1.04569e-06
-7.4889e-06
8.12759e-07
-7.26021e-06
5.55507e-07
-6.74181e-06
9.60946e-06
-2.57265e-06
1.95618e-05
-3.04605e-06
1.14883e-05
-3.5342e-06
1.38959e-05
-3.94389e-06
1.60831e-05
-4.21738e-06
1.81534e-05
-4.38615e-06
2.02485e-05
-4.48777e-06
2.2471e-05
-4.54919e-06
2.48897e-05
-4.5812e-06
2.75648e-05
-4.59238e-06
3.05379e-05
-4.5804e-06
3.38478e-05
-4.54316e-06
3.7538e-05
-4.47759e-06
4.16455e-05
-4.37425e-06
4.62118e-05
-4.22744e-06
5.04801e-05
-5.42311e-06
5.04871e-05
-4.78102e-06
5.05045e-05
-4.17777e-06
5.05297e-05
-3.60697e-06
5.05575e-05
-3.06459e-06
5.05925e-05
-2.54828e-06
5.06346e-05
-2.05693e-06
5.34323e-05
-1.57563e-06
4.65993e-05
-1.16037e-06
4.06638e-05
-8.04374e-07
3.54787e-05
-5.01627e-07
3.09031e-05
-2.46766e-07
2.68584e-05
-3.50398e-08
2.32156e-05
1.35542e-07
1.98163e-05
2.56608e-07
1.65572e-05
3.09199e-07
1.34571e-05
2.88091e-07
1.0545e-05
2.18096e-07
3.9608e-06
-5.82624e-06
3.37301e-06
-6.35604e-06
2.88336e-06
-6.76061e-06
2.48675e-06
-7.04802e-06
2.08085e-06
-7.22187e-06
1.72784e-06
-7.30187e-06
1.43497e-06
-7.30916e-06
1.18041e-06
-7.25775e-06
9.40589e-07
-7.14368e-06
7.00817e-07
-6.87811e-06
4.30967e-07
-6.18603e-06
8.85065e-06
-2.28711e-06
1.81372e-05
-2.70923e-06
1.06635e-05
-3.2218e-06
1.3174e-05
-3.71581e-06
1.55818e-05
-4.09067e-06
1.78582e-05
-4.34497e-06
2.01061e-05
-4.50988e-06
2.24321e-05
-4.61336e-06
2.49224e-05
-4.67234e-06
2.76453e-05
-4.69558e-06
3.06538e-05
-4.68999e-06
3.39955e-05
-4.65116e-06
3.77126e-05
-4.57946e-06
4.1852e-05
-4.47048e-06
4.64564e-05
-5.79543e-06
5.08549e-05
-5.13747e-06
5.08461e-05
-4.51882e-06
5.08482e-05
-3.93365e-06
5.08591e-05
-3.37816e-06
5.08738e-05
-2.84983e-06
5.08969e-05
-2.34723e-06
5.09278e-05
-1.87058e-06
5.37305e-05
-1.40652e-06
4.68483e-05
-1.00693e-06
4.08689e-05
-6.6554e-07
3.56449e-05
-3.76693e-07
3.1035e-05
-1.35153e-07
2.69603e-05
6.36667e-08
2.32891e-05
2.2101e-07
1.98532e-05
3.26712e-07
1.65407e-05
3.59822e-07
1.33862e-05
3.1892e-07
3.41345e-06
-5.85444e-06
2.87205e-06
-6.3062e-06
2.42956e-06
-6.63274e-06
2.07206e-06
-6.84897e-06
1.70848e-06
-6.96141e-06
1.38786e-06
-6.98777e-06
1.11402e-06
-6.942e-06
8.65055e-07
-6.82096e-06
6.1822e-07
-6.53555e-06
3.58584e-07
-5.75477e-06
8.28671e-06
-2.14515e-06
1.73292e-05
-2.48814e-06
9.92998e-06
-2.97452e-06
1.24329e-05
-3.49257e-06
1.4984e-05
-3.93403e-06
1.74476e-05
-4.26461e-06
1.98612e-05
-4.49509e-06
2.23143e-05
-4.64472e-06
2.48953e-05
-4.73452e-06
2.76849e-05
-4.77629e-06
3.07409e-05
-4.77569e-06
3.4121e-05
-4.73854e-06
3.78728e-05
-4.65987e-06
4.20427e-05
-6.09712e-06
4.67603e-05
-5.46153e-06
5.11814e-05
-4.83434e-06
5.11641e-05
-4.23883e-06
5.1156e-05
-3.67268e-06
5.11563e-05
-3.13365e-06
5.11605e-05
-2.62058e-06
5.11732e-05
-2.13358e-06
5.11938e-05
-1.67302e-06
5.40002e-05
-1.22814e-06
4.70725e-05
-8.45955e-07
4.10519e-05
-5.20796e-07
3.57913e-05
-2.47287e-07
3.11493e-05
-2.04349e-08
2.70462e-05
1.64503e-07
2.33472e-05
3.0737e-07
1.98738e-05
3.9594e-07
1.65056e-05
4.081e-07
2.89866e-06
-5.84154e-06
2.40798e-06
-6.21398e-06
2.01137e-06
-6.46517e-06
1.6888e-06
-6.61386e-06
1.36144e-06
-6.66747e-06
1.068e-06
-6.63526e-06
8.07689e-07
-6.51553e-06
5.59988e-07
-6.22243e-06
3.05426e-07
-5.39589e-06
7.93239e-06
-2.13366e-06
1.69594e-05
-2.38297e-06
9.33862e-06
-2.79921e-06
1.17398e-05
-3.28925e-06
1.43395e-05
-3.76368e-06
1.6947e-05
-4.15661e-06
1.95231e-05
-4.44731e-06
2.21174e-05
-4.6456e-06
2.4807e-05
-4.76789e-06
2.76772e-05
-4.82891e-06
3.0795e-05
-4.83779e-06
3.42212e-05
-4.79909e-06
3.80132e-05
-6.33205e-06
4.22796e-05
-5.71851e-06
4.70195e-05
-5.11462e-06
5.14643e-05
-4.51594e-06
5.14439e-05
-3.94381e-06
5.14299e-05
-3.39667e-06
5.14222e-05
-2.87486e-06
5.14177e-05
-2.37871e-06
5.14213e-05
-1.90841e-06
5.14323e-05
-1.4657e-06
5.42411e-05
-1.04171e-06
4.72712e-05
-6.78584e-07
4.12124e-05
-3.7116e-07
3.59176e-05
-1.14389e-07
3.12454e-05
9.69073e-08
2.71157e-05
2.66644e-07
2.33895e-05
3.93724e-07
1.98774e-05
4.63538e-07
2.4207e-06
-5.78722e-06
1.98176e-06
-6.08107e-06
1.62781e-06
-6.25968e-06
1.33512e-06
-6.34316e-06
1.03759e-06
-6.33366e-06
7.66824e-07
-6.22296e-06
5.15503e-07
-5.93199e-06
2.69893e-07
-5.09016e-06
7.76596e-06
-2.21639e-06
1.6847e-05
-2.38485e-06
8.92446e-06
-2.67097e-06
1.11218e-05
-3.12225e-06
1.36984e-05
-3.60251e-06
1.63933e-05
-4.03433e-06
1.91106e-05
-4.37406e-06
2.18464e-05
-4.61754e-06
2.46573e-05
-4.77267e-06
2.76217e-05
-4.85373e-06
3.08118e-05
-4.87136e-06
3.42946e-05
-6.48452e-06
3.81674e-05
-5.90735e-06
4.24704e-05
-5.33576e-06
4.72429e-05
-4.75714e-06
5.1708e-05
-4.18634e-06
5.16891e-05
-3.63468e-06
5.16706e-05
-3.10707e-06
5.16573e-05
-2.60388e-06
5.16458e-05
-2.12527e-06
5.16412e-05
-1.67323e-06
5.1643e-05
-1.24993e-06
5.44528e-05
-8.48489e-07
4.74442e-05
-5.05975e-07
4.135e-05
-2.17761e-07
3.60234e-05
2.11429e-08
3.13233e-05
2.15655e-07
2.71686e-05
3.69193e-07
2.34157e-05
4.7929e-07
1.98189e-06
-5.69196e-06
1.59316e-06
-5.9087e-06
1.27732e-06
-6.01681e-06
1.00925e-06
-6.03317e-06
7.37543e-07
-5.93959e-06
4.83844e-07
-5.65887e-06
2.42735e-07
-4.81996e-06
7.75276e-06
-2.37147e-06
1.68788e-05
-2.4269e-06
8.6806e-06
-2.61174e-06
1.06116e-05
-3.01524e-06
1.31114e-05
-3.47242e-06
1.58318e-05
-3.91112e-06
1.86481e-05
-4.28405e-06
2.15134e-05
-4.56419e-06
2.44494e-05
-4.75071e-06
2.75194e-05
-4.85011e-06
3.07914e-05
-6.53799e-06
3.43495e-05
-6.01557e-06
3.82773e-05
-5.48173e-06
4.26183e-05
-4.93939e-06
4.74274e-05
-4.39394e-06
5.19182e-05
-3.84211e-06
5.18993e-05
-3.31336e-06
5.18798e-05
-2.80647e-06
5.18628e-05
-2.32158e-06
5.18452e-05
-1.86181e-06
5.1833e-05
-1.42942e-06
5.18258e-05
-1.02709e-06
5.4635e-05
-6.49759e-07
4.75912e-05
-3.29407e-07
4.14645e-05
-6.16679e-08
3.61088e-05
1.58221e-07
3.1383e-05
3.34921e-07
2.72049e-05
4.71277e-07
1.5832e-06
-5.55604e-06
1.24099e-06
-5.69711e-06
9.5807e-07
-5.73364e-06
7.10156e-07
-5.66152e-06
4.59875e-07
-5.39759e-06
2.22926e-07
-4.5769e-06
7.86382e-06
-2.53779e-06
1.69669e-05
-2.52593e-06
8.59502e-06
-2.6547e-06
1.02513e-05
-2.97577e-06
1.26151e-05
-3.37876e-06
1.52998e-05
-3.80026e-06
1.81648e-05
-4.18661e-06
2.11364e-05
-4.49357e-06
2.41929e-05
-4.7029e-06
2.7373e-05
-6.45642e-06
3.07111e-05
-6.02041e-06
3.43558e-05
-5.54964e-06
3.83469e-05
-5.05297e-06
4.27338e-05
-4.53924e-06
4.75749e-05
-4.01788e-06
5.20966e-05
-3.48965e-06
5.20783e-05
-2.98368e-06
5.20599e-05
-2.49483e-06
5.20391e-05
-2.02947e-06
5.2016e-05
-1.58967e-06
5.19965e-05
-1.17842e-06
5.19805e-05
-7.98565e-07
5.47874e-05
-4.46941e-07
4.7712e-05
-1.50103e-07
4.15558e-05
9.58981e-08
3.61737e-05
2.95717e-07
3.14245e-05
4.53687e-07
1.22414e-06
-5.37892e-06
9.23247e-07
-5.44271e-06
6.67559e-07
-5.38808e-06
4.37122e-07
-5.14569e-06
2.0835e-07
-4.35364e-06
8.0549e-06
-2.71682e-06
1.71013e-05
-2.68443e-06
8.62498e-06
-2.76529e-06
1.00411e-05
-2.98444e-06
1.22212e-05
-3.32088e-06
1.48209e-05
-3.71464e-06
1.76933e-05
-4.09547e-06
2.07389e-05
-4.41099e-06
2.39017e-05
-6.20292e-06
2.71206e-05
-5.89189e-06
3.05838e-05
-5.51579e-06
3.43232e-05
-5.08698e-06
3.83824e-05
-4.62235e-06
4.28188e-05
-4.13504e-06
4.76943e-05
-3.63324e-06
5.22428e-05
-3.13273e-06
5.22301e-05
-2.64195e-06
5.22099e-05
-2.174e-06
5.21867e-05
-1.72865e-06
5.21581e-05
-1.31042e-06
5.21318e-05
-9.21683e-07
5.2107e-05
-5.65888e-07
5.49101e-05
-2.41428e-07
4.78067e-05
3.05152e-08
4.16242e-05
2.53733e-07
3.62183e-05
4.32519e-07
9.032e-07
-5.157e-06
6.37953e-07
-5.12603e-06
4.05909e-07
-4.90252e-06
1.94328e-07
-4.14494e-06
8.28939e-06
-2.91872e-06
1.72746e-05
-2.86996e-06
8.7299e-06
-2.9044e-06
9.96137e-06
-3.02693e-06
1.19276e-05
-3.31533e-06
1.4422e-05
-3.6676e-06
1.7266e-05
-4.01936e-06
2.03478e-05
-5.78466e-06
2.34843e-05
-5.61336e-06
2.6843e-05
-5.35788e-06
3.04269e-05
-5.02415e-06
3.42616e-05
-4.62926e-06
3.83907e-05
-4.19084e-06
4.28763e-05
-3.7247e-06
4.77879e-05
-3.24398e-06
5.23567e-05
-2.76202e-06
5.2353e-05
-2.29266e-06
5.23316e-05
-1.84384e-06
5.2305e-05
-1.42119e-06
5.22722e-05
-1.02543e-06
5.22389e-05
-6.60729e-07
5.22054e-05
-3.30783e-07
5.50033e-05
-3.48366e-08
4.78754e-05
2.11159e-07
4.16698e-05
4.10573e-07
6.18209e-07
-4.87188e-06
3.84184e-07
-4.67362e-06
1.77373e-07
-3.95026e-06
8.55295e-06
-3.13331e-06
1.74617e-05
-3.08501e-06
8.91076e-06
-3.06492e-06
9.99966e-06
-3.14615e-06
1.17588e-05
-3.37226e-06
1.41271e-05
-3.65875e-06
1.69059e-05
-5.30584e-06
1.98697e-05
-5.22745e-06
2.30992e-05
-5.082e-06
2.65679e-05
-4.85389e-06
3.02575e-05
-4.5474e-06
3.41808e-05
-4.176e-06
3.83772e-05
-3.75681e-06
4.29101e-05
-3.30845e-06
4.78544e-05
-2.84665e-06
5.24438e-05
-2.38335e-06
5.24465e-05
-1.93624e-06
5.2427e-05
-1.50846e-06
5.23954e-05
-1.10785e-06
5.23579e-05
-7.36358e-07
5.2318e-05
-3.97991e-07
5.22761e-05
-9.49176e-08
5.50672e-05
1.71404e-07
4.79187e-05
3.90458e-07
3.68015e-07
-4.45353e-06
1.64458e-07
-3.77255e-06
8.82819e-06
-3.36002e-06
1.76525e-05
-3.32148e-06
9.16758e-06
-3.27739e-06
1.01312e-05
-3.33178e-06
1.17187e-05
-3.46787e-06
1.39366e-05
-4.94225e-06
1.65429e-05
-4.86002e-06
1.95029e-05
-4.75727e-06
2.27751e-05
-4.60236e-06
2.6317e-05
-4.37882e-06
3.00896e-05
-4.08353e-06
3.40891e-05
-3.7247e-06
3.83461e-05
-3.31925e-06
4.29223e-05
-2.88574e-06
4.78955e-05
-2.44147e-06
5.25044e-05
-1.99865e-06
5.25117e-05
-1.57146e-06
5.2493e-05
-1.16923e-06
5.246e-05
-7.91738e-07
5.24167e-05
-4.47104e-07
5.23707e-05
-1.35299e-07
5.23202e-05
1.40059e-07
5.51026e-05
3.75986e-07
1.55029e-07
-3.60776e-06
9.09649e-06
-3.58955e-06
1.78417e-05
-3.5719e-06
9.46236e-06
-3.52033e-06
1.03201e-05
-3.52611e-06
1.17773e-05
-4.83496e-06
1.38299e-05
-4.65543e-06
1.63389e-05
-4.50771e-06
1.92539e-05
-4.35236e-06
2.25255e-05
-4.16468e-06
2.61033e-05
-3.92697e-06
2.99335e-05
-3.62818e-06
3.39932e-05
-3.27343e-06
3.83012e-05
-2.87691e-06
4.29147e-05
-2.45664e-06
4.79124e-05
-2.02921e-06
5.25374e-05
-1.6075e-06
5.25505e-05
-1.20319e-06
5.253e-05
-8.23942e-07
5.24955e-05
-4.74253e-07
5.24473e-05
-1.56094e-07
5.23951e-05
1.27783e-07
5.23362e-05
3.73432e-07
9.34881e-06
-3.82398e-06
1.80309e-05
-3.82326e-06
9.76557e-06
-3.76694e-06
1.05612e-05
-5.03554e-06
1.19783e-05
-4.70019e-06
1.38751e-05
-4.43807e-06
1.62696e-05
-4.20944e-06
1.91113e-05
-3.9897e-06
2.23508e-05
-3.75676e-06
2.59333e-05
-3.48965e-06
2.97952e-05
-3.17738e-06
3.38974e-05
-2.82003e-06
3.82449e-05
-2.42932e-06
4.28884e-05
-2.02111e-06
4.7906e-05
-1.6109e-06
5.25431e-05
-1.21126e-06
5.25613e-05
-8.31985e-07
5.25411e-05
-4.78369e-07
5.2503e-05
-1.54876e-07
5.24496e-05
1.35037e-07
5.23915e-05
3.87756e-07
9.58496e-06
-4.05914e-06
1.82219e-05
-4.06633e-06
1.00652e-05
-5.42094e-06
1.0947e-05
-4.97422e-06
1.22527e-05
-4.58636e-06
1.40237e-05
-4.24053e-06
1.6301e-05
-3.93522e-06
1.9057e-05
-3.65026e-06
2.22444e-05
-3.36358e-06
2.58072e-05
-3.05963e-06
2.96773e-05
-2.72687e-06
3.38043e-05
-2.36311e-06
3.81789e-05
-1.97631e-06
4.28444e-05
-1.5799e-06
4.78764e-05
-1.18788e-06
5.25219e-05
-8.12072e-07
5.25441e-05
-4.58631e-07
5.25245e-05
-1.33018e-07
5.24845e-05
1.60466e-07
5.24278e-05
4.19484e-07
-4.28837e-06
9.80727e-06
1.84165e-05
-5.80924e-06
1.04539e-05
-5.36078e-06
1.13339e-05
-4.89265e-06
1.25592e-05
-4.45119e-06
1.42345e-05
-4.03872e-06
1.64046e-05
-3.66496e-06
1.90717e-05
-3.31443e-06
2.2195e-05
-2.97348e-06
2.57207e-05
-2.62985e-06
2.95799e-05
-2.27387e-06
3.37147e-05
-1.90163e-06
3.81042e-05
-1.51821e-06
4.27833e-05
-1.1343e-06
4.78241e-05
-7.62147e-07
5.24741e-05
-4.11622e-07
5.24997e-05
-8.62137e-08
5.24807e-05
2.09173e-07
5.24392e-05
4.70729e-07
1.86176e-05
-6.08896e-06
1.00874e-05
-5.70957e-06
1.0803e-05
-5.25482e-06
1.16963e-05
-4.77168e-06
1.28798e-05
-4.28249e-06
1.44783e-05
-3.81592e-06
1.65554e-05
-3.37877e-06
1.91357e-05
-2.96847e-06
2.21896e-05
-2.57688e-06
2.56671e-05
-2.19525e-06
2.95005e-05
-1.81591e-06
3.36283e-05
-1.43534e-06
3.8021e-05
-1.05612e-06
4.27053e-05
-6.86321e-07
4.77494e-05
-3.35694e-07
5.24002e-05
-1.30663e-08
5.24293e-05
2.8173e-07
5.24113e-05
5.44495e-07
1.88938e-05
-5.95857e-06
1.03367e-05
-5.56217e-06
1.11107e-05
-5.1003e-06
1.20251e-05
-4.59246e-06
1.31898e-05
-4.06686e-06
1.4729e-05
-3.55425e-06
1.67305e-05
-3.06464e-06
1.92314e-05
-2.60336e-06
2.22153e-05
-2.16741e-06
2.56383e-05
-1.75168e-06
2.94352e-05
-1.35179e-06
3.35437e-05
-9.64895e-07
3.79291e-05
-5.91975e-07
4.2611e-05
-2.3827e-07
4.76529e-05
8.77239e-08
5.23014e-05
3.79438e-07
5.23342e-05
6.41355e-07
1.91562e-05
-5.78068e-06
1.05555e-05
-5.36579e-06
1.13764e-05
-4.88355e-06
1.23162e-05
-4.35125e-06
1.34741e-05
-3.7973e-06
1.49717e-05
-3.24741e-06
1.69127e-05
-2.71663e-06
1.93438e-05
-2.21364e-06
2.22604e-05
-1.74079e-06
2.56261e-05
-1.29721e-06
2.93792e-05
-8.81564e-07
3.3459e-05
-4.92131e-07
3.78283e-05
-1.28262e-07
4.25008e-05
2.05295e-07
4.75362e-05
5.03531e-07
5.21793e-05
7.62278e-07
1.9394e-05
-5.55271e-06
1.07428e-05
-5.1093e-06
1.16023e-05
-4.60189e-06
1.25669e-05
-4.04834e-06
1.37248e-05
-3.47255e-06
1.51963e-05
-2.89417e-06
1.70894e-05
-2.33159e-06
1.94606e-05
-1.79652e-06
2.23148e-05
-1.29556e-06
2.56228e-05
-8.31836e-07
2.93277e-05
-4.06899e-07
3.33722e-05
-1.91512e-08
3.77181e-05
3.29366e-07
4.23764e-05
6.40107e-07
4.74004e-05
9.07994e-07
1.95984e-05
-5.26557e-06
1.08993e-05
-4.78897e-06
1.17895e-05
-4.25727e-06
1.27756e-05
-3.68671e-06
1.39385e-05
-3.09279e-06
1.53941e-05
-2.49423e-06
1.72509e-05
-1.90944e-06
1.95721e-05
-1.35227e-06
2.23698e-05
-8.32624e-07
2.56217e-05
-3.57693e-07
2.92765e-05
6.95287e-08
3.32818e-05
4.46916e-07
3.75993e-05
7.78434e-07
4.22377e-05
1.06223e-06
1.9767e-05
-4.91482e-06
1.10253e-05
-4.40642e-06
1.19386e-05
-3.85442e-06
1.29431e-05
-3.26834e-06
1.41134e-05
-2.66144e-06
1.55603e-05
-2.05071e-06
1.73908e-05
-1.45305e-06
1.96712e-05
-8.83437e-07
2.24187e-05
-3.55235e-07
2.56171e-05
1.21955e-07
2.92219e-05
5.42481e-07
3.31844e-05
9.06238e-07
3.74702e-05
1.21407e-06
1.98965e-05
-4.50215e-06
1.11211e-05
-3.96718e-06
1.20513e-05
-3.39617e-06
1.30705e-05
-2.79795e-06
1.42491e-05
-2.18442e-06
1.56927e-05
-1.56912e-06
1.75052e-05
-9.6704e-07
1.97529e-05
-3.94768e-07
2.2456e-05
1.32023e-07
2.56047e-05
6.02104e-07
2.916e-05
1.00951e-06
3.30792e-05
1.3521e-06
1.99855e-05
-4.03396e-06
1.1188e-05
-3.47421e-06
1.21291e-05
-2.8875e-06
1.31594e-05
-2.28298e-06
1.43466e-05
-1.66914e-06
1.57912e-05
-1.05592e-06
1.75922e-05
-4.57726e-07
1.98136e-05
1.07304e-07
2.24784e-05
6.22991e-07
2.55814e-05
1.07798e-06
2.90893e-05
1.4643e-06
2.00346e-05
-3.51291e-06
1.12266e-05
-2.93228e-06
1.21735e-05
-2.33642e-06
1.32121e-05
-1.73182e-06
1.4408e-05
-1.12319e-06
1.58567e-05
-5.18682e-07
1.76511e-05
6.66175e-08
1.9852e-05
6.14781e-07
2.24841e-05
1.11133e-06
2.55456e-05
1.54294e-06
2.00422e-05
-2.94332e-06
1.12375e-05
-2.34967e-06
1.21863e-05
-1.75173e-06
1.3231e-05
-1.15243e-06
1.44357e-05
-5.54827e-07
1.5891e-05
3.30622e-08
1.76823e-05
5.95976e-07
1.98683e-05
1.12024e-06
2.24727e-05
1.58963e-06
2.00059e-05
-2.33374e-06
1.12212e-05
-1.73537e-06
1.21692e-05
-1.14132e-06
1.32187e-05
-5.53686e-07
1.44329e-05
2.59266e-08
1.5896e-05
5.87437e-07
1.76885e-05
1.12234e-06
1.98637e-05
1.61544e-06
1.99249e-05
-1.69341e-06
1.11789e-05
-1.09716e-06
1.21242e-05
-5.14585e-07
1.31783e-05
5.47031e-08
1.44023e-05
6.05669e-07
1.58755e-05
1.13625e-06
1.76721e-05
1.63684e-06
1.9799e-05
-1.03013e-06
1.11113e-05
-4.4506e-07
1.20537e-05
1.18464e-07
1.3113e-05
6.58384e-07
1.43476e-05
1.17605e-06
1.58335e-05
1.67036e-06
1.9628e-05
-3.54813e-07
1.10203e-05
2.10338e-07
1.19607e-05
7.43955e-07
1.30258e-05
1.24798e-06
1.42737e-05
1.72812e-06
1.94144e-05
3.21055e-07
1.09087e-05
8.55337e-07
1.18479e-05
1.35085e-06
1.29212e-05
1.81533e-06
1.91625e-05
9.83914e-07
1.07791e-05
1.4777e-06
1.17197e-05
1.93058e-06
1.88772e-05
1.62052e-06
1.06351e-05
2.06812e-06
1.85653e-05
2.22065e-06
)
;

boundaryField
{
    inlet
    {
        type            calculated;
        value           nonuniform List<scalar> 
50
(
-5.22875e-06
-6.01023e-06
-6.89345e-06
-7.90946e-06
-9.08181e-06
-1.04183e-05
-1.19658e-05
-1.37321e-05
-1.57563e-05
-1.80854e-05
-2.07661e-05
-2.38298e-05
-2.73476e-05
-3.13922e-05
-2.97735e-05
-2.97735e-05
-2.97735e-05
-2.97742e-05
-2.97735e-05
-2.97734e-05
-2.97734e-05
-2.71912e-05
-2.44409e-05
-2.19688e-05
-1.97468e-05
-1.77492e-05
-1.59539e-05
-1.434e-05
-1.28902e-05
-1.15858e-05
-1.04135e-05
-9.3607e-06
-8.41423e-06
-7.56234e-06
-6.79798e-06
-1.08675e-05
-1.11567e-05
-1.14537e-05
-1.17577e-05
-1.20704e-05
-1.23908e-05
-1.27206e-05
-1.3059e-05
-1.34052e-05
-1.37624e-05
-1.41282e-05
-1.42978e-05
-1.38929e-05
-1.3499e-05
-1.31153e-05
)
;
    }
    outlet
    {
        type            calculated;
        value           nonuniform List<scalar> 0();
    }
    splitter
    {
        type            calculated;
        value           uniform 0;
    }
    fuel_inlet
    {
        type            calculated;
        value           uniform -2.51118e-05;
    }
    back
    {
        type            calculated;
        value           nonuniform List<scalar> 0();
    }
    sides
    {
        type            calculated;
        value           uniform 0;
    }
    frontAndBack
    {
        type            empty;
        value           nonuniform List<scalar> 0();
    }
    procBoundary1to0
    {
        type            processor;
        value           nonuniform List<scalar> 
53
(
3.06075e-08
8.37212e-08
1.09804e-07
1.1293e-07
1.03394e-07
8.45378e-08
5.7723e-08
2.48996e-08
-1.42832e-08
-5.83979e-08
-1.07465e-07
-1.62765e-07
-2.23394e-07
-2.8945e-07
-3.61107e-07
-4.38161e-07
-5.20619e-07
-6.08261e-07
-7.00799e-07
-7.98e-07
-8.99564e-07
-1.0051e-06
-1.11428e-06
-1.22671e-06
-1.34201e-06
-1.45982e-06
-1.5798e-06
-1.70156e-06
-1.82488e-06
-1.94877e-06
-2.87833e-06
-3.12115e-06
-3.37903e-06
-3.65539e-06
-3.92213e-06
-4.15774e-06
-4.36895e-06
-4.56501e-06
-4.74664e-06
-4.91319e-06
-5.06049e-06
-5.1839e-06
-5.27823e-06
-5.33904e-06
-5.363e-06
-5.34788e-06
-5.29276e-06
-5.19652e-06
-5.05754e-06
-4.8716e-06
-4.62131e-06
-4.2402e-06
-3.45241e-06
)
;
    }
    procBoundary1to2
    {
        type            processor;
        value           nonuniform List<scalar> 
71
(
3.1282e-06
-4.07641e-07
5.70966e-06
-8.42676e-07
7.93689e-06
-1.14783e-06
1.04447e-05
-1.47896e-06
1.32977e-05
-1.77511e-06
1.64512e-05
-2.02103e-06
1.9863e-05
-2.24797e-06
2.34254e-05
-2.45924e-06
2.72245e-05
-2.672e-06
3.1448e-05
-2.88973e-06
3.6243e-05
-3.10549e-06
4.16931e-05
-3.32373e-06
4.79367e-05
-3.5488e-06
5.51092e-05
-3.77838e-06
5.23257e-05
-4.01449e-06
5.23635e-05
-4.25325e-06
5.23801e-05
-4.48894e-06
5.23688e-05
-6.36446e-06
5.23176e-05
-6.22029e-06
5.2216e-05
-6.01776e-06
5.20355e-05
-5.75648e-06
4.72469e-05
-5.43356e-06
4.20855e-05
-5.04382e-06
3.73309e-05
-4.59075e-06
3.29651e-05
-4.08265e-06
2.90084e-05
-3.52028e-06
2.54965e-05
-2.90703e-06
2.24444e-05
-2.25281e-06
1.98399e-05
-1.56779e-06
1.76362e-05
-8.59681e-07
1.57735e-05
-1.41917e-07
1.41844e-05
5.71873e-07
1.28041e-05
1.26793e-06
1.15806e-05
1.93083e-06
1.04814e-05
2.54852e-06
1.82356e-05
)
;
    }
}


// ************************************************************************* //
