/*--------------------------------*- C++ -*----------------------------------*\
  =========                 |
  \\      /  F ield         | OpenFOAM: The Open Source CFD Toolbox
   \\    /   O peration     | Website:  https://openfoam.org
    \\  /    A nd           | Version:  8
     \\/     M anipulation  |
\*---------------------------------------------------------------------------*/
FoamFile
{
    version     2.0;
    format      ascii;
    class       volScalarField;
    location    "0.05";
    object      T;
}
// * * * * * * * * * * * * * * * * * * * * * * * * * * * * * * * * * * * * * //

dimensions      [0 0 0 1 0 0 0];

internalField   nonuniform List<scalar> 
3910
(
899.942
899.934
899.812
899.929
899.831
899.666
899.927
899.84
899.705
899.526
899.926
899.843
899.734
899.574
899.39
899.925
899.843
899.752
899.615
899.442
899.252
899.924
899.843
899.76
899.651
899.492
899.31
899.112
899.924
899.843
899.762
899.672
899.54
899.367
899.176
898.97
899.923
899.842
899.762
899.68
899.578
899.425
899.24
899.04
898.827
899.923
899.842
899.762
899.683
899.597
899.477
899.307
899.111
898.903
898.682
899.923
899.842
899.762
899.683
899.604
899.512
899.371
899.187
898.981
898.765
898.539
899.923
899.841
899.761
899.683
899.606
899.527
899.422
899.262
899.065
898.85
898.628
898.398
899.923
899.841
899.761
899.683
899.607
899.531
899.448
899.327
899.15
898.942
898.719
898.492
898.261
899.923
899.841
899.76
899.682
899.607
899.533
899.458
899.368
899.229
899.037
898.819
898.59
898.36
898.131
899.923
899.841
899.76
899.681
899.606
899.533
899.461
899.385
899.285
899.128
898.923
898.697
898.463
898.234
898.009
899.923
899.841
899.759
899.681
899.605
899.532
899.461
899.39
899.312
899.2
899.025
898.809
898.577
898.342
898.115
897.896
899.923
899.841
899.759
899.68
899.604
899.532
899.461
899.392
899.321
899.238
899.112
898.922
898.697
898.461
898.226
898.003
897.792
899.923
899.841
899.759
899.68
899.604
899.531
899.46
899.392
899.323
899.252
899.163
899.022
898.82
898.588
898.349
898.117
897.9
897.698
899.923
899.841
899.759
899.679
899.603
899.53
899.459
899.391
899.324
899.256
899.184
899.088
898.932
898.718
898.482
898.244
898.015
897.806
897.614
899.923
899.841
899.759
899.679
899.602
899.529
899.458
899.39
899.323
899.257
899.19
899.116
899.012
898.842
898.62
898.382
898.146
897.922
897.721
897.539
899.923
899.841
899.759
899.679
899.602
899.528
899.457
899.389
899.322
899.257
899.192
899.125
899.048
898.936
898.754
898.526
898.287
898.054
897.837
897.644
897.472
899.923
899.841
899.759
899.679
899.601
899.527
899.456
899.387
899.321
899.256
899.192
899.128
899.061
898.982
898.86
898.668
898.436
898.199
897.97
897.76
897.576
897.414
899.924
899.841
899.759
899.679
899.601
899.527
899.455
899.386
899.319
899.254
899.191
899.128
899.065
898.998
898.916
898.785
898.585
898.352
898.117
897.893
897.69
897.515
897.362
899.924
899.841
899.759
899.678
899.601
899.526
899.454
899.385
899.318
899.253
899.189
899.127
899.065
899.003
898.936
898.85
898.711
898.506
898.273
898.041
897.823
897.628
897.461
897.317
899.924
899.841
899.759
899.678
899.601
899.526
899.454
899.384
899.317
899.251
899.187
899.125
899.064
899.004
898.942
898.875
898.786
898.64
898.431
898.199
897.972
897.76
897.572
897.413
897.278
899.924
899.841
899.759
899.678
899.601
899.526
899.453
899.383
899.315
899.25
899.185
899.123
899.062
899.003
898.943
898.883
898.815
898.723
898.572
898.361
898.132
897.909
897.703
897.522
897.371
897.243
899.924
899.841
899.759
899.678
899.601
899.526
899.453
899.383
899.315
899.248
899.184
899.121
899.06
899.001
898.943
898.884
898.824
898.757
898.662
898.506
898.295
898.069
897.851
897.652
897.478
897.334
897.213
899.924
899.841
899.759
899.678
899.6
899.525
899.453
899.382
899.314
899.247
899.182
899.119
899.058
898.999
898.941
898.884
898.827
898.768
898.7
898.603
898.445
898.234
898.012
897.799
897.606
897.438
897.301
897.187
899.924
899.841
899.759
899.678
899.6
899.525
899.452
899.382
899.313
899.246
899.181
899.118
899.056
898.996
898.938
898.881
898.826
898.77
898.712
898.645
898.546
898.386
898.178
897.959
897.752
897.565
897.403
897.271
897.163
899.924
899.841
899.759
899.678
899.6
899.525
899.452
899.382
899.313
899.245
899.18
899.116
899.054
898.994
898.935
898.879
898.824
898.77
898.715
898.658
898.591
898.492
898.332
898.126
897.912
897.709
897.528
897.372
897.245
897.142
899.924
899.841
899.759
899.678
899.6
899.525
899.452
899.381
899.312
899.245
899.179
899.115
899.052
898.992
898.933
898.876
898.821
898.767
898.715
898.662
898.606
898.54
898.44
898.28
898.078
897.868
897.671
897.494
897.343
897.222
897.12
899.924
899.841
899.759
899.678
899.6
899.525
899.452
899.381
899.312
899.244
899.178
899.114
899.051
898.99
898.931
898.873
898.818
898.764
898.712
898.661
898.61
898.556
898.49
898.391
898.232
898.033
897.828
897.635
897.464
897.318
897.197
897.101
899.924
899.841
899.759
899.678
899.6
899.525
899.452
899.381
899.312
899.244
899.178
899.113
899.05
898.988
898.928
898.87
898.815
898.761
898.709
898.659
898.609
898.56
898.507
898.442
898.344
898.188
897.992
897.791
897.603
897.436
897.29
897.175
897.084
899.924
899.841
899.759
899.678
899.6
899.525
899.452
899.381
899.311
899.244
899.177
899.112
899.048
898.986
898.926
898.868
898.812
898.757
898.705
898.655
898.607
898.559
898.511
898.46
898.396
898.299
898.146
897.954
897.758
897.574
897.406
897.265
897.155
897.069
899.924
899.841
899.759
899.678
899.6
899.525
899.452
899.381
899.311
899.243
899.177
899.111
899.048
898.985
898.924
898.866
898.809
898.754
898.701
898.651
898.603
898.556
898.511
898.464
898.415
898.353
898.257
898.107
897.919
897.727
897.542
897.379
897.243
897.138
897.056
899.841
899.924
899.759
899.678
899.601
899.525
899.452
899.381
899.311
899.243
899.176
899.111
899.047
898.984
898.923
898.864
898.806
898.751
898.698
898.647
898.598
898.552
898.507
898.464
898.419
898.371
898.311
898.217
898.07
897.887
897.692
897.512
897.355
897.224
897.123
897.045
899.759
899.842
899.924
899.679
899.601
899.525
899.452
899.381
899.311
899.243
899.176
899.111
899.046
898.983
898.922
898.862
898.804
898.748
898.694
898.643
898.594
898.547
898.503
898.46
898.418
898.376
898.33
898.271
898.18
898.036
897.85
897.661
897.486
897.333
897.206
897.109
897.034
899.679
899.76
899.842
899.925
899.601
899.525
899.452
899.381
899.311
899.243
899.176
899.11
899.046
898.983
898.921
898.86
898.802
898.745
898.691
898.639
898.59
898.542
898.497
898.455
898.414
898.375
898.334
898.29
898.233
898.144
897.997
897.816
897.632
897.462
897.314
897.191
897.097
897.025
899.601
899.679
899.761
899.843
899.925
899.525
899.452
899.381
899.311
899.243
899.176
899.11
899.046
898.982
898.92
898.859
898.8
898.743
898.688
898.636
898.585
898.538
898.492
898.449
898.409
898.37
898.333
898.294
898.252
898.197
898.103
897.961
897.785
897.607
897.441
897.296
897.176
897.086
897.017
899.525
899.602
899.681
899.762
899.844
899.925
899.452
899.381
899.311
899.243
899.176
899.11
899.045
898.982
898.919
898.858
898.799
898.741
898.685
898.632
898.581
898.533
898.487
898.444
898.403
898.365
898.328
898.293
898.256
898.215
898.154
898.065
897.927
897.757
897.583
897.421
897.28
897.164
897.076
897.01
899.452
899.526
899.603
899.682
899.763
899.845
899.926
899.381
899.311
899.243
899.176
899.11
899.045
898.981
898.919
898.858
898.798
898.74
898.683
898.629
898.577
898.528
898.482
898.438
898.397
898.358
898.322
898.288
898.254
898.219
898.173
898.115
898.029
897.897
897.731
897.561
897.403
897.265
897.152
897.067
897.003
899.381
899.454
899.529
899.605
899.684
899.764
899.845
899.926
899.311
899.243
899.176
899.11
899.045
898.981
898.919
898.857
898.797
898.738
898.681
898.627
898.574
898.524
898.477
898.432
898.391
898.352
898.315
898.281
898.249
898.217
898.177
898.133
898.078
897.996
897.868
897.708
897.541
897.387
897.252
897.141
897.059
896.997
899.311
899.383
899.456
899.531
899.607
899.685
899.765
899.846
899.927
899.243
899.176
899.11
899.045
898.981
898.918
898.857
898.796
898.737
898.68
898.624
898.571
898.52
898.472
898.427
898.384
898.345
898.308
898.274
898.242
898.211
898.174
898.136
898.095
898.044
897.965
897.842
897.686
897.523
897.372
897.24
897.132
897.052
896.991
899.243
899.313
899.385
899.459
899.533
899.609
899.687
899.766
899.847
899.927
899.176
899.11
899.045
898.981
898.918
898.856
898.796
898.737
898.679
898.623
898.569
898.517
898.468
898.421
898.378
898.338
898.3
898.266
898.234
898.203
898.168
898.133
898.098
898.06
898.011
897.937
897.818
897.665
897.506
897.358
897.228
897.123
897.045
896.986
899.176
899.245
899.316
899.388
899.461
899.535
899.611
899.689
899.768
899.848
899.927
899.11
899.045
898.981
898.918
898.856
898.795
898.736
898.678
898.621
898.567
898.514
898.464
898.416
898.372
898.331
898.293
898.258
898.225
898.195
898.159
898.127
898.095
898.063
898.027
897.982
897.91
897.795
897.646
897.491
897.345
897.218
897.115
897.039
896.982
899.11
899.178
899.249
899.32
899.391
899.464
899.538
899.613
899.69
899.769
899.849
899.928
899.045
898.981
898.918
898.856
898.795
898.735
898.677
898.62
898.565
898.512
898.461
898.412
898.367
898.324
898.285
898.249
898.216
898.186
898.15
898.118
898.088
898.059
898.03
897.997
897.954
897.885
897.775
897.629
897.476
897.333
897.208
897.107
897.033
896.978
899.045
899.112
899.182
899.252
899.323
899.394
899.467
899.54
899.615
899.692
899.771
899.85
899.928
898.981
898.918
898.856
898.795
898.735
898.676
898.619
898.564
898.51
898.458
898.409
898.362
898.318
898.278
898.241
898.208
898.176
898.14
898.108
898.078
898.052
898.026
897.999
897.969
897.928
897.863
897.755
897.613
897.463
897.322
897.2
897.1
897.028
896.974
898.981
899.048
899.117
899.186
899.256
899.327
899.398
899.47
899.543
899.617
899.694
899.772
899.851
899.929
898.918
898.856
898.795
898.735
898.676
898.618
898.562
898.508
898.456
898.405
898.358
898.313
898.271
898.233
898.199
898.167
898.13
898.097
898.067
898.041
898.018
897.995
897.97
897.942
897.904
897.841
897.737
897.598
897.451
897.312
897.192
897.094
897.023
896.97
898.918
898.984
899.052
899.121
899.191
899.26
899.33
899.401
899.473
899.545
899.62
899.696
899.773
899.852
899.929
898.856
898.795
898.735
898.676
898.618
898.562
898.507
898.454
898.403
898.354
898.308
898.265
898.226
898.19
898.157
898.119
898.086
898.056
898.03
898.007
897.986
897.966
897.944
897.917
897.881
897.821
897.721
897.584
897.439
897.303
897.184
897.088
897.019
896.967
898.856
898.921
898.989
899.058
899.126
899.195
899.264
899.334
899.404
899.476
899.548
899.622
899.698
899.775
899.853
899.93
898.795
898.734
898.675
898.618
898.561
898.506
898.452
898.401
898.351
898.304
898.26
898.219
898.181
898.147
898.108
898.074
898.044
898.017
897.994
897.974
897.956
897.938
897.919
897.895
897.86
897.803
897.705
897.571
897.429
897.294
897.177
897.083
897.015
896.964
898.795
898.859
898.927
898.995
899.063
899.131
899.2
899.269
899.338
899.408
899.479
899.551
899.624
899.7
899.776
899.854
898.734
898.675
898.617
898.56
898.505
898.451
898.399
898.349
898.301
898.255
898.213
898.173
898.137
898.097
898.062
898.031
898.004
897.981
897.961
897.944
897.929
897.913
897.895
897.873
897.841
897.786
897.691
897.559
897.419
897.286
897.171
897.078
897.011
896.961
898.734
898.798
898.865
898.933
899
899.068
899.136
899.204
899.273
899.342
899.411
899.482
899.554
899.627
899.701
899.778
898.675
898.617
898.56
898.504
898.45
898.397
898.347
898.298
898.251
898.207
898.167
898.129
898.086
898.049
898.017
897.989
897.966
897.947
897.93
897.915
897.903
897.889
897.874
897.853
897.823
897.77
897.677
897.548
897.41
897.279
897.165
897.073
897.008
896.959
898.675
898.738
898.805
898.872
898.939
899.006
899.074
899.141
899.209
899.277
899.346
899.415
899.485
899.556
899.629
899.703
898.617
898.56
898.504
898.449
898.396
898.345
898.295
898.248
898.203
898.161
898.121
898.076
898.037
898.003
897.974
897.95
897.931
897.914
897.901
897.889
897.879
897.867
897.853
897.835
897.806
897.755
897.665
897.538
897.401
897.272
897.159
897.069
897.004
896.956
898.617
898.679
898.745
898.812
898.878
898.945
899.012
899.079
899.147
899.214
899.282
899.35
899.419
899.489
899.559
899.631
898.56
898.504
898.449
898.395
898.343
898.293
898.245
898.199
898.155
898.114
898.067
898.025
897.988
897.958
897.933
897.913
897.897
897.884
897.873
897.864
897.856
897.847
897.835
897.818
897.791
897.741
897.653
897.528
897.393
897.265
897.154
897.065
897.001
896.955
898.559
898.621
898.686
898.753
898.819
898.885
898.952
899.018
899.085
899.152
899.219
899.287
899.354
899.423
899.492
899.562
898.503
898.448
898.395
898.342
898.292
898.243
898.196
898.151
898.108
898.059
898.014
897.974
897.941
897.915
897.894
897.878
897.865
897.855
897.848
897.841
897.835
897.828
897.817
897.802
897.776
897.729
897.642
897.52
897.386
897.259
897.149
897.061
896.999
896.953
898.503
898.563
898.629
898.694
898.76
898.826
898.892
898.958
899.025
899.091
899.158
899.224
899.291
899.359
899.426
899.495
898.448
898.394
898.341
898.29
898.24
898.193
898.147
898.102
898.051
898.004
897.962
897.926
897.896
897.874
897.857
897.845
897.835
897.829
897.823
897.819
897.816
897.81
897.801
897.787
897.763
897.717
897.632
897.511
897.379
897.254
897.145
897.059
896.997
896.951
898.448
898.507
898.572
898.637
898.703
898.768
898.834
898.9
898.965
899.031
899.097
899.163
899.23
899.296
899.363
899.43
898.393
898.341
898.289
898.239
898.19
898.143
898.097
898.045
897.995
897.95
897.911
897.879
897.854
897.835
897.823
897.813
897.807
897.804
897.801
897.799
897.797
897.793
897.786
897.773
897.75
897.706
897.623
897.504
897.373
897.249
897.142
897.056
896.995
896.949
898.393
898.452
898.516
898.581
898.646
898.711
898.776
898.842
898.907
898.972
899.038
899.104
899.169
899.235
899.301
899.367
898.34
898.288
898.237
898.188
898.14
898.093
898.039
897.986
897.939
897.898
897.863
897.834
897.813
897.799
897.79
897.784
897.781
897.78
897.78
897.78
897.78
897.778
897.772
897.76
897.738
897.695
897.614
897.496
897.367
897.245
897.139
897.053
896.993
896.947
898.339
898.397
898.461
898.525
898.59
898.655
898.72
898.784
898.85
898.915
898.98
899.045
899.11
899.175
899.24
899.305
898.287
898.236
898.186
898.137
898.089
898.033
897.979
897.929
897.886
897.848
897.817
897.793
897.776
897.765
897.76
897.757
897.757
897.758
897.761
897.763
897.765
897.764
897.759
897.748
897.728
897.686
897.606
897.49
897.363
897.241
897.135
897.05
896.99
896.945
898.287
898.344
898.407
898.471
898.535
898.599
898.664
898.728
898.793
898.858
898.922
898.987
899.052
899.116
899.181
899.245
898.235
898.185
898.135
898.086
898.028
897.972
897.921
897.875
897.835
897.801
897.774
897.754
897.741
897.734
897.732
897.732
897.735
897.738
897.742
897.746
897.75
897.75
897.747
897.737
897.718
897.677
897.599
897.485
897.358
897.237
897.132
897.047
896.987
896.943
898.234
898.291
898.354
898.417
898.481
898.545
898.609
898.673
898.737
898.802
898.866
898.93
898.995
899.059
899.122
899.186
898.183
898.133
898.083
898.024
897.966
897.913
897.865
897.823
897.787
897.757
897.734
897.718
897.708
897.705
897.705
897.709
897.714
897.719
897.726
897.731
897.736
897.738
897.735
897.727
897.708
897.669
897.594
897.48
897.354
897.233
897.128
897.043
896.984
896.94
898.182
898.239
898.302
898.365
898.428
898.491
898.555
898.619
898.683
898.747
898.811
898.875
898.939
899.002
899.065
899.128
898.131
898.08
898.02
897.961
897.907
897.857
897.813
897.774
897.742
897.715
897.696
897.683
897.677
897.677
897.681
897.687
897.694
897.702
897.71
897.717
897.724
897.727
897.725
897.717
897.7
897.663
897.588
897.475
897.349
897.228
897.123
897.04
896.981
896.938
898.129
898.186
898.25
898.313
898.376
898.439
898.502
898.566
898.629
898.693
898.756
898.82
898.883
898.947
899.009
899.072
898.077
898.017
897.957
897.901
897.849
897.803
897.762
897.727
897.698
897.676
897.66
897.651
897.649
897.652
897.659
897.667
897.676
897.686
897.695
897.704
897.712
897.716
897.715
897.709
897.694
897.657
897.582
897.469
897.343
897.223
897.119
897.036
896.977
896.935
898.075
898.134
898.198
898.261
898.324
898.387
898.45
898.513
898.576
898.64
898.703
898.766
898.829
898.892
898.954
899.016
898.014
897.953
897.895
897.843
897.795
897.752
897.715
897.683
897.657
897.639
897.626
897.621
897.622
897.628
897.637
897.648
897.659
897.671
897.682
897.692
897.701
897.706
897.706
897.702
897.687
897.65
897.576
897.463
897.337
897.218
897.114
897.031
896.974
896.931
898.079
898.011
898.146
898.21
898.273
898.336
898.399
898.462
898.525
898.588
898.65
898.713
898.776
898.838
898.9
898.962
897.949
897.891
897.837
897.787
897.742
897.703
897.669
897.64
897.618
897.603
897.594
897.592
897.596
897.605
897.617
897.63
897.644
897.657
897.669
897.68
897.69
897.697
897.7
897.696
897.68
897.643
897.569
897.457
897.331
897.212
897.108
897.026
896.97
896.928
898.092
898.015
897.946
898.158
898.222
898.285
898.348
898.411
898.474
898.536
898.599
898.661
898.724
898.786
898.847
898.908
897.886
897.831
897.78
897.734
897.692
897.656
897.625
897.6
897.581
897.569
897.563
897.563
897.571
897.584
897.599
897.614
897.629
897.644
897.657
897.67
897.681
897.69
897.693
897.689
897.673
897.636
897.561
897.449
897.324
897.205
897.102
897.021
896.965
896.925
898.105
898.028
897.949
897.883
898.171
898.235
898.298
898.361
898.423
898.486
898.548
898.611
898.673
898.734
898.795
898.856
897.826
897.774
897.726
897.683
897.644
897.61
897.583
897.561
897.545
897.535
897.532
897.535
897.546
897.563
897.581
897.598
897.615
897.632
897.646
897.66
897.673
897.683
897.686
897.681
897.665
897.627
897.553
897.442
897.317
897.198
897.096
897.016
896.961
896.921
898.118
898.042
897.962
897.886
897.822
898.185
898.248
898.311
898.374
898.436
898.498
898.56
898.622
898.684
898.744
898.805
897.769
897.719
897.674
897.633
897.597
897.567
897.542
897.523
897.509
897.501
897.5
897.507
897.522
897.542
897.564
897.584
897.603
897.62
897.636
897.652
897.666
897.675
897.678
897.673
897.656
897.619
897.545
897.433
897.309
897.191
897.089
897.01
896.956
896.917
898.133
898.056
897.976
897.898
897.825
897.764
898.199
898.262
898.325
898.387
898.449
898.511
898.573
898.634
898.694
898.754
897.713
897.666
897.623
897.585
897.552
897.525
897.502
897.485
897.472
897.465
897.466
897.477
897.496
897.522
897.547
897.57
897.591
897.609
897.628
897.645
897.659
897.667
897.669
897.664
897.647
897.609
897.535
897.424
897.3
897.183
897.082
897.004
896.951
896.913
898.147
898.07
897.99
897.912
897.837
897.766
897.707
898.213
898.277
898.339
898.401
898.463
898.524
898.585
898.645
898.705
897.659
897.615
897.574
897.539
897.509
897.483
897.462
897.445
897.431
897.424
897.427
897.443
897.47
897.501
897.531
897.556
897.579
897.601
897.62
897.637
897.651
897.659
897.66
897.654
897.637
897.598
897.525
897.414
897.29
897.174
897.074
896.997
896.945
896.908
898.163
898.086
898.005
897.926
897.85
897.778
897.709
897.653
898.228
898.291
898.354
898.415
898.477
898.537
898.597
898.656
897.607
897.565
897.527
897.494
897.466
897.442
897.421
897.4
897.383
897.375
897.382
897.406
897.441
897.48
897.514
897.543
897.57
897.593
897.612
897.628
897.642
897.649
897.65
897.644
897.626
897.587
897.514
897.403
897.28
897.164
897.065
896.99
896.939
896.902
898.178
898.102
898.02
897.94
897.864
897.791
897.721
897.654
897.6
898.243
898.306
898.368
898.43
898.49
898.55
898.609
897.556
897.516
897.481
897.451
897.424
897.399
897.373
897.345
897.321
897.313
897.328
897.364
897.41
897.458
897.498
897.533
897.561
897.584
897.603
897.619
897.632
897.639
897.64
897.633
897.614
897.575
897.501
897.392
897.269
897.154
897.056
896.982
896.931
896.896
898.195
898.118
898.037
897.956
897.879
897.804
897.733
897.665
897.6
897.548
898.259
898.322
898.383
898.444
898.504
898.562
897.506
897.469
897.436
897.407
897.38
897.351
897.313
897.269
897.236
897.232
897.261
897.314
897.376
897.435
897.484
897.522
897.551
897.575
897.594
897.609
897.622
897.629
897.628
897.62
897.601
897.562
897.488
897.379
897.257
897.143
897.047
896.971
896.923
896.889
898.211
898.135
898.054
897.972
897.894
897.819
897.747
897.677
897.611
897.548
897.498
898.276
898.338
898.398
898.458
898.516
897.458
897.423
897.392
897.363
897.331
897.287
897.225
897.159
897.118
897.126
897.179
897.257
897.339
897.414
897.471
897.511
897.541
897.565
897.584
897.599
897.611
897.617
897.616
897.607
897.587
897.547
897.474
897.366
897.244
897.131
897.032
896.96
896.914
896.884
898.228
898.153
898.072
897.99
897.91
897.834
897.761
897.691
897.623
897.558
897.496
897.449
898.292
898.354
898.413
898.471
897.412
897.379
897.348
897.315
897.268
897.192
897.087
896.992
896.953
896.989
897.079
897.19
897.303
897.394
897.456
897.498
897.53
897.554
897.573
897.587
897.599
897.604
897.603
897.593
897.572
897.532
897.459
897.351
897.23
897.113
897.018
896.949
896.906
896.878
898.246
898.171
898.09
898.008
897.928
897.851
897.777
897.705
897.636
897.569
897.506
897.447
897.401
898.309
898.369
898.427
897.366
897.334
897.301
897.255
897.172
897.033
896.864
896.743
896.727
896.813
896.958
897.124
897.266
897.369
897.438
897.484
897.517
897.542
897.561
897.575
897.586
897.591
897.588
897.578
897.556
897.515
897.442
897.335
897.21
897.096
897.004
896.938
896.898
896.873
898.263
898.189
898.109
898.027
897.946
897.868
897.793
897.72
897.65
897.582
897.518
897.456
897.398
897.355
898.325
898.384
897.321
897.288
897.246
897.165
897.003
896.753
896.504
896.38
896.424
896.594
896.833
897.054
897.221
897.339
897.417
897.468
897.503
897.529
897.548
897.562
897.572
897.576
897.572
897.561
897.538
897.497
897.424
897.311
897.189
897.077
896.989
896.928
896.891
896.868
898.28
898.207
898.128
898.046
897.965
897.886
897.81
897.737
897.665
897.596
897.53
897.467
897.407
897.351
897.309
898.34
897.276
897.237
897.166
897.002
896.681
896.262
895.942
895.87
896.033
896.362
896.699
896.966
897.164
897.303
897.392
897.449
897.487
897.514
897.533
897.547
897.557
897.56
897.556
897.543
897.519
897.477
897.398
897.287
897.167
897.059
896.974
896.917
896.883
896.863
898.296
898.225
898.148
898.066
897.984
897.905
897.828
897.754
897.682
897.612
897.544
897.48
897.418
897.36
897.306
897.264
897.228
897.17
897.025
896.669
896.059
895.427
895.104
895.184
895.607
896.108
896.527
896.854
897.093
897.258
897.362
897.427
897.469
897.498
897.518
897.531
897.54
897.543
897.537
897.524
897.499
897.449
897.371
897.263
897.145
897.04
896.96
896.907
896.876
896.859
898.242
898.166
898.087
898.005
897.925
897.847
897.772
897.699
897.628
897.559
897.493
897.43
897.37
897.314
897.261
897.219
897.171
897.058
896.722
895.954
894.886
894.084
893.921
894.416
895.132
895.776
896.304
896.71
897.003
897.202
897.325
897.401
897.448
897.48
897.501
897.514
897.523
897.524
897.517
897.502
897.469
897.42
897.343
897.237
897.122
897.021
896.945
896.896
896.87
896.856
898.185
898.107
898.026
897.946
897.868
897.792
897.717
897.645
897.575
897.508
897.444
897.382
897.324
897.269
897.217
897.169
897.089
896.821
896.001
894.426
892.799
892.066
892.547
893.54
894.504
895.342
896.015
896.524
896.887
897.132
897.28
897.369
897.424
897.459
897.481
897.495
897.503
897.504
897.496
897.472
897.438
897.389
897.315
897.211
897.099
897.002
896.931
896.887
896.864
896.854
898.126
898.046
897.967
897.889
897.812
897.737
897.664
897.593
897.524
897.458
897.396
897.336
897.279
897.226
897.174
897.108
896.931
896.214
894.223
891.316
889.375
889.618
890.945
892.367
893.675
894.774
895.639
896.283
896.739
897.042
897.223
897.33
897.395
897.435
897.46
897.474
897.482
897.481
897.465
897.441
897.407
897.358
897.285
897.185
897.076
896.983
896.917
896.878
896.859
896.852
898.067
897.988
897.91
897.833
897.758
897.684
897.611
897.541
897.474
897.41
897.349
897.291
897.236
897.183
897.131
897.015
896.529
894.472
889.898
885.516
884.968
886.68
888.772
890.807
892.583
894.032
895.15
895.972
896.547
896.926
897.151
897.282
897.36
897.407
897.435
897.451
897.458
897.45
897.433
897.408
897.375
897.327
897.255
897.157
897.052
896.964
896.903
896.869
896.855
896.852
898.008
897.931
897.855
897.779
897.704
897.631
897.56
897.492
897.426
897.363
897.304
897.248
897.194
897.142
897.089
896.817
895.243
889.186
880.069
877.343
879.508
882.657
885.87
888.752
891.159
893.068
894.516
895.568
896.299
896.778
897.059
897.222
897.317
897.374
897.406
897.424
897.425
897.417
897.4
897.375
897.341
897.294
897.225
897.129
897.028
896.944
896.89
896.861
896.851
896.853
897.952
897.876
897.801
897.727
897.652
897.58
897.51
897.443
897.379
897.318
897.261
897.206
897.154
897.1
897.056
896.215
890.248
873.007
863.941
866.892
872.019
877.306
882.07
886.085
889.318
891.824
893.698
895.047
895.978
896.586
896.941
897.145
897.264
897.333
897.372
897.385
897.389
897.382
897.366
897.341
897.308
897.261
897.193
897.101
897.004
896.926
896.877
896.855
896.849
896.855
897.898
897.823
897.749
897.675
897.601
897.53
897.461
897.396
897.334
897.275
897.219
897.166
897.114
897.058
897.05
893.44
866.706
837.789
843.305
852.865
862.251
870.42
877.211
882.682
886.968
890.235
892.651
894.378
895.565
896.339
896.79
897.048
897.196
897.282
897.321
897.341
897.35
897.346
897.33
897.306
897.273
897.227
897.161
897.072
896.979
896.907
896.866
896.849
896.849
896.86
897.845
897.772
897.698
897.624
897.551
897.481
897.414
897.35
897.29
897.233
897.178
897.126
897.074
897.013
897.165
870.067
778.959
797.07
817.663
835.494
850.138
861.858
871.146
878.419
884.013
888.227
891.321
893.524
895.036
896.02
896.593
896.921
897.108
897.203
897.259
897.291
897.307
897.307
897.294
897.27
897.237
897.192
897.129
897.043
896.954
896.889
896.855
896.844
896.849
896.866
897.794
897.721
897.647
897.574
897.503
897.434
897.369
897.307
897.248
897.192
897.139
897.088
897.034
896.964
897.832
636.871
706.981
754.279
788.986
815.409
835.802
851.559
863.767
873.182
880.353
885.722
889.65
892.442
894.36
895.609
896.337
896.753
896.968
897.101
897.186
897.235
897.262
897.267
897.255
897.233
897.2
897.157
897.095
897.013
896.93
896.872
896.845
896.841
896.852
896.875
897.744
897.671
897.598
897.526
897.456
897.388
897.325
897.264
897.207
897.153
897.101
897.048
896.989
896.939
551.74
351.756
650.383
713.66
759.213
793.393
819.487
839.551
855.008
866.876
875.894
882.638
887.573
891.085
893.501
895.078
895.999
896.481
896.784
896.98
897.101
897.172
897.212
897.223
897.215
897.194
897.163
897.12
897.061
896.983
896.906
896.856
896.837
896.84
896.857
897.695
897.622
897.55
897.479
897.41
897.344
897.282
897.224
897.168
897.115
897.062
897.006
896.938
505.927
355.091
606.785
677.031
729.634
770.143
801.551
825.943
844.848
859.43
870.551
878.896
885.022
889.395
892.411
894.385
895.455
896.126
896.56
896.834
897.003
897.101
897.158
897.177
897.173
897.154
897.124
897.083
897.026
896.952
896.882
896.841
896.83
896.84
897.646
897.574
897.503
897.433
897.366
897.302
897.242
897.185
897.13
897.076
897.021
896.956
476.737
357.742
572.476
644.504
700.961
746.266
782.35
810.875
833.309
850.799
864.252
874.417
881.921
887.298
891.017
893.285
894.754
895.696
896.292
896.663
896.889
897.021
897.098
897.128
897.129
897.112
897.084
897.044
896.99
896.922
896.859
896.827
896.825
897.599
897.527
897.457
897.389
897.323
897.261
897.202
897.146
897.091
897.035
896.972
456.063
359.645
544.326
615.457
673.57
722.187
762.169
794.519
820.444
840.962
856.936
869.121
878.173
884.68
888.841
891.898
893.916
895.186
895.978
896.465
896.76
896.932
897.033
897.076
897.082
897.069
897.043
897.005
896.954
896.891
896.837
896.815
897.552
897.482
897.413
897.346
897.282
897.221
897.164
897.108
897.05
896.986
440.103
360.962
520.374
589.27
647.719
698.236
741.311
777.058
806.33
829.917
848.55
862.907
873.619
880.677
886.179
890.279
892.941
894.595
895.615
896.239
896.613
896.833
896.962
897.019
897.033
897.024
897
896.965
896.917
896.86
896.816
897.507
897.438
897.37
897.305
897.242
897.183
897.125
897.066
897.001
427.31
361.904
499.46
565.651
623.387
674.721
719.943
758.67
791.053
817.677
839.021
855.575
866.816
875.942
883.155
888.438
891.832
893.923
895.205
895.984
896.45
896.724
896.885
896.959
896.982
896.977
896.956
896.923
896.88
896.83
897.463
897.395
897.329
897.265
897.204
897.144
897.084
897.018
416.822
362.514
481.135
544.12
600.39
651.761
698.368
739.514
774.745
804.245
828.134
844.898
859.047
870.716
879.803
886.388
890.595
893.174
894.748
895.7
896.27
896.604
896.801
896.895
896.927
896.928
896.91
896.881
896.842
897.42
897.353
897.289
897.226
897.165
897.103
897.035
408.281
362.887
465.116
524.101
578.691
629.539
676.863
719.79
757.49
789.425
812.732
833.163
850.732
865.076
876.162
884.151
889.241
892.353
894.246
895.39
896.072
896.473
896.711
896.827
896.87
896.877
896.863
896.838
897.379
897.314
897.25
897.187
897.124
897.054
401.373
363.092
451.073
505.609
558.243
608.222
655.615
699.677
739.141
769.169
796.5
821.027
842.021
859.109
872.281
881.751
887.784
891.466
893.704
895.053
895.859
896.333
896.615
896.754
896.81
896.823
896.815
897.339
897.275
897.211
897.146
897.074
395.846
363.193
438.976
488.8
539.115
587.847
634.77
679.205
714.955
748.792
780.363
808.718
833.063
852.907
868.212
879.22
886.239
890.524
893.125
894.694
895.631
896.183
896.513
896.677
896.746
896.767
897.3
897.236
897.17
897.097
391.383
363.261
428.619
473.774
521.271
568.394
614.39
653.363
691.843
729.334
764.58
796.46
824.005
846.563
864.014
876.589
884.625
889.534
892.516
894.315
895.39
896.024
896.404
896.596
896.679
897.261
897.195
897.121
387.78
363.295
419.893
460.455
504.757
549.911
589.654
629.9
670.671
710.976
749.412
784.457
814.993
840.179
859.748
873.893
882.963
888.51
891.882
893.918
895.136
895.856
896.289
896.51
897.22
897.146
384.832
363.322
412.615
448.808
489.711
528.23
568.028
609.23
651.547
693.981
735.022
772.906
806.174
833.843
855.474
871.171
881.272
887.462
891.229
893.507
894.871
895.679
896.166
897.172
382.395
363.334
406.568
438.705
472.875
509.988
549.585
591.263
634.495
678.476
721.6
761.923
797.68
827.66
851.252
868.458
879.575
886.402
890.564
893.084
894.594
895.491
380.35
363.327
401.519
427.919
459.406
495.034
534.017
575.751
619.523
664.535
709.276
751.661
789.616
821.711
847.144
865.79
877.892
885.341
889.89
892.645
894.303
378.636
363.301
396.266
419.728
448.856
482.888
521.026
562.509
606.544
652.232
698.168
742.214
782.082
816.071
843.199
863.198
876.239
884.284
889.199
892.189
363.277
376.819
392.4
413.597
440.644
473.135
510.322
551.376
595.457
641.55
688.338
733.674
775.148
810.799
839.457
860.701
874.615
883.208
888.487
363.259
375.523
389.606
409.03
434.341
465.43
501.661
542.196
586.148
632.451
679.802
726.105
768.874
805.938
835.937
858.268
872.977
882.115
363.328
374.663
387.641
405.707
429.619
459.496
494.831
534.812
578.518
624.872
672.547
719.53
763.294
801.505
832.557
855.87
871.339
363.521
374.182
386.355
403.411
426.234
455.104
489.644
529.077
572.464
618.734
666.542
713.939
758.383
797.346
829.331
853.527
363.858
374.045
385.659
401.995
424.003
452.078
485.943
524.856
567.88
613.955
661.722
709.211
753.946
793.529
826.278
364.352
374.24
385.498
401.355
422.793
450.275
483.588
522.023
564.658
610.436
657.933
705.253
750.087
790.069
365.021
374.762
385.833
401.419
422.506
449.579
482.458
520.463
562.687
608.049
655.077
702.055
746.791
365.872
375.603
386.64
402.143
423.07
449.897
482.45
520.069
561.877
606.652
653.087
699.569
366.911
376.766
387.911
403.493
424.429
451.15
483.469
520.776
562.039
606.156
651.888
368.15
378.262
389.644
405.454
426.542
453.273
485.465
522.398
563.078
606.464
369.608
380.11
391.851
408.019
429.377
456.216
488.315
524.848
564.891
371.311
382.338
394.551
411.186
432.886
459.961
491.937
528.021
373.293
384.978
397.764
414.924
437.156
464.43
496.228
375.595
388.07
401.48
419.373
442.105
469.527
378.271
391.599
405.838
424.462
447.654
381.339
395.701
410.811
430.138
384.954
400.397
416.372
389.145
405.686
393.932
)
;

boundaryField
{
    inlet
    {
        type            fixedValue;
        value           uniform 900;
    }
    outlet
    {
        type            zeroGradient;
    }
    splitter
    {
        type            zeroGradient;
    }
    fuel_inlet
    {
        type            fixedValue;
        value           uniform 350;
    }
    back
    {
        type            zeroGradient;
    }
    sides
    {
        type            zeroGradient;
    }
    frontAndBack
    {
        type            empty;
    }
    procBoundary1to0
    {
        type            processor;
        value           nonuniform List<scalar> 
53
(
899.93
899.854
899.779
899.705
899.633
899.564
899.498
899.433
899.37
899.309
899.25
899.191
899.134
899.078
899.023
898.969
898.916
898.864
898.814
898.764
898.715
898.667
898.62
898.574
898.529
898.484
898.441
898.398
898.355
898.312
898.258
898.202
898.145
898.087
898.029
897.973
897.919
897.867
897.816
897.767
897.718
897.671
897.624
897.578
897.533
897.489
897.446
897.405
897.365
897.326
897.287
897.246
897.199
)
;
    }
    procBoundary1to2
    {
        type            processor;
        value           nonuniform List<scalar> 
71
(
896.886
350.087
896.864
350.281
896.843
350.524
896.822
350.796
896.804
351.085
896.796
351.393
896.8
351.719
896.804
352.069
896.794
352.439
896.764
352.819
896.709
353.205
896.608
353.589
896.418
353.97
896.036
354.343
895.293
354.705
893.998
355.057
891.715
355.409
887.758
355.879
881.01
356.384
869.709
356.947
851.249
357.582
823.411
358.304
786.966
359.124
744.028
360.039
697.736
361.059
651.392
362.192
607.473
363.455
567.37
364.877
531.812
366.49
501.088
368.338
475.142
370.462
453.701
372.986
436.326
376.004
422.467
379.551
411.534
383.658
399.305
)
;
    }
}


// ************************************************************************* //
