/*--------------------------------*- C++ -*----------------------------------*\
  =========                 |
  \\      /  F ield         | OpenFOAM: The Open Source CFD Toolbox
   \\    /   O peration     | Website:  https://openfoam.org
    \\  /    A nd           | Version:  8
     \\/     M anipulation  |
\*---------------------------------------------------------------------------*/
FoamFile
{
    version     2.0;
    format      ascii;
    class       volVectorField;
    location    "0.05";
    object      U;
}
// * * * * * * * * * * * * * * * * * * * * * * * * * * * * * * * * * * * * * //

dimensions      [0 1 -1 0 0 0 0];

internalField   nonuniform List<vector> 
3910
(
(-0.397188 6.49098 0)
(0.585582 9.38642 0)
(-0.0510347 3.66978 0)
(0.0880076 9.91275 0)
(0.189221 7.65747 0)
(0.00135539 3.09344 0)
(0.288055 10.0291 0)
(0.118016 9.41429 0)
(0.0354733 6.35257 0)
(0.00210255 2.85967 0)
(0.246363 10.0582 0)
(0.211705 10.0522 0)
(0.0837057 8.35081 0)
(0.0141641 5.65083 0)
(0.000997795 2.74961 0)
(0.227222 10.0664 0)
(0.199635 10.2104 0)
(0.136725 9.64163 0)
(0.0520681 7.47225 0)
(0.0102971 5.28941 0)
(0.000979415 2.65601 0)
(0.214729 10.0684 0)
(0.191794 10.2455 0)
(0.151033 10.1397 0)
(0.0953017 8.99106 0)
(0.0322195 6.91421 0)
(0.00827032 5.05558 0)
(0.000561569 2.58824 0)
(0.200622 10.0671 0)
(0.186753 10.2409 0)
(0.153677 10.2557 0)
(0.127119 9.90881 0)
(0.0661167 8.3762 0)
(0.0225192 6.55865 0)
(0.00591365 4.89357 0)
(0.000268696 2.54908 0)
(0.184337 10.0633 0)
(0.179986 10.2302 0)
(0.153028 10.2896 0)
(0.137501 10.2089 0)
(0.103647 9.54757 0)
(0.046996 7.916 0)
(0.0162199 6.31384 0)
(0.00406406 4.78463 0)
(0.000124975 2.52221 0)
(0.166617 10.0578 0)
(0.171003 10.217 0)
(0.15023 10.2904 0)
(0.138962 10.2818 0)
(0.123983 10.1131 0)
(0.0808948 9.14066 0)
(0.033914 7.5831 0)
(0.0117417 6.14303 0)
(0.0027919 4.70804 0)
(-6.31638e-05 2.50816 0)
(0.147902 10.0514 0)
(0.160857 10.2011 0)
(0.146063 10.2791 0)
(0.137684 10.297 0)
(0.12831 10.2714 0)
(0.107945 9.95259 0)
(0.0613846 8.77487 0)
(0.0249965 7.34183 0)
(0.00849664 6.01988 0)
(0.00159017 4.65797 0)
(-0.000270526 2.50452 0)
(0.128584 10.0445 0)
(0.14995 10.1825 0)
(0.140999 10.2637 0)
(0.135554 10.296 0)
(0.127886 10.3089 0)
(0.117106 10.2446 0)
(0.0906515 9.73095 0)
(0.0463162 8.47756 0)
(0.0185333 7.16549 0)
(0.00561056 5.93454 0)
(0.000404583 4.62891 0)
(-0.000512805 2.51077 0)
(0.109208 10.038 0)
(0.138311 10.1619 0)
(0.134854 10.2455 0)
(0.132374 10.2868 0)
(0.126316 10.3144 0)
(0.117946 10.3167 0)
(0.105693 10.1875 0)
(0.0739416 9.48797 0)
(0.034853 8.25019 0)
(0.0130647 7.03815 0)
(0.00286196 5.87832 0)
(-0.000808304 4.61906 0)
(-0.000788241 2.52618 0)
(0.0894871 10.0317 0)
(0.125937 10.1404 0)
(0.127611 10.2246 0)
(0.128109 10.2723 0)
(0.12373 10.3087 0)
(0.116642 10.3319 0)
(0.108154 10.3153 0)
(0.093409 10.1017 0)
(0.0586505 9.262 0)
(0.0254807 8.07925 0)
(0.00800114 6.94856 0)
(0.000106143 5.84764 0)
(-0.00209015 4.62577 0)
(-0.00107866 2.5507 0)
(0.0723357 10.0259 0)
(0.113664 10.1188 0)
(0.119328 10.201 0)
(0.122734 10.2541 0)
(0.120248 10.2968 0)
(0.114212 10.3299 0)
(0.10696 10.3453 0)
(0.0981429 10.3066 0)
(0.0799668 9.99141 0)
(0.0448898 9.07026 0)
(0.0171878 7.95314 0)
(0.00304169 6.89101 0)
(-0.00270799 5.83901 0)
(-0.0034608 4.64824 0)
(-0.00145634 2.58371 0)
(0.0589174 10.0207 0)
(0.102376 10.099 0)
(0.110378 10.1757 0)
(0.11615 10.2324 0)
(0.115837 10.2805 0)
(0.110927 10.3202 0)
(0.104581 10.3484 0)
(0.0971139 10.3578 0)
(0.0875269 10.2892 0)
(0.0657879 9.86999 0)
(0.0323044 8.91759 0)
(0.00926743 7.86443 0)
(-0.0019326 6.86076 0)
(-0.00567623 5.8505 0)
(-0.00503485 4.68584 0)
(-0.00190134 2.6271 0)
(0.0483036 10.0162 0)
(0.0921407 10.082 0)
(0.101678 10.1519 0)
(0.108388 10.2078 0)
(0.110359 10.2602 0)
(0.106792 10.3056 0)
(0.101215 10.3411 0)
(0.0946314 10.3663 0)
(0.086881 10.3688 0)
(0.0757872 10.2635 0)
(0.0511738 9.75264 0)
(0.0203553 8.80191 0)
(0.00141907 7.80812 0)
(-0.00709657 6.85498 0)
(-0.00897385 5.881 0)
(-0.00678797 4.73838 0)
(-0.00235352 2.67973 0)
(0.040238 10.0126 0)
(0.0826024 10.0672 0)
(0.0936217 10.1311 0)
(0.100454 10.1839 0)
(0.103677 10.2364 0)
(0.101711 10.2867 0)
(0.096997 10.328 0)
(0.0909673 10.3614 0)
(0.084005 10.3851 0)
(0.0754279 10.3791 0)
(0.0625131 10.232 0)
(0.0361887 9.64889 0)
(0.00870399 8.72063 0)
(-0.00659202 7.78048 0)
(-0.0127093 6.87178 0)
(-0.0125661 5.92938 0)
(-0.0086731 4.80527 0)
(-0.00285462 2.74135 0)
(0.0336078 10.01 0)
(0.0736606 10.055 0)
(0.0860521 10.1128 0)
(0.093032 10.1627 0)
(0.096558 10.2124 0)
(0.0955411 10.2638 0)
(0.0918572 10.3104 0)
(0.0863827 10.3497 0)
(0.0797908 10.3829 0)
(0.072002 10.4056 0)
(0.0623247 10.3898 0)
(0.0475164 10.1979 0)
(0.0208716 9.56551 0)
(-0.00313992 8.67021 0)
(-0.0151021 7.77867 0)
(-0.0187402 6.9095 0)
(-0.0164208 5.99493 0)
(-0.0107139 4.88629 0)
(-0.00340411 2.81215 0)
(0.0282809 10.0081 0)
(0.0658645 10.0455 0)
(0.0788161 10.0973 0)
(0.0859683 10.1438 0)
(0.0896866 10.1906 0)
(0.0888958 10.24 0)
(0.0856723 10.2885 0)
(0.080863 10.3331 0)
(0.0745418 10.3725 0)
(0.067041 10.4066 0)
(0.0582357 10.4283 0)
(0.0475026 10.4016 0)
(0.0309416 10.166 0)
(0.00496194 9.50564 0)
(-0.0151382 8.64798 0)
(-0.0241753 7.80064 0)
(-0.0251881 6.96694 0)
(-0.0205568 6.07694 0)
(-0.0128855 4.98073 0)
(-0.00398171 2.89136 0)
(0.023991 10.0066 0)
(0.0587737 10.0383 0)
(0.0720354 10.0844 0)
(0.0792371 10.1274 0)
(0.0829772 10.171 0)
(0.0823913 10.2178 0)
(0.0790336 10.2651 0)
(0.0742989 10.3119 0)
(0.0683028 10.3566 0)
(0.0608801 10.3974 0)
(0.0522799 10.433 0)
(0.0424763 10.4541 0)
(0.0307616 10.4155 0)
(0.0129464 10.1415 0)
(-0.0113447 9.47053 0)
(-0.0278386 8.6513 0)
(-0.033787 7.84454 0)
(-0.0320523 7.04271 0)
(-0.0249408 6.17436 0)
(-0.0151607 5.08759 0)
(-0.0045904 2.97848 0)
(0.0206288 10.0055 0)
(0.0520569 10.0325 0)
(0.0657749 10.0739 0)
(0.072854 10.1133 0)
(0.0764991 10.1535 0)
(0.0759842 10.1974 0)
(0.0725423 10.2429 0)
(0.0673213 10.2889 0)
(0.0609972 10.3359 0)
(0.0536232 10.3819 0)
(0.0449338 10.4249 0)
(0.0352239 10.4627 0)
(0.0244386 10.4836 0)
(0.0118818 10.4333 0)
(-0.00658116 10.1279 0)
(-0.0284339 9.45947 0)
(-0.0412549 8.67843 0)
(-0.0439408 7.90858 0)
(-0.0392909 7.1356 0)
(-0.0295341 6.28626 0)
(-0.0175302 5.20606 0)
(-0.00523349 3.07297 0)
(0.0180758 10.0048 0)
(0.0464288 10.028 0)
(0.0602085 10.0652 0)
(0.0668545 10.1013 0)
(0.0703011 10.1383 0)
(0.0697711 10.1789 0)
(0.0661572 10.2219 0)
(0.0605427 10.2665 0)
(0.0533442 10.3129 0)
(0.0452358 10.3613 0)
(0.0363492 10.4097 0)
(0.0263745 10.4557 0)
(0.0155786 10.4966 0)
(0.00392984 10.5179 0)
(-0.00922624 10.4566 0)
(-0.0275187 10.128 0)
(-0.0463473 9.47168 0)
(-0.0553298 8.72732 0)
(-0.0546109 7.99155 0)
(-0.046877 7.24459 0)
(-0.034297 6.41155 0)
(-0.0199761 5.33513 0)
(-0.00589704 3.17414 0)
(0.0161038 10.0042 0)
(0.0418926 10.0246 0)
(0.0551661 10.058 0)
(0.061305 10.0911 0)
(0.064422 10.1251 0)
(0.0638152 10.1625 0)
(0.0599808 10.2026 0)
(0.0539072 10.245 0)
(0.0459885 10.2902 0)
(0.0365727 10.3381 0)
(0.0265279 10.3889 0)
(0.0161054 10.4407 0)
(0.00487684 10.4906 0)
(-0.00687017 10.5352 0)
(-0.0192302 10.5575 0)
(-0.0324384 10.4871 0)
(-0.0497651 10.1433 0)
(-0.0650607 9.5059 0)
(-0.0700675 8.79654 0)
(-0.0657476 8.09183 0)
(-0.054734 7.36835 0)
(-0.0391863 6.54894 0)
(-0.0224587 5.47351 0)
(-0.00656083 3.28107 0)
(0.0145424 10.0038 0)
(0.0381424 10.0221 0)
(0.0507737 10.0524 0)
(0.0562798 10.0825 0)
(0.0588865 10.1136 0)
(0.0581572 10.1481 0)
(0.0540845 10.1852 0)
(0.0475228 10.2249 0)
(0.0388496 10.268 0)
(0.0283416 10.3148 0)
(0.0165011 10.3651 0)
(0.00444341 10.4193 0)
(-0.0074752 10.4754 0)
(-0.0198451 10.5303 0)
(-0.0323471 10.5794 0)
(-0.0449557 10.6036 0)
(-0.0577187 10.526 0)
(-0.0731917 10.1751 0)
(-0.08455 9.56049 0)
(-0.0853818 8.88419 0)
(-0.0772572 8.20794 0)
(-0.062772 7.50535 0)
(-0.0441334 6.69693 0)
(-0.0249328 5.61988 0)
(-0.0072173 3.39277 0)
(0.0132811 10.0034 0)
(0.0350448 10.0202 0)
(0.0470481 10.048 0)
(0.0519522 10.0758 0)
(0.0538995 10.104 0)
(0.0528159 10.1354 0)
(0.0485136 10.1696 0)
(0.0414718 10.2064 0)
(0.0320403 10.2468 0)
(0.0204365 10.2916 0)
(0.00707398 10.3408 0)
(-0.00734377 10.3945 0)
(-0.0214129 10.4533 0)
(-0.0347136 10.5147 0)
(-0.0479769 10.5753 0)
(-0.0608381 10.6297 0)
(-0.0731849 10.6567 0)
(-0.0849546 10.5749 0)
(-0.0976943 10.2234 0)
(-0.104737 9.63396 0)
(-0.101125 8.98842 0)
(-0.0890102 8.33829 0)
(-0.0708886 7.65402 0)
(-0.0490631 6.85405 0)
(-0.0273655 5.77283 0)
(-0.00785861 3.50821 0)
(0.0122457 10.0032 0)
(0.0324701 10.0187 0)
(0.0438636 10.0446 0)
(0.0482611 10.0703 0)
(0.0496355 10.0964 0)
(0.0480142 10.1247 0)
(0.0432912 10.1556 0)
(0.0358095 10.1895 0)
(0.0256519 10.227 0)
(0.0129747 10.2691 0)
(-0.00188667 10.3163 0)
(-0.0183213 10.369 0)
(-0.035406 10.4271 0)
(-0.0514149 10.4914 0)
(-0.0658358 10.5591 0)
(-0.0795976 10.6262 0)
(-0.0923044 10.6868 0)
(-0.103796 10.7176 0)
(-0.113853 10.6347 0)
(-0.123115 10.288 0)
(-0.12544 9.72463 0)
(-0.117187 9.10769 0)
(-0.100858 8.48118 0)
(-0.0789774 7.8127 0)
(-0.0539098 7.01872 0)
(-0.0297246 5.9309 0)
(-0.00847692 3.62636 0)
(0.0113846 10.003 0)
(0.0303136 10.0175 0)
(0.0411202 10.0418 0)
(0.045088 10.0659 0)
(0.0460036 10.0902 0)
(0.0439148 10.116 0)
(0.0386373 10.1438 0)
(0.0305684 10.1743 0)
(0.0197503 10.2087 0)
(0.00605629 10.2477 0)
(-0.0102554 10.2922 0)
(-0.0286697 10.3428 0)
(-0.0483536 10.3999 0)
(-0.0681061 10.4635 0)
(-0.0858402 10.5344 0)
(-0.100968 10.6092 0)
(-0.114686 10.6837 0)
(-0.126634 10.7511 0)
(-0.136547 10.7867 0)
(-0.144112 10.7054 0)
(-0.149228 10.3682 0)
(-0.146458 9.83075 0)
(-0.133384 9.24029 0)
(-0.112651 8.63482 0)
(-0.0869429 7.97971 0)
(-0.0586116 7.18929 0)
(-0.0319786 6.09263 0)
(-0.00905993 3.74615 0)
(0.010661 10.0028 0)
(0.0284943 10.0165 0)
(0.0387532 10.0395 0)
(0.0423473 10.0623 0)
(0.0428917 10.0851 0)
(0.0404283 10.1089 0)
(0.0347021 10.134 0)
(0.0259724 10.1611 0)
(0.0143775 10.192 0)
(-0.000240819 10.2277 0)
(-0.0179229 10.269 0)
(-0.0382449 10.3167 0)
(-0.0604677 10.3716 0)
(-0.0834794 10.4342 0)
(-0.105778 10.5044 0)
(-0.124868 10.5828 0)
(-0.140124 10.6657 0)
(-0.153136 10.7481 0)
(-0.163571 10.8228 0)
(-0.171115 10.8642 0)
(-0.175405 10.787 0)
(-0.175819 10.4626 0)
(-0.16759 9.95037 0)
(-0.14949 9.38435 0)
(-0.124256 8.79745 0)
(-0.0946826 8.15334 0)
(-0.0631105 7.36418 0)
(-0.0340927 6.25653 0)
(-0.00957746 3.86665 0)
(0.0100474 10.0026 0)
(0.026949 10.0157 0)
(0.0367113 10.0376 0)
(0.0399743 10.0593 0)
(0.0402126 10.0809 0)
(0.0374503 10.1031 0)
(0.0313912 10.126 0)
(0.0221584 10.1502 0)
(0.00976519 10.1773 0)
(-0.00586312 10.2091 0)
(-0.0247975 10.2468 0)
(-0.0469208 10.2911 0)
(-0.0715914 10.3431 0)
(-0.0977928 10.4035 0)
(-0.124094 10.4726 0)
(-0.148657 10.5503 0)
(-0.168549 10.6372 0)
(-0.183205 10.7288 0)
(-0.194696 10.8197 0)
(-0.202772 10.9023 0)
(-0.207135 10.9503 0)
(-0.207365 10.8792 0)
(-0.202554 10.57 0)
(-0.188632 10.0818 0)
(-0.165328 9.53801 0)
(-0.135539 8.96732 0)
(-0.102101 8.33191 0)
(-0.0673488 7.54178 0)
(-0.036058 6.42137 0)
(-0.0103175 3.98653 0)
(0.00952331 10.0025 0)
(0.0256278 10.015 0)
(0.0349168 10.036 0)
(0.0378927 10.0568 0)
(0.0378959 10.0774 0)
(0.0348963 10.0983 0)
(0.0285956 10.1194 0)
(0.0190144 10.1412 0)
(0.00603251 10.165 0)
(-0.0105688 10.1926 0)
(-0.0308133 10.226 0)
(-0.0545903 10.2665 0)
(-0.0815788 10.3148 0)
(-0.110865 10.372 0)
(-0.141097 10.4389 0)
(-0.170484 10.5156 0)
(-0.196838 10.602 0)
(-0.216809 10.6981 0)
(-0.229977 10.7991 0)
(-0.239021 10.8988 0)
(-0.24383 10.9896 0)
(-0.244191 11.0448 0)
(-0.239658 10.9815 0)
(-0.229109 10.6886 0)
(-0.209335 10.2234 0)
(-0.180725 9.69945 0)
(-0.146367 9.14268 0)
(-0.109115 8.51374 0)
(-0.0712821 7.72072 0)
(-0.0376699 6.58546 0)
(-0.011299 4.11913 0)
(0.00907267 10.0024 0)
(0.0244913 10.0144 0)
(0.0333461 10.0347 0)
(0.0360815 10.0548 0)
(0.0358822 10.0745 0)
(0.0326973 10.0942 0)
(0.0262265 10.1138 0)
(0.0164157 10.1336 0)
(0.00304112 10.1547 0)
(-0.0142608 10.1786 0)
(-0.0357095 10.2072 0)
(-0.0611726 10.2429 0)
(-0.0903028 10.2871 0)
(-0.122521 10.3405 0)
(-0.156574 10.404 0)
(-0.190726 10.4785 0)
(-0.222809 10.564 0)
(-0.250301 10.6598 0)
(-0.269456 10.7659 0)
(-0.28011 10.8767 0)
(-0.285691 10.9856 0)
(-0.286301 11.0847 0)
(-0.281848 11.1474 0)
(-0.2719 11.093 0)
(-0.255239 10.817 0)
(-0.22945 10.3731 0)
(-0.195515 9.8669 0)
(-0.156624 9.3218 0)
(-0.115654 8.69739 0)
(-0.0748396 7.89922 0)
(-0.0392225 6.76659 0)
(-0.0120074 4.26295 0)
(0.0086827 10.0024 0)
(0.0235084 10.0139 0)
(0.0319667 10.0336 0)
(0.0344973 10.0531 0)
(0.0341285 10.072 0)
(0.0307974 10.0908 0)
(0.0242114 10.1091 0)
(0.0142613 10.1273 0)
(0.000644611 10.1461 0)
(-0.0171114 10.1668 0)
(-0.0394126 10.1912 0)
(-0.06638 10.2215 0)
(-0.0976627 10.2604 0)
(-0.132612 10.3092 0)
(-0.170321 10.3687 0)
(-0.209134 10.4398 0)
(-0.246911 10.523 0)
(-0.281104 10.6182 0)
(-0.308892 10.7244 0)
(-0.32617 10.841 0)
(-0.333171 10.9619 0)
(-0.334222 11.0799 0)
(-0.329689 11.1871 0)
(-0.319645 11.2574 0)
(-0.303699 11.2126 0)
(-0.280665 10.9534 0)
(-0.248771 10.5293 0)
(-0.209545 10.0386 0)
(-0.166207 9.50322 0)
(-0.121645 8.88102 0)
(-0.0784344 8.09666 0)
(-0.0408523 6.96293 0)
(-0.0124432 4.40212 0)
(0.00834357 10.0023 0)
(0.0226531 10.0135 0)
(0.0307515 10.0327 0)
(0.0331078 10.0516 0)
(0.0325959 10.0699 0)
(0.0291505 10.0879 0)
(0.0224914 10.1051 0)
(0.0124694 10.1219 0)
(-0.00127542 10.1387 0)
(-0.0192956 10.1568 0)
(-0.0421388 10.1776 0)
(-0.0701638 10.203 0)
(-0.103334 10.2357 0)
(-0.141012 10.2786 0)
(-0.182155 10.3333 0)
(-0.225463 10.4 0)
(-0.268848 10.4799 0)
(-0.30975 10.573 0)
(-0.345257 10.6788 0)
(-0.372307 10.796 0)
(-0.386503 10.9236 0)
(-0.388635 11.0546 0)
(-0.384069 11.1815 0)
(-0.373472 11.2966 0)
(-0.35714 11.3743 0)
(-0.334716 11.3392 0)
(-0.305113 11.0964 0)
(-0.267113 10.6901 0)
(-0.222683 10.2131 0)
(-0.17503 9.68504 0)
(-0.127702 9.08465 0)
(-0.0819976 8.31105 0)
(-0.0421904 7.15292 0)
(-0.0127244 4.53542 0)
(0.0080511 10.0022 0)
(0.0219034 10.0132 0)
(0.0296748 10.0319 0)
(0.0318864 10.0504 0)
(0.0312534 10.0682 0)
(0.0277185 10.0854 0)
(0.0210178 10.1017 0)
(0.0109736 10.1172 0)
(-0.00281448 10.1324 0)
(-0.0209555 10.1482 0)
(-0.0441015 10.1659 0)
(-0.0727951 10.1871 0)
(-0.107293 10.2142 0)
(-0.147344 10.2502 0)
(-0.191916 10.2982 0)
(-0.239486 10.3599 0)
(-0.288327 10.4352 0)
(-0.335887 10.5249 0)
(-0.379184 10.629 0)
(-0.414998 10.7464 0)
(-0.440105 10.8751 0)
(-0.449906 11.0138 0)
(-0.445911 11.1548 0)
(-0.434654 11.2902 0)
(-0.417139 11.4126 0)
(-0.393898 11.4972 0)
(-0.364633 11.4716 0)
(-0.32835 11.2442 0)
(-0.284312 10.8542 0)
(-0.23483 10.3884 0)
(-0.183958 9.88718 0)
(-0.133647 9.30629 0)
(-0.0849076 8.51887 0)
(-0.0432045 7.33513 0)
(-0.012911 4.66185 0)
(0.0212474 10.0129 0)
(0.00769435 10.0022 0)
(0.0287152 10.0313 0)
(0.0308099 10.0493 0)
(0.0300755 10.0666 0)
(0.0264704 10.0833 0)
(0.0197508 10.0988 0)
(0.00972047 10.1133 0)
(-0.00404922 10.127 0)
(-0.0222045 10.1409 0)
(-0.0454727 10.1558 0)
(-0.0745347 10.1734 0)
(-0.109877 10.1956 0)
(-0.151609 10.2251 0)
(-0.199162 10.2653 0)
(-0.251005 10.3197 0)
(-0.305072 10.3896 0)
(-0.359165 10.4748 0)
(-0.410261 10.5757 0)
(-0.454995 10.6916 0)
(-0.48991 10.8212 0)
(-0.511727 10.9618 0)
(-0.515743 11.1116 0)
(-0.504355 11.2621 0)
(-0.485386 11.4054 0)
(-0.460187 11.5343 0)
(-0.429519 11.6252 0)
(-0.393167 11.6086 0)
(-0.350178 11.3956 0)
(-0.300251 11.0195 0)
(-0.247126 10.5838 0)
(-0.19271 10.1077 0)
(-0.138603 9.52167 0)
(-0.0871637 8.71867 0)
(-0.0439362 7.50837 0)
(-0.0130227 4.781 0)
(0.0278591 10.0307 0)
(0.0204558 10.0125 0)
(0.00725111 10.0021 0)
(0.0298517 10.0484 0)
(0.0290374 10.0653 0)
(0.0253806 10.0814 0)
(0.0186584 10.0963 0)
(0.00866657 10.1099 0)
(-0.00504082 10.1224 0)
(-0.0231334 10.1345 0)
(-0.04639 10.1471 0)
(-0.0755931 10.1615 0)
(-0.111405 10.1794 0)
(-0.154221 10.2032 0)
(-0.203909 10.236 0)
(-0.259485 10.2815 0)
(-0.318831 10.3436 0)
(-0.379249 10.4231 0)
(-0.438071 10.5195 0)
(-0.491818 10.6326 0)
(-0.536803 10.7614 0)
(-0.569436 10.9036 0)
(-0.586503 11.0562 0)
(-0.583309 11.2167 0)
(-0.563301 11.3762 0)
(-0.535686 11.5265 0)
(-0.502143 11.6612 0)
(-0.463657 11.7573 0)
(-0.420064 11.749 0)
(-0.370455 11.5488 0)
(-0.316391 11.2044 0)
(-0.259211 10.7976 0)
(-0.20011 10.3225 0)
(-0.142564 9.72927 0)
(-0.0888463 8.90919 0)
(-0.0444203 7.67199 0)
(-0.0130628 4.89273 0)
(0.0289904 10.0476 0)
(0.0268678 10.0299 0)
(0.0194231 10.012 0)
(0.00681884 10.002 3.21102e-16)
(0.028111 10.0642 0)
(0.0244241 10.0799 0)
(0.0177146 10.0941 0)
(0.00777752 10.1069 0)
(-0.00583814 10.1184 0)
(-0.0238138 10.1291 0)
(-0.0469624 10.1396 0)
(-0.0761382 10.1512 0)
(-0.112134 10.1653 0)
(-0.155569 10.1841 0)
(-0.206662 10.2103 0)
(-0.264951 10.2474 0)
(-0.32895 10.2995 0)
(-0.395826 10.3705 0)
(-0.462208 10.4611 0)
(-0.524971 10.57 0)
(-0.580229 10.6964 0)
(-0.62407 10.8386 0)
(-0.652888 10.9938 0)
(-0.663672 11.1582 0)
(-0.651854 11.3289 0)
(-0.622078 11.4965 0)
(-0.584998 11.6529 0)
(-0.54258 11.7921 0)
(-0.495998 11.8927 0)
(-0.445151 11.8912 0)
(-0.391035 11.7206 0)
(-0.332286 11.4071 0)
(-0.269537 11.0063 0)
(-0.206145 10.5301 0)
(-0.145617 9.9278 0)
(-0.090026 9.08969 0)
(-0.0446795 7.82568 0)
(-0.0130361 4.99698 0)
(0.0272721 10.0632 0)
(0.0280216 10.0465 0)
(0.0255839 10.0289 1.45505e-15)
(0.0184019 10.0115 -1.01777e-15)
(0.00639643 10.0019 -6.32507e-16)
(0.0235711 10.0785 0)
(0.0168946 10.0923 0)
(0.00702625 10.1043 0)
(-0.00647946 10.1149 0)
(-0.0243025 10.1243 0)
(-0.0472756 10.1331 0)
(-0.0763024 10.1422 0)
(-0.112271 10.153 0)
(-0.155968 10.1673 0)
(-0.207892 10.1876 0)
(-0.268008 10.2171 0)
(-0.335444 10.2597 0)
(-0.408082 10.3197 0)
(-0.48228 10.4012 0)
(-0.553969 10.5044 0)
(-0.619612 10.6269 0)
(-0.674997 10.7675 0)
(-0.716109 10.9237 0)
(-0.739466 11.0918 0)
(-0.742411 11.2676 0)
(-0.720611 11.4477 0)
(-0.680033 11.6224 0)
(-0.632808 11.7837 0)
(-0.581124 11.9264 0)
(-0.526315 12.0301 0)
(-0.47077 12.0513 0)
(-0.41136 11.9096 0)
(-0.34597 11.6056 0)
(-0.278076 11.2082 0)
(-0.210905 10.729 0)
(-0.147856 10.1164 0)
(-0.0907563 9.25978 0)
(-0.0447388 7.96938 0)
(-0.0129508 5.09385 0)
(0.0227909 10.0773 0)
(0.0263794 10.0618 -3.24523e-15)
(0.0267704 10.0451 -1.5368e-15)
(0.0243197 10.028 7.1662e-16)
(0.017391 10.0111 -6.68268e-16)
(0.00598384 10.0018 0)
(0.0161679 10.0906 0)
(0.0063876 10.1021 0)
(-0.00699415 10.1119 0)
(-0.0246434 10.1201 0)
(-0.0473967 10.1274 0)
(-0.0761895 10.1344 0)
(-0.111977 10.1423 0)
(-0.15567 10.1527 0)
(-0.207984 10.1677 0)
(-0.269225 10.1904 0)
(-0.339032 10.2242 0)
(-0.416003 10.2735 0)
(-0.49728 10.3429 0)
(-0.578327 10.4365 0)
(-0.65437 10.5536 0)
(-0.721554 10.6909 0)
(-0.775459 10.8464 0)
(-0.812101 11.0167 0)
(-0.828287 11.1976 0)
(-0.821856 11.384 0)
(-0.788817 11.5725 0)
(-0.736553 11.753 0)
(-0.678657 11.9181 0)
(-0.617473 12.0629 0)
(-0.55751 12.1847 0)
(-0.496187 12.228 0)
(-0.428956 12.0953 0)
(-0.35742 11.7982 0)
(-0.284928 11.4022 0)
(-0.214509 10.9184 0)
(-0.149365 10.2948 0)
(-0.091091 9.41933 0)
(-0.0446262 8.10319 0)
(-0.0128168 5.18353 0)
(0.0154942 10.0892 0)
(0.0220303 10.0757 6.85489e-15)
(0.0252363 10.0601 0)
(0.0255157 10.0438 1.51373e-15)
(0.0230574 10.027 8.85816e-22)
(0.0163871 10.0107 0)
(0.00558069 10.0018 0)
(0.00583068 10.1002 0)
(-0.00740812 10.1092 0)
(-0.0248693 10.1165 0)
(-0.0473774 10.1224 0)
(-0.0758803 10.1276 0)
(-0.111378 10.1329 0)
(-0.154873 10.1398 0)
(-0.207243 10.1502 0)
(-0.269064 10.1668 0)
(-0.340392 10.1927 0)
(-0.420429 10.2321 0)
(-0.507127 10.2896 0)
(-0.596792 10.37 0)
(-0.683913 10.4772 0)
(-0.763058 10.6095 0)
(-0.830181 10.7625 0)
(-0.880793 10.9333 0)
(-0.911114 11.1177 0)
(-0.918404 11.3107 0)
(-0.901135 11.507 0)
(-0.855739 11.7027 0)
(-0.791074 11.8877 0)
(-0.722158 12.055 0)
(-0.655139 12.2168 0)
(-0.588624 12.3559 0)
(-0.518318 12.4022 0)
(-0.443816 12.2762 0)
(-0.366742 11.9836 0)
(-0.290242 11.5872 0)
(-0.217075 11.0978 0)
(-0.150224 10.4626 0)
(-0.091084 9.5684 0)
(-0.0443704 8.22736 0)
(-0.0126436 5.26631 0)
(0.00530256 10.0985 0)
(0.0149317 10.0873 -1.18102e-21)
(0.0210981 10.0736 0)
(0.0240875 10.0584 -1.59862e-15)
(0.0242626 10.0425 7.83322e-22)
(0.0217963 10.0261 0)
(0.0153897 10.0103 0)
(0.00518667 10.0017 0)
(-0.00775273 10.1069 0)
(-0.0250075 10.1134 0)
(-0.0472552 10.1181 0)
(-0.0754363 10.1216 0)
(-0.110573 10.1247 0)
(-0.153731 10.1285 0)
(-0.205911 10.1348 0)
(-0.267898 10.1459 0)
(-0.34008 10.1647 0)
(-0.422159 10.1951 0)
(-0.512788 10.2415 0)
(-0.609176 10.3086 0)
(-0.706688 10.4016 0)
(-0.798796 10.524 0)
(-0.879487 10.6728 0)
(-0.9447 10.8422 0)
(-0.99005 11.0285 0)
(-1.01214 11.2266 0)
(-1.00884 11.431 0)
(-0.97938 11.6358 0)
(-0.92069 11.8373 0)
(-0.843105 12.0253 0)
(-0.767525 12.2097 0)
(-0.692984 12.3876 0)
(-0.615888 12.5252 0)
(-0.537174 12.5724 0)
(-0.456063 12.4508 0)
(-0.374108 12.1608 0)
(-0.294169 11.7629 0)
(-0.218719 11.2671 0)
(-0.150519 10.6198 0)
(-0.0907888 9.70719 0)
(-0.0439984 8.34225 0)
(-0.012439 5.34253 0)
(-0.00809767 10.1049 0)
(0.00500071 10.0963 -3.82259e-15)
(0.0143255 10.0849 0)
(0.0201551 10.0716 0)
(0.0229395 10.0568 4.72325e-15)
(0.0230049 10.0412 0)
(0.0205359 10.0253 0)
(0.0143987 10.0099 1.27566e-15)
(0.00480194 10.0016 0)
(-0.0250896 10.1106 0)
(-0.0470592 10.1143 0)
(-0.0749017 10.1163 0)
(-0.109636 10.1175 0)
(-0.152364 10.1186 0)
(-0.204179 10.1213 0)
(-0.266023 10.1275 0)
(-0.338545 10.14 0)
(-0.421856 10.1621 0)
(-0.515199 10.1982 0)
(-0.616577 10.253 0)
(-0.722347 10.3316 0)
(-0.826853 10.4389 0)
(-0.92253 10.5778 0)
(-1.00292 10.744 0)
(-1.06417 10.9303 0)
(-1.10218 11.132 0)
(-1.11412 11.3432 0)
(-1.09862 11.5579 0)
(-1.05578 11.7699 0)
(-0.983038 11.9755 0)
(-0.897712 12.1813 0)
(-0.813471 12.3819 0)
(-0.726453 12.5569 0)
(-0.639333 12.6912 0)
(-0.552879 12.7373 0)
(-0.465897 12.6181 0)
(-0.379705 12.3294 0)
(-0.296861 11.9288 0)
(-0.219556 11.4261 0)
(-0.150336 10.7667 0)
(-0.0902561 9.83604 0)
(-0.0435334 8.4483 0)
(-0.0122102 5.41256 0)
(-0.0252074 10.1081 0)
(-0.00806914 10.1023 0)
(0.00483961 10.0935 -3.82286e-15)
(0.0136991 10.0826 -3.56578e-15)
(0.0192148 10.0696 -6.65089e-15)
(0.0217853 10.0552 0)
(0.0217413 10.04 -2.8907e-15)
(0.0192773 10.0244 -2.69443e-15)
(0.013414 10.0095 1.25568e-15)
(0.00442561 10.0016 0)
(-0.0468214 10.1109 0)
(-0.0743076 10.1117 0)
(-0.108619 10.1111 0)
(-0.150864 10.1099 0)
(-0.202192 10.1093 0)
(-0.263668 10.1112 0)
(-0.336144 10.118 0)
(-0.420059 10.1328 0)
(-0.51514 10.1595 0)
(-0.620077 10.2028 0)
(-0.732114 10.2677 0)
(-0.846654 10.3594 0)
(-0.956961 10.4825 0)
(-1.05447 10.6393 0)
(-1.13246 10.8238 0)
(-1.18752 11.0272 0)
(-1.21606 11.2437 0)
(-1.21599 11.4671 0)
(-1.18684 11.6907 0)
(-1.12958 11.9082 0)
(-1.04891 12.1328 0)
(-0.953402 12.3555 0)
(-0.854457 12.5531 0)
(-0.755537 12.7233 0)
(-0.659103 12.8524 0)
(-0.565649 12.896 0)
(-0.473537 12.7777 0)
(-0.383725 12.489 0)
(-0.298477 12.085 0)
(-0.219704 11.5749 0)
(-0.149754 10.9034 0)
(-0.0895307 9.95538 0)
(-0.0429972 8.546 0)
(-0.0119641 5.47682 0)
(-0.0466635 10.108 0)
(-0.0247638 10.1052 -4.25996e-15)
(-0.00764736 10.0992 4.03619e-15)
(0.00464471 10.0909 7.11823e-22)
(0.0130788 10.0803 3.51163e-15)
(0.0182722 10.0677 3.27435e-15)
(0.020624 10.0536 6.10541e-15)
(0.0204719 10.0388 4.26838e-15)
(0.0180189 10.0236 -1.32608e-15)
(0.0124355 10.0092 0)
(0.00405747 10.0015 0)
(-0.0736871 10.1077 0)
(-0.107557 10.1055 0)
(-0.149293 10.1022 0)
(-0.200062 10.0988 0)
(-0.261014 10.0968 0)
(-0.33316 10.0985 0)
(-0.417196 10.1067 0)
(-0.513251 10.1249 0)
(-0.620586 10.1576 0)
(-0.737224 10.2096 0)
(-0.859542 10.2864 0)
(-0.981906 10.3929 0)
(-1.09649 10.5335 0)
(-1.19377 10.7093 0)
(-1.26703 10.9125 0)
(-1.31358 11.1327 0)
(-1.33053 11.3634 0)
(-1.3167 11.5977 0)
(-1.27259 11.8284 0)
(-1.20812 12.0665 0)
(-1.11658 12.3092 0)
(-1.00344 12.5293 0)
(-0.890384 12.7217 0)
(-0.780355 12.8854 0)
(-0.675419 13.008 0)
(-0.575736 13.0477 0)
(-0.479214 12.9291 0)
(-0.38636 12.6395 0)
(-0.299167 12.2314 0)
(-0.219275 11.7139 0)
(-0.148848 11.0305 0)
(-0.0886545 10.0657 0)
(-0.0424089 8.63585 0)
(-0.0117058 5.53569 0)
(-0.0732012 10.1041 0)
(-0.0457036 10.1045 -8.09798e-22)
(-0.0235885 10.1016 0)
(-0.00727947 10.0962 2.57191e-22)
(0.00446208 10.0883 0)
(0.0124626 10.0781 -3.45773e-15)
(0.0173253 10.0659 -6.44755e-15)
(0.0194544 10.0521 -1.2998e-21)
(0.0191962 10.0376 2.80089e-15)
(0.0167629 10.0229 -1.30524e-15)
(0.0114629 10.0089 1.21629e-15)
(0.00369734 10.0015 0)
(-0.106485 10.1006 0)
(-0.14769 10.0954 0)
(-0.197866 10.0895 0)
(-0.258197 10.0841 0)
(-0.329811 10.0813 0)
(-0.413611 10.0835 0)
(-0.510046 10.0941 0)
(-0.618855 10.1171 0)
(-0.738728 10.1572 0)
(-0.866909 10.2198 0)
(-0.998806 10.3102 0)
(-1.12771 10.4334 0)
(-1.24469 10.5927 0)
(-1.33944 10.7883 0)
(-1.40547 11.0104 0)
(-1.44112 11.247 0)
(-1.44442 11.4908 0)
(-1.41521 11.7341 0)
(-1.36447 11.9872 0)
(-1.28945 12.2452 0)
(-1.17792 12.4861 0)
(-1.04766 12.701 0)
(-0.92132 12.8864 0)
(-0.801115 13.0422 0)
(-0.688554 13.1573 0)
(-0.583419 13.1921 0)
(-0.48316 13.0722 0)
(-0.387802 12.7809 0)
(-0.299081 12.3684 0)
(-0.218369 11.8433 0)
(-0.147683 11.1484 0)
(-0.0876647 10.1675 0)
(-0.0417848 8.7184 0)
(-0.0114403 5.58959 0)
(-0.105614 10.0962 0)
(-0.0716055 10.1 4.74333e-15)
(-0.043566 10.1004 -4.49551e-15)
(-0.0224947 10.0982 4.19554e-15)
(-0.00689155 10.0932 0)
(0.0042937 10.0858 0)
(0.0118476 10.0759 3.40414e-15)
(0.0163725 10.0641 -3.17333e-15)
(0.0182768 10.0506 -1.24904e-21)
(0.0179154 10.0365 1.37847e-15)
(0.0155092 10.0221 -1.28451e-15)
(0.0104959 10.0086 -1.19657e-15)
(0.00334682 10.0014 0)
(-0.146094 10.0894 0)
(-0.195649 10.0813 0)
(-0.255311 10.0729 0)
(-0.326265 10.0661 0)
(-0.409568 10.063 0)
(-0.505935 10.0666 0)
(-0.615495 10.0808 0)
(-0.737499 10.11 0)
(-0.869952 10.1594 0)
(-1.00921 10.2344 0)
(-1.14965 10.3403 0)
(-1.28344 10.4816 0)
(-1.40065 10.661 0)
(-1.49031 10.8769 0)
(-1.54651 11.1177 0)
(-1.5689 11.3697 0)
(-1.55658 11.6249 0)
(-1.52151 11.8926 0)
(-1.46031 12.1676 0)
(-1.36377 12.4254 0)
(-1.23262 12.6618 0)
(-1.0861 12.8691 0)
(-0.947466 13.0459 0)
(-0.818104 13.1929 0)
(-0.698815 13.2998 0)
(-0.588973 13.3289 0)
(-0.485609 13.2069 0)
(-0.388235 12.9133 0)
(-0.298351 12.4962 0)
(-0.217083 11.9636 0)
(-0.146318 11.2575 0)
(-0.0865929 10.2613 0)
(-0.0411382 8.79415 0)
(-0.0111711 5.63889 0)
(-0.14478 10.0841 0)
(-0.103242 10.0914 0)
(-0.0682566 10.0953 4.74314e-15)
(-0.0415492 10.0965 -8.85554e-15)
(-0.0213715 10.0948 8.26368e-15)
(-0.00647554 10.0904 -7.70901e-15)
(0.00413636 10.0833 0)
(0.0112325 10.0738 3.35084e-15)
(0.0154139 10.0623 -3.12342e-15)
(0.0170905 10.0492 -2.91133e-15)
(0.0166288 10.0354 0)
(0.0142612 10.0214 1.26372e-15)
(0.00954144 10.0083 0)
(0.00301379 10.0014 0)
(-0.193455 10.074 0)
(-0.252409 10.063 0)
(-0.322635 10.0525 0)
(-0.405274 10.0447 0)
(-0.501242 10.0422 0)
(-0.610995 10.0484 0)
(-0.734256 10.0676 0)
(-0.869679 10.1047 0)
(-1.01447 10.1652 0)
(-1.16402 10.2545 0)
(-1.3116 10.3778 0)
(-1.44831 10.5388 0)
(-1.56328 10.739 0)
(-1.64511 10.9755 0)
(-1.68883 11.2343 0)
(-1.69565 11.5004 0)
(-1.67854 11.7821 0)
(-1.63326 12.0742 0)
(-1.54857 12.351 0)
(-1.4306 12.6054 0)
(-1.28061 12.8345 0)
(-1.11894 13.0324 0)
(-0.96911 13.1995 0)
(-0.831644 13.3369 0)
(-0.70652 13.4351 0)
(-0.59268 13.458 0)
(-0.486781 13.3332 0)
(-0.387826 13.037 0)
(-0.297098 12.6152 0)
(-0.2155 12.0753 0)
(-0.144803 11.3584 0)
(-0.0854661 10.3477 0)
(-0.0404807 8.86362 0)
(-0.010902 5.68398 0)
(-0.191642 10.0676 0)
(-0.141472 10.0783 0)
(-0.0983871 10.086 0)
(-0.0650862 10.0908 9.34287e-15)
(-0.0394939 10.0927 -8.7205e-15)
(-0.020203 10.0916 8.13637e-15)
(-0.00603528 10.0876 0)
(0.0039876 10.0809 -3.53806e-15)
(0.0106154 10.0718 0)
(0.0144477 10.0606 3.07416e-15)
(0.0158944 10.0479 0)
(0.0153327 10.0344 0)
(0.0130219 10.0208 0)
(0.00862492 10.0081 1.22727e-15)
(0.00270255 10.0013 5.97728e-16)
(-0.249548 10.0542 0)
(-0.318987 10.0406 0)
(-0.400867 10.0285 0)
(-0.496216 10.0204 0)
(-0.605746 10.0195 0)
(-0.729579 10.0296 0)
(-0.866925 10.0555 0)
(-1.01573 10.1024 0)
(-1.1723 10.1758 0)
(-1.33099 10.2814 0)
(-1.48397 10.4237 0)
(-1.6213 10.6057 0)
(-1.73134 10.8274 0)
(-1.80252 11.0842 0)
(-1.83108 11.3599 0)
(-1.8346 11.655 0)
(-1.80786 11.964 0)
(-1.73709 12.2603 0)
(-1.6286 12.5353 0)
(-1.48972 12.7834 0)
(-1.322 13.0029 0)
(-1.14648 13.1901 0)
(-0.986624 13.3466 0)
(-0.842092 13.4739 0)
(-0.711984 13.5632 0)
(-0.59481 13.5795 0)
(-0.486885 13.4515 0)
(-0.386727 13.1523 0)
(-0.295429 12.7258 0)
(-0.21369 12.1787 0)
(-0.143182 11.4516 0)
(-0.0843069 10.4272 0)
(-0.0398213 8.92731 0)
(-0.0106343 5.72521 0)
(-0.247184 10.0464 0)
(-0.187219 10.0606 0)
(-0.134768 10.0721 1.0553e-14)
(-0.0937898 10.0808 9.85607e-15)
(-0.0618661 10.0865 9.20134e-15)
(-0.0373719 10.089 -8.586e-15)
(-0.0189934 10.0885 0)
(-0.00557505 10.0849 0)
(0.00384483 10.0786 0)
(0.00999487 10.0699 6.492e-15)
(0.0134729 10.059 3.02513e-15)
(0.0146875 10.0466 2.81845e-15)
(0.0140371 10.0334 0)
(0.0118235 10.0202 -1.29603e-15)
(0.00776242 10.0078 -6.316e-16)
(0.00241088 10.0013 0)
(-0.315395 10.0299 0)
(-0.396427 10.0141 0)
(-0.491026 10.0011 0)
(-0.600049 9.99374 0)
(-0.723935 9.99566 0)
(-0.862372 10.0112 0)
(-1.01395 10.0455 0)
(-1.1758 10.1041 0)
(-1.34326 10.1927 0)
(-1.5096 10.3164 0)
(-1.6659 10.4793 0)
(-1.80129 10.6831 0)
(-1.90356 10.9266 0)
(-1.96114 11.2029 0)
(-1.98839 11.5104 0)
(-1.9833 11.836 0)
(-1.92917 12.1523 0)
(-1.83215 12.4489 0)
(-1.70008 12.7187 0)
(-1.5412 12.9578 0)
(-1.35708 13.1662 0)
(-1.1691 13.3415 0)
(-1.00042 13.4867 0)
(-0.84981 13.6037 0)
(-0.715518 13.6838 0)
(-0.595608 13.6934 0)
(-0.486106 13.5619 0)
(-0.385077 13.2597 0)
(-0.293437 12.8285 0)
(-0.211715 12.2746 0)
(-0.141493 11.5376 0)
(-0.0831339 10.5003 0)
(-0.0391674 8.98568 0)
(-0.0103717 5.76289 0)
(-0.31244 10.0205 0)
(-0.241439 10.0381 0)
(-0.17827 10.0533 -2.22566e-14)
(-0.128423 10.066 7.54851e-21)
(-0.0891276 10.0758 -1.94128e-14)
(-0.0585529 10.0823 1.812e-14)
(-0.0351866 10.0855 -8.45322e-15)
(-0.0177483 10.0855 0)
(-0.00509803 10.0824 0)
(0.00370581 10.0764 -6.85478e-15)
(0.00936881 10.068 3.19427e-15)
(0.0124876 10.0574 -2.97607e-15)
(0.0134777 10.0453 2.80482e-15)
(0.012778 10.0325 2.73742e-15)
(0.0106846 10.0196 0)
(0.00694947 10.0076 0)
(-0.392057 10.0013 0)
(-0.485771 9.98389 0)
(-0.594108 9.97077 0)
(-0.717685 9.96528 0)
(-0.856574 9.97151 0)
(-1.00992 9.99427 0)
(-1.17561 10.039 0)
(-1.34985 10.1114 0)
(-1.52695 10.2171 0)
(-1.69909 10.3607 0)
(-1.85634 10.5455 0)
(-1.98706 10.772 0)
(-2.07855 11.0368 0)
(-2.13822 11.3473 0)
(-2.15851 11.6889 0)
(-2.12435 12.0257 0)
(-2.04146 12.3452 0)
(-1.91794 12.6382 0)
(-1.76296 12.8997 0)
(-1.58527 13.1277 0)
(-1.38624 13.3234 0)
(-1.18724 13.486 0)
(-1.01092 13.6196 0)
(-0.855154 13.7262 0)
(-0.71741 13.7972 0)
(-0.595302 13.8 0)
(-0.484614 13.6649 0)
(-0.382994 13.3595 0)
(-0.291206 12.9237 0)
(-0.209626 12.3632 0)
(-0.139767 11.617 0)
(-0.0819621 10.5676 0)
(-0.038525 9.03917 0)
(-0.0101102 5.79735 0)
(-0.388486 9.99 0)
(-0.305151 10.0106 0)
(-0.229796 10.0295 -1.22786e-20)
(-0.169809 10.0463 -2.19238e-14)
(-0.121999 10.0603 1.0237e-14)
(-0.0843427 10.0711 -9.55693e-15)
(-0.0551522 10.0784 8.91921e-15)
(-0.0329473 10.0822 0)
(-0.0164734 10.0827 0)
(-0.00460879 10.0799 0)
(0.00356689 10.0743 -6.74496e-15)
(0.00873465 10.0662 6.28458e-15)
(0.0114974 10.056 -8.88514e-15)
(0.0122967 10.0442 -1.09258e-21)
(0.0115752 10.0317 -2.81752e-15)
(0.00960062 10.0192 0)
(-0.480598 9.9686 0)
(-0.588048 9.95031 0)
(-0.711074 9.93816 0)
(-0.849961 9.93592 0)
(-1.00431 9.94814 0)
(-1.17263 9.98003 0)
(-1.35198 10.0373 0)
(-1.53762 10.1256 0)
(-1.72278 10.2503 0)
(-1.89858 10.4155 0)
(-2.05424 10.6233 0)
(-2.1773 10.8724 0)
(-2.2758 11.173 0)
(-2.33203 11.5215 0)
(-2.32204 11.879 0)
(-2.25672 12.2226 0)
(-2.14418 12.5409 0)
(-1.99439 12.8267 0)
(-1.81749 13.0771 0)
(-1.62238 13.292 0)
(-1.40997 13.4738 0)
(-1.20138 13.6233 0)
(-1.01854 13.7451 0)
(-0.858466 13.8414 0)
(-0.717926 13.9035 0)
(-0.594094 13.8996 0)
(-0.482555 13.7607 0)
(-0.380581 13.4522 0)
(-0.288803 13.0119 0)
(-0.207468 12.4452 0)
(-0.138028 11.6902 0)
(-0.0808039 10.6293 0)
(-0.0378958 9.08818 0)
(-0.00985554 5.82884 0)
(-0.47641 9.95501 0)
(-0.37941 9.97818 0)
(-0.290312 10.0005 1.23585e-14)
(-0.218814 10.0214 1.15519e-14)
(-0.161255 10.0397 0)
(-0.115414 10.0549 -1.00804e-14)
(-0.0794415 10.0666 0)
(-0.0516767 10.0746 0)
(-0.0306634 10.079 -8.18913e-15)
(-0.0151754 10.08 0)
(-0.00411231 10.0776 -7.12057e-15)
(0.00342513 10.0724 -6.63496e-15)
(0.00809405 10.0645 6.25424e-15)
(0.0105272 10.0546 -9.49262e-22)
(0.0111649 10.0432 2.97519e-15)
(0.0104249 10.031 0)
(-0.582077 9.93208 0)
(-0.70426 9.91394 0)
(-0.842823 9.90406 0)
(-0.997607 9.90669 0)
(-1.16764 9.9268 0)
(-1.35071 9.96993 0)
(-1.54298 10.0419 0)
(-1.73868 10.1482 0)
(-1.93001 10.2938 0)
(-2.10717 10.4821 0)
(-2.25836 10.7132 0)
(-2.39387 10.999 0)
(-2.49473 11.3408 0)
(-2.52148 11.7106 0)
(-2.4782 12.0797 0)
(-2.37989 12.4253 0)
(-2.23721 12.738 0)
(-2.0617 13.0132 0)
(-1.8641 13.25 0)
(-1.65307 13.4502 0)
(-1.42881 13.6172 0)
(-1.21198 13.7533 0)
(-1.02367 13.8633 0)
(-0.860066 13.9494 0)
(-0.717309 14.0029 0)
(-0.592164 13.9924 0)
(-0.480058 13.8498 0)
(-0.377926 13.5381 0)
(-0.286287 13.0936 0)
(-0.205275 12.521 0)
(-0.136298 11.7576 0)
(-0.0796683 10.6861 0)
(-0.0372866 9.13311 0)
(-0.00956238 5.8577 0)
(-0.577305 9.91587 0)
(-0.465293 9.94088 0)
(-0.360824 9.96622 0)
(-0.27635 9.99094 1.21743e-14)
(-0.207716 10.0137 -1.13776e-14)
(-0.152495 10.0335 1.06296e-14)
(-0.108678 10.0498 0)
(-0.0744409 10.0624 0)
(-0.0481394 10.0711 -4.05845e-21)
(-0.0283424 10.076 0)
(-0.0138601 10.0774 1.50301e-14)
(-0.00361306 10.0754 0)
(0.00327766 10.0705 0)
(0.00746243 10.063 3.22261e-15)
(0.00959313 10.0534 0)
(0.0100785 10.0423 3.06144e-15)
(-0.697539 9.89234 0)
(-0.835364 9.87556 0)
(-0.990163 9.8695 0)
(-1.16123 9.87884 0)
(-1.34691 9.90893 0)
(-1.54419 9.96548 0)
(-1.74828 10.0543 0)
(-1.95243 10.1807 0)
(-2.1479 10.349 0)
(-2.32379 10.561 0)
(-2.49311 10.8293 0)
(-2.63793 11.1589 0)
(-2.71288 11.5274 0)
(-2.70609 11.9145 0)
(-2.6264 12.2899 0)
(-2.49356 12.6325 0)
(-2.32061 12.9354 0)
(-2.12026 13.1965 0)
(-1.90335 13.4174 0)
(-1.67797 13.6016 0)
(-1.44333 13.7533 0)
(-1.21952 13.8758 0)
(-1.0267 13.9743 0)
(-0.860241 14.0506 0)
(-0.715771 14.0957 0)
(-0.589668 14.0789 0)
(-0.477233 13.9325 0)
(-0.375103 13.6178 0)
(-0.283706 13.1692 0)
(-0.203078 12.5909 0)
(-0.134593 11.8198 0)
(-0.0785665 10.7383 0)
(-0.0366788 9.17431 0)
(-0.00929036 5.88038 0)
(-0.692261 9.8731 0)
(-0.563877 9.89901 0)
(-0.44236 9.9267 0)
(-0.343375 9.95495 -1.28242e-14)
(-0.26224 9.98196 1.19913e-14)
(-0.196359 10.0065 0)
(-0.143546 10.0277 0)
(-0.101818 10.0451 -9.76858e-15)
(-0.0693585 10.0585 9.11513e-15)
(-0.0445504 10.0678 0)
(-0.0259915 10.0733 2.50348e-21)
(-0.0125338 10.075 7.39304e-15)
(-0.00311995 10.0734 0)
(0.00312498 10.0688 -6.93401e-22)
(0.00684862 10.0616 -6.63381e-15)
(0.00869159 10.0523 -3.23246e-15)
(-0.827995 9.8501 0)
(-0.982231 9.83617 0)
(-1.15378 9.8357 0)
(-1.34126 9.8538 0)
(-1.54227 9.89606 0)
(-1.75291 9.96834 0)
(-1.96749 10.0762 0)
(-2.17834 10.2247 0)
(-2.37568 10.4168 0)
(-2.57556 10.6659 0)
(-2.76167 10.98 0)
(-2.88534 11.3412 0)
(-2.92921 11.733 0)
(-2.88425 12.132 0)
(-2.76534 12.5081 0)
(-2.59709 12.8425 0)
(-2.39437 13.1314 0)
(-2.17048 13.3755 0)
(-1.93586 13.5786 0)
(-1.69769 13.7458 0)
(-1.45408 13.882 0)
(-1.22444 13.991 0)
(-1.02796 14.0783 0)
(-0.859249 14.145 0)
(-0.713499 14.1822 0)
(-0.58674 14.1593 0)
(-0.474173 14.0093 0)
(-0.372175 13.6916 0)
(-0.281099 13.2391 0)
(-0.2009 12.6556 0)
(-0.132926 11.8771 0)
(-0.0775075 10.7862 0)
(-0.0361932 9.20716 0)
(-0.00914793 5.89956 0)
(-0.822341 9.82739 0)
(-0.676249 9.85299 0)
(-0.535958 9.88215 1.44159e-14)
(-0.42088 9.91339 0)
(-0.325736 9.94442 -1.26325e-14)
(-0.247804 9.97361 1.18085e-14)
(-0.184762 9.99982 0)
(-0.134438 10.0223 1.03022e-14)
(-0.0948532 10.0407 0)
(-0.0642091 10.0549 0)
(-0.0409204 10.0648 -1.67358e-14)
(-0.0236205 10.0707 -7.80127e-15)
(-0.0112147 10.0728 0)
(-0.00265183 10.0716 -1.43666e-14)
(0.00296661 10.0673 6.87455e-22)
(0.00625001 10.0604 0)
(-0.974383 9.80633 0)
(-1.14563 9.79696 0)
(-1.33422 9.80409 0)
(-1.53799 9.83314 0)
(-1.7537 9.88991 0)
(-1.97662 9.98014 0)
(-2.20025 10.1093 0)
(-2.41605 10.2814 0)
(-2.64317 10.5102 0)
(-2.86725 10.8062 0)
(-3.03709 11.1558 0)
(-3.1329 11.5453 0)
(-3.13947 11.9549 0)
(-3.05234 12.36 0)
(-2.89273 12.7311 0)
(-2.68941 13.0527 0)
(-2.45836 13.3241 0)
(-2.21274 13.549 0)
(-1.96221 13.7331 0)
(-1.71286 13.8828 0)
(-1.4616 14.0033 0)
(-1.22716 14.0991 0)
(-1.02776 14.1755 0)
(-0.857322 14.2331 0)
(-0.710655 14.2627 0)
(-0.583496 14.234 0)
(-0.470953 14.0805 0)
(-0.369194 13.7599 0)
(-0.278498 13.3037 0)
(-0.19876 12.7153 0)
(-0.131307 11.9299 0)
(-0.0766586 10.8246 0)
(-0.035832 9.23433 0)
(-0.00905093 5.91999 0)
(-0.96855 9.77968 0)
(-0.803476 9.80347 0)
(-0.642671 9.83291 -1.51554e-14)
(-0.509862 9.86636 0)
(-0.399146 9.90099 1.33012e-14)
(-0.307689 9.93469 -2.48817e-14)
(-0.233071 9.96594 0)
(-0.172971 9.99374 0)
(-0.125201 10.0174 1.01395e-14)
(-0.0878012 10.0368 0)
(-0.0590056 10.0516 8.82783e-15)
(-0.0372629 10.062 8.23153e-15)
(-0.0212577 10.0684 0)
(-0.00994529 10.0709 1.51636e-14)
(-0.00222156 10.07 7.39397e-15)
(0.00280051 10.066 7.20687e-15)
(-1.13755 9.7622 0)
(-1.3262 9.75933 0)
(-1.53188 9.77623 0)
(-1.75153 9.8186 0)
(-1.98111 9.89218 0)
(-2.21523 10.0028 0)
(-2.44673 10.1551 0)
(-2.69778 10.3631 0)
(-2.95589 10.6388 0)
(-3.16797 10.9727 0)
(-3.31297 11.3541 0)
(-3.37308 11.7665 0)
(-3.33717 12.1882 0)
(-3.20584 12.5937 0)
(-3.00596 12.9549 0)
(-2.76943 13.26 0)
(-2.51242 13.5116 0)
(-2.24741 13.7158 0)
(-1.98298 13.8803 0)
(-1.72404 14.0123 0)
(-1.46636 14.1173 0)
(-1.22804 14.2003 0)
(-1.02637 14.2663 0)
(-0.854659 14.3152 0)
(-0.70738 14.3376 0)
(-0.58003 14.3033 0)
(-0.467639 14.1465 0)
(-0.3662 13.8232 0)
(-0.275928 13.3635 0)
(-0.196671 12.7704 0)
(-0.129953 11.9722 0)
(-0.0759221 10.8564 0)
(-0.0354416 9.26338 0)
(-0.00894748 5.94174 0)
(-1.13181 9.73109 0)
(-0.946576 9.75128 0)
(-0.763545 9.77952 0)
(-0.611345 9.81413 0)
(-0.483426 9.8517 0)
(-0.376905 9.88957 -2.35109e-20)
(-0.289278 9.9258 0)
(-0.218104 9.95899 1.14466e-14)
(-0.16102 9.98825 -1.06896e-14)
(-0.115859 10.0131 9.97895e-15)
(-0.0806841 10.0332 0)
(-0.0537669 10.0487 -8.68429e-15)
(-0.033619 10.0596 0)
(-0.0189764 10.0664 2.63028e-21)
(-0.00875404 10.0692 -7.80345e-15)
(-0.00183106 10.0686 -7.60775e-15)
(-1.31822 9.7191 0)
(-1.52442 9.72488 0)
(-1.74698 9.75392 0)
(-1.98194 9.81194 0)
(-2.22466 9.90495 0)
(-2.46941 10.0382 0)
(-2.74111 10.2252 0)
(-3.02896 10.4791 0)
(-3.2785 10.7938 0)
(-3.46841 11.1615 0)
(-3.57964 11.5694 0)
(-3.59798 11.9992 0)
(-3.5167 12.4276 0)
(-3.34121 12.8284 0)
(-3.10317 13.1759 0)
(-2.83643 13.4619 0)
(-2.55658 13.6921 0)
(-2.2749 13.8751 0)
(-1.9987 14.0198 0)
(-1.73176 14.1343 0)
(-1.46882 14.2241 0)
(-1.22743 14.2948 0)
(-1.02404 14.3508 0)
(-0.851431 14.3916 0)
(-0.703791 14.4071 0)
(-0.576422 14.3677 0)
(-0.464284 14.2076 0)
(-0.363228 13.8818 0)
(-0.273408 13.4188 0)
(-0.194922 12.8146 0)
(-0.128783 12.0075 0)
(-0.075079 10.8906 0)
(-0.0349804 9.29445 0)
(-0.00882474 5.96492 0)
(-1.31294 9.68301 0)
(-1.1065 9.69749 -1.74625e-14)
(-0.899596 9.72269 0)
(-0.726356 9.75714 1.56945e-14)
(-0.579557 9.79674 0)
(-0.456358 9.83825 1.37884e-14)
(-0.354217 9.87921 0)
(-0.270581 9.9178 2.06179e-20)
(-0.202943 9.95278 -1.12669e-14)
(-0.148946 9.98339 -1.05221e-14)
(-0.106438 10.0092 -9.82004e-15)
(-0.0735261 10.0301 -9.1606e-15)
(-0.0485499 10.0461 8.64259e-15)
(-0.0300998 10.0575 4.24304e-21)
(-0.0168256 10.0646 8.23538e-15)
(-0.00764475 10.0678 0)
(-1.51699 9.67862 0)
(-1.74066 9.69541 0)
(-1.97976 9.73897 0)
(-2.22964 9.81538 0)
(-2.48554 9.93027 0)
(-2.77478 10.0965 0)
(-3.08807 10.3278 0)
(-3.37003 10.6206 0)
(-3.5999 10.9698 0)
(-3.75847 11.3665 0)
(-3.82957 11.7964 0)
(-3.80251 12.239 0)
(-3.67486 12.669 0)
(-3.45672 13.0606 0)
(-3.18367 13.391 0)
(-2.89041 13.6561 0)
(-2.59119 13.8643 0)
(-2.29571 14.0261 0)
(-2.00991 14.1513 0)
(-1.7365 14.2488 0)
(-1.46936 14.3241 0)
(-1.22559 14.3829 0)
(-1.02096 14.4295 0)
(-0.847781 14.4625 0)
(-0.699989 14.4717 0)
(-0.572737 14.4273 0)
(-0.460932 14.2643 0)
(-0.3603 13.936 0)
(-0.271292 13.4632 0)
(-0.193407 12.8515 0)
(-0.127489 12.0453 0)
(-0.0741177 10.9271 0)
(-0.0344428 9.32763 0)
(-0.00868639 5.98955 0)
(-1.51263 9.63701 0)
(-1.28411 9.64339 -2.05394e-20)
(-1.05179 9.66337 1.7503e-14)
(-0.855904 9.69598 -3.29457e-14)
(-0.688537 9.73643 -1.54704e-14)
(-0.546984 9.78083 -1.4504e-14)
(-0.428743 9.8261 1.35806e-14)
(-0.331182 9.86995 -1.27033e-14)
(-0.251655 9.91074 1.18722e-14)
(-0.187636 9.94737 -1.10894e-14)
(-0.136777 9.97919 -1.37621e-20)
(-0.0969735 10.0059 1.93197e-14)
(-0.0664029 10.0274 8.15185e-21)
(-0.0435129 10.044 -8.90685e-15)
(-0.0267799 10.0558 0)
(-0.0148055 10.0632 0)
(-1.73431 9.64258 0)
(-1.97528 9.6728 0)
(-2.23087 9.73367 0)
(-2.4963 9.8312 0)
(-2.80033 9.97726 0)
(-3.13499 10.1855 0)
(-3.44451 10.4548 0)
(-3.70928 10.782 0)
(-3.91077 11.1618 0)
(-4.03189 11.5843 0)
(-4.05884 12.0325 0)
(-3.98439 12.4829 0)
(-3.81064 12.9095 0)
(-3.55223 13.2876 0)
(-3.24786 13.5982 0)
(-2.93198 13.8411 0)
(-2.61689 14.0272 0)
(-2.31045 14.1682 0)
(-2.01713 14.2748 0)
(-1.73868 14.3561 0)
(-1.46831 14.4174 0)
(-1.2228 14.465 0)
(-1.01732 14.5028 0)
(-0.843832 14.5285 0)
(-0.696057 14.5317 0)
(-0.569029 14.4827 0)
(-0.457611 14.3167 0)
(-0.357834 13.9795 0)
(-0.269448 13.5003 0)
(-0.191728 12.8912 0)
(-0.126056 12.086 0)
(-0.0730351 10.9662 0)
(-0.033835 9.363 0)
(-0.00853164 6.01567 0)
(-1.73145 9.59491 0)
(-1.48017 9.5905 1.9039e-14)
(-1.22102 9.60273 -1.83116e-14)
(-1.00097 9.63148 1.72689e-14)
(-0.811355 9.67128 1.62426e-14)
(-0.649738 9.71753 1.52454e-14)
(-0.513738 9.76651 -1.42875e-14)
(-0.400704 9.81532 -1.3373e-14)
(-0.307872 9.86186 1.2506e-14)
(-0.232556 9.90466 1.16864e-14)
(-0.172227 9.94277 1.09127e-14)
(-0.124564 9.97567 -1.01862e-14)
(-0.0875658 10.0032 -9.61302e-15)
(-0.0595292 10.0253 0)
(-0.0387614 10.0423 0)
(-0.0236553 10.0544 8.94168e-15)
(-1.97071 9.61291 0)
(-2.22919 9.65938 0)
(-2.50239 9.74056 0)
(-2.819 9.86715 0)
(-3.17153 10.0525 0)
(-3.50416 10.2974 0)
(-3.79897 10.6003 0)
(-4.0387 10.9592 0)
(-4.20628 11.3679 0)
(-4.28585 11.8136 0)
(-4.26588 12.276 0)
(-4.14301 12.7292 0)
(-3.9243 13.147 0)
(-3.62862 13.5074 0)
(-3.29685 13.7959 0)
(-2.9622 14.016 0)
(-2.63459 14.1803 0)
(-2.31981 14.3014 0)
(-2.02089 14.3903 0)
(-1.73872 14.4562 0)
(-1.46599 14.5044 0)
(-1.21925 14.5413 0)
(-1.01327 14.5708 0)
(-0.839682 14.5897 0)
(-0.69206 14.5873 0)
(-0.565338 14.534 0)
(-0.454804 14.3589 0)
(-0.355678 14.0159 0)
(-0.267388 13.5402 0)
(-0.18986 12.9338 0)
(-0.124463 12.1295 0)
(-0.0718271 11.008 0)
(-0.033156 9.40062 0)
(-0.00835569 6.04328 0)
(-1.97008 9.55869 0)
(-1.6953 9.54054 -1.98017e-14)
(-1.40808 9.54213 0)
(-1.16246 9.56467 0)
(-0.948982 9.60199 0)
(-0.765581 9.64877 0)
(-0.610112 9.70057 0)
(-0.479974 9.75386 1.4071e-14)
(-0.372335 9.80596 -3.95e-14)
(-0.284359 9.85498 -2.46223e-14)
(-0.213345 9.89959 0)
(-0.156771 9.93902 -2.14711e-14)
(-0.112435 9.97287 0)
(-0.0784907 10.0011 9.90769e-15)
(-0.0530474 10.0237 0)
(-0.0342874 10.041 -1.88656e-14)
(-2.22733 9.59198 0)
(-2.50479 9.65794 0)
(-2.8316 9.7659 0)
(-3.19923 9.92897 0)
(-3.55123 10.1493 0)
(-3.87156 10.4268 0)
(-4.14487 10.7618 0)
(-4.35479 11.1517 0)
(-4.48452 11.588 0)
(-4.51919 12.0539 0)
(-4.45009 12.5258 0)
(-4.27857 12.9762 0)
(-4.01679 13.3799 0)
(-3.68734 13.7189 0)
(-3.33215 13.9833 0)
(-2.98239 14.1802 0)
(-2.64527 14.3234 0)
(-2.32449 14.4256 0)
(-2.02168 14.4979 0)
(-1.73697 14.5495 0)
(-1.46264 14.5854 0)
(-1.21513 14.6123 0)
(-1.00892 14.634 0)
(-0.835416 14.6465 0)
(-0.688054 14.6389 0)
(-0.562204 14.5752 0)
(-0.452344 14.3942 0)
(-0.35326 14.0551 0)
(-0.265087 13.5832 0)
(-0.187776 12.9796 0)
(-0.122691 12.1762 0)
(-0.0704838 11.0526 0)
(-0.032399 9.44053 0)
(-0.00815442 6.07238 0)
(-2.22992 9.53074 0)
(-1.93025 9.49543 2.05219e-14)
(-1.61367 9.48318 0)
(-1.34124 9.49678 1.88863e-14)
(-1.10235 9.52943 0)
(-0.895468 9.57511 -1.67974e-14)
(-0.718785 9.62859 0)
(-0.569846 9.68564 0)
(-0.445808 9.74296 2.7712e-14)
(-0.343727 9.7981 2.59256e-14)
(-0.260722 9.84935 0)
(-0.194089 9.89558 2.26304e-14)
(-0.141436 9.93617 2.1369e-14)
(-0.100747 9.97086 -1.0447e-14)
(-0.0699399 9.9996 0)
(-0.0469467 10.0226 -8.7767e-21)
(-2.50679 9.58278 0)
(-2.83936 9.67316 0)
(-3.21917 9.81473 0)
(-3.58763 10.0109 0)
(-3.92962 10.2626 0)
(-4.23199 10.5721 0)
(-4.47981 10.9398 0)
(-4.65632 11.3606 0)
(-4.74455 11.8223 0)
(-4.73113 12.3046 0)
(-4.6112 12.7804 0)
(-4.39158 13.2219 0)
(-4.08942 13.6065 0)
(-3.73009 13.9207 0)
(-3.35545 14.1599 0)
(-2.99394 14.3337 0)
(-2.64999 14.4565 0)
(-2.32523 14.541 0)
(-2.01999 14.5979 0)
(-1.73376 14.6362 0)
(-1.45848 14.6607 0)
(-1.21059 14.6783 0)
(-1.00439 14.6926 0)
(-0.831104 14.6991 0)
(-0.684631 14.6804 0)
(-0.559454 14.6098 0)
(-0.449578 14.4322 0)
(-0.350552 14.0973 0)
(-0.262514 13.6294 0)
(-0.185449 13.0288 0)
(-0.120717 12.2261 0)
(-0.068991 11.1001 0)
(-0.0315565 9.48276 0)
(-0.00792453 6.10295 0)
(-2.51377 9.51417 0)
(-2.18653 9.45743 0)
(-1.83843 9.42769 0)
(-1.53806 9.42927 2.28789e-20)
(-1.27234 9.45472 -1.86503e-14)
(-1.04033 9.4973 1.75996e-14)
(-0.840685 9.55103 0)
(-0.671195 9.61088 0)
(-0.529086 9.67285 0)
(-0.411355 9.73389 0)
(-0.314978 9.79178 0)
(-0.237046 9.84501 0)
(-0.174997 9.89266 -4.50462e-14)
(-0.126672 9.93426 -2.20261e-14)
(-0.0897423 9.96957 0)
(-0.0618968 9.99867 1.04943e-14)
(-2.84622 9.58841 0)
(-3.23288 9.70958 0)
(-3.61471 9.88235 0)
(-3.97534 10.1085 0)
(-4.30278 10.3919 0)
(-4.58396 10.7349 0)
(-4.80314 11.1357 0)
(-4.94255 11.5864 0)
(-4.9854 12.0708 0)
(-4.92086 12.5644 0)
(-4.74908 13.038 0)
(-4.48283 13.4645 0)
(-4.14372 13.8254 0)
(-3.75869 14.1123 0)
(-3.36842 14.3253 0)
(-2.99823 14.4764 0)
(-2.64975 14.5799 0)
(-2.32271 14.6479 0)
(-2.01628 14.6907 0)
(-1.72936 14.7166 0)
(-1.45371 14.7305 0)
(-1.20576 14.7395 0)
(-0.999753 14.747 0)
(-0.827388 14.7416 0)
(-0.681616 14.7151 0)
(-0.556361 14.647 0)
(-0.446472 14.4731 0)
(-0.347518 14.1428 0)
(-0.259635 13.679 0)
(-0.182847 13.0816 0)
(-0.118516 12.2795 0)
(-0.067333 11.1505 0)
(-0.0306215 9.52732 0)
(-0.00766286 6.13495 0)
(-2.46697 9.42971 0)
(-2.85828 9.51061 0)
(-2.08364 9.37773 0)
(-1.75357 9.36383 -2.04602e-14)
(-1.45975 9.37916 1.94561e-14)
(-1.20105 9.41631 0)
(-0.976725 9.4685 0)
(-0.784907 9.52991 3.2644e-14)
(-0.622991 9.59575 3.06321e-14)
(-0.48798 9.66228 0)
(-0.376743 9.7267 2.68606e-14)
(-0.286198 9.78705 0)
(-0.21359 9.84203 2.37294e-14)
(-0.156638 9.89089 -4.25447e-20)
(-0.11278 9.93322 0)
(-0.0793983 9.96893 -1.10666e-14)
(-3.24483 9.61305 0)
(-3.63429 9.7635 0)
(-4.01027 9.96494 0)
(-4.35956 10.2223 0)
(-4.66992 10.5394 0)
(-4.92724 10.9169 0)
(-5.11429 11.3507 0)
(-5.2124 11.8295 0)
(-5.20578 12.3326 0)
(-5.08747 12.8318 0)
(-4.86373 13.2964 0)
(-4.55333 13.7021 0)
(-4.18135 14.0352 0)
(-3.77497 14.293 0)
(-3.37271 14.4798 0)
(-2.99654 14.6089 0)
(-2.64547 14.6941 0)
(-2.31755 14.7468 0)
(-2.01093 14.7765 0)
(-1.72404 14.7912 0)
(-1.44849 14.7954 0)
(-1.20075 14.7963 0)
(-0.995718 14.7908 0)
(-0.824097 14.7771 0)
(-0.678214 14.7526 0)
(-0.552883 14.6872 0)
(-0.442983 14.5173 0)
(-0.344116 14.1917 0)
(-0.256411 13.7324 0)
(-0.179937 13.1381 0)
(-0.11606 12.3364 0)
(-0.0654932 11.2039 0)
(-0.0295861 9.57415 0)
(-0.00736543 6.16827 0)
(-2.35213 9.33634 0)
(-2.80856 9.41208 -1.80572e-14)
(-3.26212 9.52402 0)
(-1.98886 9.30238 0)
(-1.66527 9.30428 0)
(-1.37849 9.33328 0)
(-1.1278 9.38183 0)
(-0.911871 9.44324 -3.42314e-14)
(-0.728359 9.51191 9.36936e-20)
(-0.574358 9.58331 0)
(-0.446684 9.654 -2.82588e-14)
(-0.342109 9.72145 0)
(-0.257707 9.78395 -2.49924e-14)
(-0.191058 9.84042 2.44576e-14)
(-0.13938 9.89016 2.38937e-14)
(-0.0997355 9.93294 1.16667e-14)
(-3.65129 9.65402 0)
(-4.03645 9.83193 0)
(-4.40405 10.0638 0)
(-4.74007 10.3546 0)
(-5.03111 10.7067 0)
(-5.26143 11.1193 0)
(-5.41219 11.5854 0)
(-5.46427 12.0896 0)
(-5.4041 12.6065 0)
(-5.23006 13.1044 0)
(-4.95537 13.5532 0)
(-4.60434 13.9326 0)
(-4.2041 14.2349 0)
(-3.78071 14.4624 0)
(-3.36983 14.6233 0)
(-2.99002 14.7313 0)
(-2.63799 14.7995 0)
(-2.31032 14.838 0)
(-2.00432 14.8558 0)
(-1.71803 14.8602 0)
(-1.44296 14.8554 0)
(-1.19634 14.842 0)
(-0.992123 14.8275 0)
(-0.820366 14.8154 0)
(-0.674375 14.7931 0)
(-0.54897 14.7305 0)
(-0.439062 14.5647 0)
(-0.340299 14.2442 0)
(-0.2528 13.7896 0)
(-0.176682 13.1985 0)
(-0.113321 12.3969 0)
(-0.063453 11.2603 0)
(-0.0284409 9.62317 0)
(-0.00702895 6.20279 0)
(-2.24642 9.24787 0)
(-2.68231 9.30132 0)
(-3.2113 9.40893 3.63008e-14)
(-3.67364 9.55287 0)
(-1.88988 9.23185 0)
(-1.57337 9.24961 0)
(-1.29477 9.29201 0)
(-1.05296 9.35155 3.58466e-14)
(-0.846039 9.4217 -6.74876e-14)
(-0.671269 9.49714 0)
(-0.525494 9.57364 0)
(-0.405375 9.64807 0)
(-0.307844 9.71819 5.26218e-14)
(-0.23036 9.78252 0)
(-0.169899 9.84005 -2.51776e-14)
(-0.123193 9.89033 0)
(-4.05931 9.70923 0)
(-4.43844 9.91669 0)
(-4.79617 10.1814 0)
(-5.11709 10.5072 0)
(-5.38611 10.8953 0)
(-5.58559 11.3429 0)
(-5.69516 11.84 0)
(-5.6961 12.3659 0)
(-5.5786 12.8905 0)
(-5.34791 13.3798 0)
(-5.02458 13.8059 0)
(-4.63737 14.1542 0)
(-4.21381 14.4235 0)
(-3.77764 14.6206 0)
(-3.36114 14.7562 0)
(-2.9797 14.8443 0)
(-2.62803 14.8966 0)
(-2.3015 14.9222 0)
(-1.99675 14.929 0)
(-1.71151 14.9241 0)
(-1.43799 14.9038 0)
(-1.19237 14.8803 0)
(-0.988026 14.8671 0)
(-0.816137 14.8567 0)
(-0.670039 14.8367 0)
(-0.544563 14.7771 0)
(-0.434651 14.6158 0)
(-0.336013 14.3007 0)
(-0.248752 13.8509 0)
(-0.17304 13.2631 0)
(-0.110265 12.4612 0)
(-0.0611921 11.3198 0)
(-0.0271762 9.67423 0)
(-0.00664872 6.23832 0)
(-2.13564 9.16469 2.16894e-14)
(-2.56508 9.19607 1.81603e-14)
(-3.07656 9.27643 0)
(-3.62256 9.42053 -3.67735e-14)
(-4.08752 9.59585 0)
(-1.78656 9.16686 4.15496e-14)
(-1.47842 9.20027 0)
(-1.20906 9.25567 -3.74739e-14)
(-0.976879 9.32568 3.53531e-14)
(-0.779511 9.40404 0)
(-0.613885 9.48571 0)
(-0.476617 9.56682 0)
(-0.364525 9.64455 7.90077e-20)
(-0.27498 9.71693 0)
(-0.204704 9.78257 -2.65204e-14)
(-0.150071 9.84076 1.29551e-14)
(-4.46878 9.78085 0)
(-4.8406 10.0204 0)
(-5.18693 10.3195 0)
(-5.49052 10.6813 0)
(-5.73418 11.106 0)
(-5.89816 11.5885 0)
(-5.96096 12.1143 0)
(-5.90547 12.6571 0)
(-5.72752 13.1822 0)
(-5.44062 13.6549 0)
(-5.07231 14.0519 0)
(-4.65414 14.3654 0)
(-4.21233 14.6004 0)
(-3.76733 14.7675 0)
(-3.34787 14.879 0)
(-2.96647 14.9484 0)
(-2.6162 14.986 0)
(-2.29152 14.9997 0)
(-1.9885 14.9966 0)
(-1.70556 14.9753 0)
(-1.43349 14.9442 0)
(-1.18782 14.9216 0)
(-0.983355 14.9098 0)
(-0.811338 14.9013 0)
(-0.665137 14.8836 0)
(-0.539593 14.8273 0)
(-0.429686 14.6707 0)
(-0.3312 14.3612 0)
(-0.244215 13.9165 0)
(-0.168966 13.3319 0)
(-0.106858 12.5293 0)
(-0.0586885 11.3821 0)
(-0.0257811 9.7271 0)
(-0.00622539 6.27461 0)
(-2.0197 9.08772 -4.30366e-14)
(-2.44145 9.09648 -2.5405e-20)
(-2.95021 9.15027 -3.67923e-14)
(-3.48129 9.26463 1.87785e-14)
(-4.03717 9.44593 1.89416e-14)
(-4.50438 9.65525 0)
(-1.67956 9.10799 0)
(-1.38096 9.15668 0)
(-1.12174 9.22455 0)
(-0.899892 9.30443 0)
(-0.712597 9.39038 3.27686e-14)
(-0.556481 9.4777 0)
(-0.4283 9.56291 -2.91192e-14)
(-0.325373 9.64344 -2.85405e-14)
(-0.244177 9.71744 5.58432e-14)
(-0.180687 9.7839 -1.36464e-14)
(-4.88011 9.87156 0)
(-5.24318 10.1446 0)
(-5.5763 10.4791 0)
(-5.85981 10.8777 0)
(-6.07402 11.3396 0)
(-6.19702 11.8562 0)
(-6.2068 12.4076 0)
(-6.08968 12.9613 0)
(-5.8493 13.4784 0)
(-5.50825 13.9265 0)
(-5.09991 14.2887 0)
(-4.65656 14.5649 0)
(-4.20148 14.7654 0)
(-3.75122 14.9034 0)
(-3.33107 14.9921 0)
(-2.95107 15.0441 0)
(-2.60304 15.0682 0)
(-2.28072 15.0711 0)
(-1.98095 15.0507 0)
(-1.70012 15.0181 0)
(-1.42828 14.9877 0)
(-1.1826 14.9661 0)
(-0.978028 14.9558 0)
(-0.80589 14.9493 0)
(-0.65959 14.9342 0)
(-0.533988 14.8812 0)
(-0.424098 14.7296 0)
(-0.325793 14.4261 0)
(-0.239129 13.9865 0)
(-0.164409 13.405 0)
(-0.10306 12.6012 0)
(-0.0559199 11.4472 0)
(-0.0242498 9.78147 0)
(-0.00574462 6.31127 0)
(-1.8994 9.01769 0)
(-2.31118 9.00372 0)
(-2.81564 9.03019 -1.82928e-14)
(-3.34798 9.11589 1.86538e-14)
(-3.89032 9.26566 -1.93645e-14)
(-4.45581 9.48697 0)
(-4.92463 9.7337 0)
(-1.56947 9.05577 0)
(-1.28143 9.1192 3.86056e-14)
(-1.03324 9.19888 0)
(-0.822383 9.28796 -6.87199e-14)
(-0.645636 9.38082 0)
(-0.499743 9.4732 -3.06052e-14)
(-0.382019 9.56187 3.00191e-14)
(-0.288708 9.64443 -5.87689e-14)
(-0.215369 9.71947 0)
(-5.29344 9.98253 0)
(-5.64616 10.2898 0)
(-5.96392 10.6606 0)
(-6.22401 11.0972 0)
(-6.40385 11.5968 0)
(-6.47939 12.1464 0)
(-6.42937 12.719 0)
(-6.24597 13.2756 0)
(-5.94277 13.7757 0)
(-5.55143 14.1914 0)
(-5.10915 14.5143 0)
(-4.64662 14.7518 0)
(-4.18297 14.9184 0)
(-3.73062 15.0287 0)
(-3.31165 15.0961 0)
(-2.93413 15.1321 0)
(-2.58897 15.1437 0)
(-2.27089 15.1281 0)
(-1.97403 15.0958 0)
(-1.69377 15.0642 0)
(-1.42223 15.0347 0)
(-1.1766 15.0141 0)
(-0.971947 15.0054 0)
(-0.799701 15.0011 0)
(-0.65331 14.9886 0)
(-0.527661 14.9392 0)
(-0.417805 14.7928 0)
(-0.319717 14.4955 0)
(-0.233427 14.0613 0)
(-0.159315 13.4826 0)
(-0.0988321 12.6768 0)
(-0.0528655 11.5147 0)
(-0.0225616 9.83684 0)
(-0.0052726 6.34807 0)
(-1.77541 8.95522 0)
(-2.17522 8.91879 0)
(-2.67245 8.91731 0)
(-3.20485 8.97386 0)
(-3.75113 9.09311 0)
(-4.30422 9.28087 0)
(-4.87875 9.54626 -2.08104e-14)
(-5.34827 9.83211 0)
(-1.45677 9.01064 -4.02007e-14)
(-1.18035 9.08813 0)
(-0.944019 9.17888 3.59806e-14)
(-0.74477 9.27638 0)
(-0.579449 9.37546 -1.1304e-19)
(-0.445419 9.47214 0)
(-0.338711 9.56336 -9.63664e-20)
(-0.254449 9.64723 0)
(-5.7087 10.114 0)
(-6.04932 10.4563 0)
(-6.34917 10.8646 0)
(-6.58181 11.3406 0)
(-6.72126 11.8783 0)
(-6.74177 12.4587 0)
(-6.62488 13.0465 0)
(-6.3717 13.5967 0)
(-6.00735 14.0701 0)
(-5.57138 14.4465 0)
(-5.10206 14.727 0)
(-4.62636 14.9256 0)
(-4.15842 15.0596 0)
(-3.70665 15.1439 0)
(-3.29038 15.1917 0)
(-2.91618 15.2129 0)
(-2.57627 15.204 0)
(-2.26194 15.1755 0)
(-1.96596 15.1443 0)
(-1.68636 15.1137 0)
(-1.41523 15.0852 0)
(-1.16971 15.0658 0)
(-0.965004 15.0588 0)
(-0.792665 15.0567 0)
(-0.646196 15.0471 0)
(-0.520519 15.0014 0)
(-0.410719 14.8604 0)
(-0.312893 14.5696 0)
(-0.227038 14.1408 0)
(-0.153625 13.5647 0)
(-0.0941332 12.756 0)
(-0.0494987 11.5842 0)
(-0.0207815 9.8929 0)
(-0.00464169 6.39109 0)
(-1.64833 8.90087 0)
(-2.03445 8.8425 0)
(-2.52151 8.81288 0)
(-3.05144 8.83943 0)
(-3.60039 8.92786 1.90792e-14)
(-4.16017 9.08296 2.006e-14)
(-4.72308 9.31291 0)
(-5.30578 9.62451 4.4044e-14)
(-5.77514 9.95042 0)
(-1.34206 8.973 3.97271e-14)
(-1.07829 9.06374 -3.76151e-14)
(-0.854602 9.16469 -3.5464e-14)
(-0.668035 9.2698 3.37256e-14)
(-0.516093 9.37422 0)
(-0.394618 9.47409 6.49826e-14)
(-0.298281 9.56698 0)
(-6.12572 10.266 0)
(-6.45229 10.6443 0)
(-6.73122 11.0919 0)
(-6.93143 11.609 0)
(-7.02307 12.1852 0)
(-6.97981 12.7928 0)
(-6.78923 13.3874 0)
(-6.46464 13.9203 0)
(-6.04325 14.3574 0)
(-5.56994 14.689 0)
(-5.08096 14.9256 0)
(-4.59775 15.0861 0)
(-4.12924 15.1893 0)
(-3.68027 15.2496 0)
(-3.2679 15.2793 0)
(-2.90009 15.2772 0)
(-2.5648 15.2542 0)
(-2.25154 15.2264 0)
(-1.95655 15.1963 0)
(-1.67772 15.1669 0)
(-1.40711 15.1395 0)
(-1.16178 15.1214 0)
(-0.95707 15.1163 0)
(-0.784666 15.1166 0)
(-0.638138 15.11 0)
(-0.512455 15.0682 0)
(-0.402742 14.9328 0)
(-0.305231 14.6486 0)
(-0.219886 14.2252 0)
(-0.147275 13.6513 0)
(-0.0889204 12.8385 0)
(-0.0458359 11.6555 0)
(-0.0184224 9.95839 0)
(-0.00366167 6.43534 0)
(-1.51879 8.85517 -4.14127e-14)
(-1.88964 8.77552 -3.43349e-14)
(-2.36361 8.71797 3.58447e-14)
(-2.88853 8.71386 0)
(-3.43771 8.77064 0)
(-4.00265 8.89301 -1.99014e-14)
(-4.57504 9.08829 -4.22362e-14)
(-5.1464 9.36253 0)
(-5.73655 9.72134 -2.33763e-14)
(-6.20511 10.0881 0)
(-1.226 8.9432 3.92382e-14)
(-0.975862 9.04621 3.70976e-14)
(-0.766147 9.15645 0)
(-0.594588 9.26815 0)
(-0.456879 9.37657 -3.41301e-14)
(-0.347233 9.47858 -3.34447e-14)
(-6.54438 10.4381 0)
(-6.85469 10.8543 0)
(-7.10903 11.3436 0)
(-7.2704 11.904 0)
(-7.30497 12.518 0)
(-7.18831 13.1471 0)
(-6.9183 13.738 0)
(-6.52334 14.2417 0)
(-6.05158 14.6338 0)
(-5.5495 14.9166 0)
(-5.04823 15.1091 0)
(-4.56266 15.2334 0)
(-4.09672 15.308 0)
(-3.65229 15.3464 0)
(-3.2478 15.349 0)
(-2.88561 15.3307 0)
(-2.55153 15.3079 0)
(-2.23947 15.281 0)
(-1.94558 15.2521 0)
(-1.66765 15.224 0)
(-1.39769 15.1978 0)
(-1.15265 15.1812 0)
(-0.948004 15.1781 0)
(-0.77557 15.1809 0)
(-0.629011 15.1773 0)
(-0.503355 15.1396 0)
(-0.393767 15.01 0)
(-0.296633 14.7327 0)
(-0.211886 14.3146 0)
(-0.1402 13.7421 0)
(-0.0831617 12.924 0)
(-0.0409991 11.7402 0)
(-0.0153633 10.0281 0)
(-0.00269276 6.47255 0)
(-1.38753 8.81859 0)
(-1.74167 8.71853 0)
(-2.19954 8.63358 -3.51892e-20)
(-2.71676 8.59838 -3.76157e-20)
(-3.26392 8.62262 -3.75752e-14)
(-3.83145 8.71164 0)
(-4.41161 8.8723 0)
(-4.9949 9.11007 2.23513e-14)
(-5.57351 9.4291 0)
(-6.17077 9.83581 0)
(-6.63817 10.2444 0)
(-1.10934 8.92147 0)
(-0.874452 9.03573 0)
(-0.681471 9.15408 0)
(-0.525968 9.27078 0)
(-0.40169 9.38194 7.02698e-14)
(-6.96464 10.6302 0)
(-7.25614 11.0869 0)
(-7.48106 11.6215 0)
(-7.59511 12.2274 0)
(-7.56139 12.8772 0)
(-7.36137 13.5193 0)
(-7.00834 14.0932 0)
(-6.54742 14.5555 0)
(-6.03439 14.8953 0)
(-5.51284 15.1276 0)
(-5.00627 15.2773 0)
(-4.52276 15.3679 0)
(-4.06194 15.4164 0)
(-3.62722 15.4232 0)
(-3.22973 15.4068 0)
(-2.86892 15.3879 0)
(-2.5362 15.3653 0)
(-2.22547 15.3394 0)
(-1.93282 15.3117 0)
(-1.65593 15.2851 0)
(-1.38678 15.2604 0)
(-1.14216 15.2454 0)
(-0.937643 15.2444 0)
(-0.765229 15.2498 0)
(-0.618676 15.2495 0)
(-0.493089 15.2159 0)
(-0.383679 15.0923 0)
(-0.286995 14.8219 0)
(-0.202951 14.4088 0)
(-0.132333 13.8372 0)
(-0.0755894 13.0275 0)
(-0.0350114 11.8327 0)
(-0.0123102 10.0886 0)
(-0.00173478 6.50234 0)
(-1.25539 8.79146 0)
(-1.59151 8.67208 3.33102e-14)
(-2.03031 8.56063 0)
(-2.5367 8.49422 3.61427e-14)
(-3.07965 8.48513 -6.66999e-20)
(-3.64742 8.53996 7.82421e-14)
(-4.23282 8.66548 0)
(-4.82606 8.86712 0)
(-5.41868 9.14765 0)
(-6.00373 9.51127 0)
(-6.60829 9.96658 2.64544e-14)
(-7.07459 10.4187 0)
(-0.993693 8.90805 0)
(-0.777337 9.03222 -3.81655e-14)
(-0.60238 9.1568 3.7555e-14)
(-0.462054 9.277 -7.37594e-14)
(-7.38671 10.8427 0)
(-7.65602 11.3439 0)
(-7.84477 11.928 0)
(-7.90038 12.5815 0)
(-7.78519 13.2625 0)
(-7.49267 13.9052 0)
(-7.05658 14.4469 0)
(-6.53786 14.8562 0)
(-5.99461 15.1388 0)
(-5.46296 15.3208 0)
(-4.95735 15.4305 0)
(-4.47955 15.4902 0)
(-4.03057 15.5022 0)
(-3.60466 15.4868 0)
(-3.20894 15.4686 0)
(-2.84972 15.4491 0)
(-2.51851 15.4267 0)
(-2.20927 15.4017 0)
(-1.91799 15.3755 0)
(-1.6423 15.3505 0)
(-1.37414 15.3274 0)
(-1.13008 15.3141 0)
(-0.925803 15.3154 0)
(-0.753477 15.3237 0)
(-0.606982 15.3267 0)
(-0.481519 15.2973 0)
(-0.372351 15.1797 0)
(-0.2762 14.9162 0)
(-0.192992 14.508 0)
(-0.121964 13.9537 0)
(-0.0662133 13.1431 0)
(-0.0289054 11.9161 0)
(-0.0092878 10.1389 0)
(-0.000785494 6.52466 0)
(-1.12422 8.77413 4.04097e-14)
(-1.44017 8.63658 3.27506e-14)
(-1.85713 8.49995 -3.48023e-14)
(-2.34914 8.40261 0)
(-2.88538 8.35963 0)
(-3.45116 8.3793 -8.95627e-20)
(-4.03954 8.46881 -4.11442e-14)
(-4.64034 8.63406 0)
(-5.24449 8.87698 2.3557e-14)
(-5.84523 9.19948 0)
(-6.43651 9.60717 0)
(-7.04923 10.1122 -2.81726e-14)
(-7.515 10.6106 0)
(-0.882859 8.90287 3.98827e-14)
(-0.686627 9.03479 -7.86467e-14)
(-0.528751 9.16381 7.7342e-14)
(-7.8109 11.0766 0)
(-8.05336 11.6278 0)
(-8.19668 12.2669 0)
(-8.17935 12.9685 0)
(-7.96795 13.6721 0)
(-7.57618 14.2989 0)
(-7.06174 14.7919 0)
(-6.49713 15.1386 0)
(-5.93587 15.3621 0)
(-5.40291 15.496 0)
(-4.90354 15.569 0)
(-4.44026 15.5864 0)
(-4.00226 15.573 0)
(-3.57867 15.5546 0)
(-3.18504 15.5345 0)
(-2.82764 15.5142 0)
(-2.49813 15.4922 0)
(-2.19053 15.4681 0)
(-1.90079 15.4434 0)
(-1.62647 15.4203 0)
(-1.3595 15.399 0)
(-1.1162 15.3877 0)
(-0.912279 15.3915 0)
(-0.74013 15.4026 0)
(-0.593765 15.409 0)
(-0.468496 15.3839 0)
(-0.35965 15.2723 0)
(-0.264153 15.0158 0)
(-0.179773 14.6305 0)
(-0.109109 14.0862 0)
(-0.056463 13.2508 0)
(-0.022752 11.9892 0)
(-0.00629268 10.1785 0)
(-6.87992e-05 6.53896 0)
(-0.998379 8.76658 0)
(-1.2898 8.61257 -3.25224e-14)
(-1.68146 8.45227 -6.87093e-14)
(-2.15514 8.32476 3.56507e-14)
(-2.68178 8.24757 0)
(-3.24311 8.23118 0)
(-3.83231 8.28359 -4.07252e-14)
(-4.4387 8.4117 -4.35521e-14)
(-5.05209 8.61723 0)
(-5.66526 8.90032 -2.37134e-19)
(-6.27352 9.26336 0)
(-6.87155 9.71453 2.88031e-14)
(-7.49408 10.2712 -3.00252e-14)
(-7.96029 10.8202 0)
(-0.779304 8.90492 -1.74734e-19)
(-0.602217 9.04245 -4.04997e-14)
(-8.23761 11.3338 0)
(-8.44665 11.9426 0)
(-8.53153 12.6427 0)
(-8.42291 13.3901 0)
(-8.10018 14.1021 0)
(-7.60686 14.6924 0)
(-7.02464 15.1204 0)
(-6.42914 15.3982 0)
(-5.86217 15.5636 0)
(-5.33561 15.6534 0)
(-4.85415 15.6772 0)
(-4.40465 15.6655 0)
(-3.96958 15.6481 0)
(-3.5488 15.6266 0)
(-3.15761 15.6046 0)
(-2.80229 15.5836 0)
(-2.47469 15.5618 0)
(-2.1689 15.5388 0)
(-1.88088 15.5158 0)
(-1.60813 15.4946 0)
(-1.34258 15.4753 0)
(-1.10024 15.4662 0)
(-0.896842 15.4726 0)
(-0.724985 15.4868 0)
(-0.578851 15.4967 0)
(-0.453862 15.4759 0)
(-0.345451 15.3703 0)
(-0.248097 15.1393 0)
(-0.163418 14.7714 0)
(-0.0956275 14.2124 0)
(-0.0464526 13.3493 0)
(-0.0165465 12.051 0)
(-0.00333607 10.2066 0)
(0.000474556 6.54491 0)
(-0.880726 8.76765 -1.85292e-19)
(-1.14541 8.60024 0)
(-1.50613 8.41832 -3.42241e-14)
(-1.95607 8.26177 3.53622e-14)
(-2.46975 8.15041 -3.63609e-14)
(-3.02384 8.09719 0)
(-3.61144 8.11132 -4.02798e-14)
(-4.2216 8.20119 0)
(-4.8426 8.36898 4.62886e-14)
(-5.46595 8.61362 0)
(-6.0868 8.93486 -2.67422e-14)
(-6.70264 9.33664 -2.86897e-14)
(-7.30875 9.83077 -6.14076e-14)
(-7.94379 10.4422 3.20344e-14)
(-8.41188 11.0483 0)
(-0.682961 8.91303 -4.23499e-14)
(-8.66712 11.6179 0)
(-8.83289 12.2942 0)
(-8.84096 13.0609 0)
(-8.61893 13.8467 0)
(-8.17189 14.5454 0)
(-7.58186 15.0751 0)
(-6.94856 15.4248 0)
(-6.33899 15.6318 0)
(-5.77765 15.7431 0)
(-5.27317 15.7751 0)
(-4.80914 15.7654 0)
(-4.36341 15.7489 0)
(-3.93194 15.7277 0)
(-3.51451 15.703 0)
(-3.12617 15.679 0)
(-2.77323 15.6572 0)
(-2.44777 15.6357 0)
(-2.144 15.6138 0)
(-1.8579 15.5926 0)
(-1.58692 15.5736 0)
(-1.32304 15.5565 0)
(-1.08191 15.5498 0)
(-0.879238 15.559 0)
(-0.707821 15.5764 0)
(-0.562054 15.5898 0)
(-0.437472 15.5732 0)
(-0.326517 15.4921 0)
(-0.228205 15.2821 0)
(-0.146235 14.9075 0)
(-0.0816433 14.3313 0)
(-0.036237 13.4375 0)
(-0.01031 12.1007 0)
(-0.000498708 10.2225 0)
(0.00164856 6.54102 0)
(-0.771246 8.77592 4.43464e-14)
(-1.01031 8.59839 3.41955e-14)
(-1.33734 8.39849 0)
(-1.75512 8.2149 7.07867e-14)
(-2.25045 8.06954 0)
(-2.79418 7.97897 0)
(-3.37735 7.95372 0)
(-3.98923 8.00389 1.04807e-19)
(-4.61648 8.13311 0)
(-5.24869 8.33961 0)
(-5.87981 8.62104 0)
(-6.50762 8.9778 0)
(-7.13185 9.41632 3.06278e-14)
(-7.74835 9.95309 3.27688e-14)
(-8.39981 10.624 3.42279e-14)
(-8.8717 11.2967 0)
(-9.09961 11.9343 0)
(-9.207 12.6909 0)
(-9.11257 13.527 0)
(-8.75227 14.335 0)
(-8.17391 14.9901 0)
(-7.50173 15.4352 0)
(-6.83933 15.6986 0)
(-6.23248 15.8378 0)
(-5.69825 15.8801 0)
(-5.21596 15.8734 0)
(-4.75686 15.8579 0)
(-4.31581 15.8367 0)
(-3.88868 15.8115 0)
(-3.47522 15.7837 0)
(-3.0902 15.7577 0)
(-2.73999 15.7351 0)
(-2.41693 15.7139 0)
(-2.1154 15.6932 0)
(-1.83143 15.6738 0)
(-1.56245 15.6572 0)
(-1.30054 15.6426 0)
(-1.06091 15.6386 0)
(-0.859188 15.6507 0)
(-0.688407 15.6714 0)
(-0.543191 15.6883 0)
(-0.415611 15.6945 0)
(-0.302986 15.6334 0)
(-0.207297 15.4213 0)
(-0.128319 15.038 0)
(-0.0672564 14.442 0)
(-0.025873 13.5143 0)
(-0.004039 12.1371 0)
(0.00262243 10.226 0)
(0.00274453 6.52697 0)
(-0.88449 8.60542 0)
(-1.17925 8.39147 -3.61194e-14)
(-1.5597 8.18515 0)
(-2.027 8.00676 -3.61135e-14)
(-2.55524 7.87824 -3.71516e-14)
(-3.13068 7.81263 0)
(-3.7418 7.82148 4.20803e-14)
(-4.37382 7.91071 4.52781e-14)
(-5.01402 8.07877 4.88243e-14)
(-5.65434 8.32165 0)
(-6.29166 8.63672 0)
(-6.92637 9.02595 0)
(-7.56055 9.49909 0)
(-8.19086 10.0786 0)
(-8.864 10.8154 -3.6662e-14)
(-9.34243 11.5685 0)
(-9.53499 12.2914 0)
(-9.56054 13.1439 0)
(-9.32809 14.0452 0)
(-8.8052 14.8458 0)
(-8.10017 15.4197 0)
(-7.37162 15.7607 0)
(-6.70485 15.9372 0)
(-6.1309 15.9922 0)
(-5.62508 15.9894 0)
(-5.14932 15.9754 0)
(-4.69642 15.9542 0)
(-4.26106 15.9284 0)
(-3.83911 15.8994 0)
(-3.43032 15.8686 0)
(-3.04915 15.8405 0)
(-2.70204 15.8172 0)
(-2.38169 15.7963 0)
(-2.08265 15.777 0)
(-1.80104 15.7596 0)
(-1.53432 15.7454 0)
(-1.27469 15.7336 0)
(-1.03689 15.7324 0)
(-0.836395 15.7477 0)
(-0.666495 15.7718 0)
(-0.517956 15.8111 0)
(-0.388293 15.8354 0)
(-0.278195 15.7716 0)
(-0.185445 15.5559 0)
(-0.109796 15.1622 0)
(-0.0525538 14.5432 0)
(-0.0154289 13.5786 0)
(0.00218483 12.1599 0)
(0.00560376 10.2164 0)
(0.0036418 6.50323 0)
(-1.03201 8.39534 0)
(-1.37523 8.17127 3.76295e-14)
(-1.80737 7.96392 -3.7298e-14)
(-2.31027 7.79736 0)
(-2.87237 7.69009 3.87971e-14)
(-3.47963 7.65588 0)
(-4.1146 7.70323 -4.47072e-14)
(-4.76199 7.83182 4.82674e-14)
(-5.41114 8.03664 -5.21459e-14)
(-6.05705 8.3125 0)
(-6.69959 8.65747 0)
(-7.34177 9.07585 0)
(-7.98821 9.58136 -3.50689e-14)
(-8.63706 10.2038 3.75407e-14)
(-9.33894 11.0155 0)
(-9.82813 11.8691 0)
(-9.97274 12.7031 0)
(-9.878 13.6678 0)
(-9.46063 14.614 0)
(-8.76021 15.3607 0)
(-7.95084 15.8135 0)
(-7.20162 16.0412 0)
(-6.57403 16.1118 0)
(-6.0367 16.113 0)
(-5.53967 16.1009 0)
(-5.07221 16.0801 0)
(-4.62689 16.0537 0)
(-4.19834 16.0236 0)
(-3.78252 15.991 0)
(-3.37915 15.9574 0)
(-3.00243 15.9275 0)
(-2.65886 15.9035 0)
(-2.34154 15.8831 0)
(-2.04527 15.8651 0)
(-1.76628 15.8498 0)
(-1.50209 15.8383 0)
(-1.24508 15.8294 0)
(-1.00949 15.8313 0)
(-0.810536 15.8499 0)
(-0.637024 15.8968 0)
(-0.486265 15.9537 0)
(-0.359383 15.9736 0)
(-0.252252 15.9059 0)
(-0.162787 15.6853 0)
(-0.0907822 15.279 0)
(-0.0376429 14.634 0)
(-0.00505559 13.6292 0)
(0.00823179 12.1683 0)
(0.00837091 10.1933 0)
(0.00438586 6.46989 0)
(-1.20263 8.17103 3.8723e-14)
(-1.59772 7.94015 3.84926e-14)
(-2.06793 7.73896 -1.23289e-19)
(-2.60571 7.58894 0)
(-3.20333 7.50932 0)
(-3.83881 7.51246 0)
(-4.4924 7.59979 -4.76582e-14)
(-5.15027 7.76617 -5.15664e-14)
(-5.80485 8.0044 -5.57831e-14)
(-6.45441 8.30913 -6.02871e-14)
(-7.10174 8.67986 0)
(-7.75246 9.12377 0)
(-8.41426 9.65911 5.989e-19)
(-9.08783 10.325 -8.0772e-14)
(-9.82829 11.2233 0)
(-10.3359 12.2075 0)
(-10.41 13.1917 0)
(-10.1292 14.2763 0)
(-9.47543 15.2207 0)
(-8.60604 15.8478 0)
(-7.73543 16.1501 0)
(-7.03177 16.2399 0)
(-6.4518 16.2444 0)
(-5.92658 16.2334 0)
(-5.44086 16.2131 0)
(-4.9836 16.1864 0)
(-4.54736 16.1554 0)
(-4.12684 16.1216 0)
(-3.71815 16.086 0)
(-3.32107 16.0498 0)
(-2.94944 16.0183 0)
(-2.60988 15.9938 0)
(-2.29597 15.9738 0)
(-2.00277 15.9573 0)
(-1.72669 15.9442 0)
(-1.46533 15.9355 0)
(-1.21131 15.9297 0)
(-0.978312 15.935 0)
(-0.775611 15.9766 0)
(-0.599837 16.0414 0)
(-0.452575 16.0933 0)
(-0.329043 16.1081 0)
(-0.225326 16.0358 0)
(-0.139466 15.8088 0)
(-0.0714087 15.3875 0)
(-0.022674 14.7131 0)
(0.00517593 13.6654 0)
(0.014012 12.1619 0)
(0.010921 10.1564 0)
(0.00501762 6.42768 0)
(-1.39932 7.93317 -3.97425e-14)
(-1.835 7.7026 1.52361e-19)
(-2.34006 7.51269 -1.27067e-19)
(-2.91597 7.38522 -4.06177e-14)
(-3.54658 7.34065 0)
(-4.2049 7.38414 -4.69908e-14)
(-4.87144 7.51075 1.01848e-13)
(-5.53525 7.71188 0)
(-6.19232 7.97925 5.97686e-14)
(-6.84409 8.30822 1.29332e-13)
(-7.49622 8.70019 0)
(-8.15687 9.16567 -3.77075e-14)
(-8.83801 9.72761 6.65777e-19)
(-9.54384 10.4375 4.36992e-14)
(-10.3379 11.4366 4.65532e-14)
(-10.8777 12.5997 0)
(-10.8359 13.793 0)
(-10.2589 14.9731 0)
(-9.34213 15.824 0)
(-8.3428 16.268 0)
(-7.51075 16.3784 0)
(-6.87141 16.3841 0)
(-6.30878 16.3718 0)
(-5.79942 16.3509 0)
(-5.32762 16.324 0)
(-4.88256 16.2927 0)
(-4.45697 16.2582 0)
(-4.04577 16.2216 0)
(-3.64529 16.1836 0)
(-3.2554 16.1454 0)
(-2.88956 16.1126 0)
(-2.55454 16.0877 0)
(-2.24444 16.0684 0)
(-1.95465 16.0534 0)
(-1.6818 16.0426 0)
(-1.42359 16.0368 0)
(-1.17293 16.0344 0)
(-0.93618 16.0629 0)
(-0.731398 16.1225 0)
(-0.560141 16.1822 0)
(-0.41708 16.2289 0)
(-0.297465 16.2382 0)
(-0.197592 16.1605 0)
(-0.115651 15.9255 0)
(-0.0518294 15.4868 0)
(-0.00776159 14.7796 0)
(0.0150731 13.686 0)
(0.0194613 12.1399 0)
(0.0132528 10.1058 0)
(0.00554961 6.37657 0)
(-1.61289 7.68602 4.0332e-14)
(-2.08309 7.46143 -4.04011e-14)
(-2.62739 7.2882 4.14797e-14)
(-3.24056 7.19161 4.30553e-14)
(-3.89908 7.18689 -4.62458e-14)
(-4.57397 7.2713 1.12505e-19)
(-5.24789 7.43476 -5.45153e-14)
(-5.91366 7.66645 0)
(-6.57081 7.95807 0)
(-7.22372 8.30626 -1.39045e-13)
(-7.88088 8.71457 3.76444e-14)
(-8.55293 9.19698 5.41478e-19)
(-9.25849 9.78109 7.37126e-19)
(-10.0048 10.5348 4.77116e-14)
(-10.8791 11.6503 -5.15652e-14)
(-11.4739 13.0784 0)
(-11.2179 14.5491 0)
(-10.198 15.7169 0)
(-9.03288 16.3799 0)
(-8.04089 16.5369 0)
(-7.29595 16.5324 0)
(-6.68356 16.5141 0)
(-6.14417 16.49 0)
(-5.65434 16.4624 0)
(-5.19915 16.4313 0)
(-4.76831 16.3973 0)
(-4.35499 16.3609 0)
(-3.95443 16.3226 0)
(-3.56328 16.2831 0)
(-3.18152 16.2435 0)
(-2.82221 16.2098 0)
(-2.4923 16.1849 0)
(-2.18645 16.1664 0)
(-1.90044 16.153 0)
(-1.63114 16.1446 0)
(-1.37641 16.1419 0)
(-1.12125 16.1628 0)
(-0.882862 16.2091 0)
(-0.684113 16.2637 0)
(-0.518181 16.3184 0)
(-0.379989 16.3598 0)
(-0.264853 16.3633 0)
(-0.169241 16.2792 0)
(-0.0915182 16.0348 0)
(-0.0322195 15.5761 0)
(0.00687617 14.8323 0)
(0.0245629 13.6904 0)
(0.024532 12.1021 0)
(0.0153542 10.0416 0)
(0.00600284 6.31757 0)
(-1.83668 7.43304 -4.13542e-14)
(-2.34597 7.21919 0)
(-2.9307 7.07107 0)
(-3.57702 7.012 0)
(-4.25696 7.04939 9.88268e-14)
(-4.94187 7.17329 5.37641e-14)
(-5.61809 7.36972 0)
(-6.28242 7.62699 0)
(-6.93761 7.93754 0)
(-7.59073 8.29958 7.49739e-14)
(-8.25315 8.71871 -4.41483e-19)
(-8.93771 9.21221 4.43176e-14)
(-9.67359 9.81235 8.13307e-19)
(-10.4683 10.6064 -5.283e-14)
(-11.472 11.8588 0)
(-12.1594 13.6973 0)
(-11.4718 15.5468 0)
(-9.82985 16.4779 0)
(-8.60951 16.725 0)
(-7.74044 16.6919 0)
(-7.04335 16.6563 0)
(-6.4681 16.6237 0)
(-5.95733 16.5943 0)
(-5.4908 16.5643 0)
(-5.0549 16.5324 0)
(-4.64031 16.4982 0)
(-4.24084 16.4618 0)
(-3.85225 16.4234 0)
(-3.47153 16.3835 0)
(-3.09886 16.3435 0)
(-2.74686 16.3095 0)
(-2.42263 16.2849 0)
(-2.12151 16.2673 0)
(-1.83967 16.2557 0)
(-1.57428 16.2499 0)
(-1.31332 16.27 0)
(-1.05613 16.3083 0)
(-0.825943 16.3496 0)
(-0.634093 16.3995 0)
(-0.474238 16.4492 0)
(-0.341541 16.4851 0)
(-0.231421 16.4824 0)
(-0.140465 16.3913 0)
(-0.0672666 16.1358 0)
(-0.012735 15.6542 0)
(0.0211315 14.8702 0)
(0.0335508 13.6778 0)
(0.0291853 12.0483 0)
(0.0172285 9.96433 0)
(0.00635917 6.25035 0)
(-2.07408 7.17631 0)
(-2.6258 6.98097 -4.46823e-14)
(-3.24846 6.86615 -4.6759e-14)
(-3.9218 6.84882 0)
(-4.61584 6.92834 -1.05827e-13)
(-5.30455 7.08851 0)
(-5.97859 7.31301 0)
(-6.63851 7.59036 0)
(-7.28986 7.91419 7.44828e-14)
(-7.94218 8.28414 -8.12065e-14)
(-8.60947 8.70767 -4.43496e-14)
(-9.30658 9.20491 0)
(-10.0793 9.81095 5.36565e-14)
(-10.9235 10.6349 0)
(-12.1642 12.0531 0)
(-12.9268 14.896 0)
(-11.4905 16.6517 0)
(-9.10529 16.8979 0)
(-8.15159 16.8464 0)
(-7.37995 16.7769 0)
(-6.75534 16.7357 0)
(-6.22535 16.7055 0)
(-5.74784 16.68 0)
(-5.30862 16.6528 0)
(-4.89468 16.6244 0)
(-4.49829 16.5932 0)
(-4.1142 16.5591 0)
(-3.7388 16.5224 0)
(-3.36959 16.4837 0)
(-3.00695 16.4443 0)
(-2.66302 16.4108 0)
(-2.3451 16.3869 0)
(-2.04919 16.3707 0)
(-1.77194 16.361 0)
(-1.49883 16.3773 0)
(-1.23447 16.4141 0)
(-0.987013 16.4471 0)
(-0.765905 16.4838 0)
(-0.581739 16.529 0)
(-0.428639 16.5737 0)
(-0.302007 16.6039 0)
(-0.197391 16.5948 0)
(-0.111474 16.4961 0)
(-0.0430738 16.2279 0)
(0.00644379 15.7205 0)
(0.0348703 14.8923 0)
(0.0419532 13.6478 0)
(0.0333928 11.9784 0)
(0.0188539 9.87434 0)
(0.00666058 6.17663 0)
(-2.32852 6.91996 0)
(-2.92223 6.7523 4.75439e-14)
(-3.57775 6.67695 4.9975e-14)
(-4.27054 6.70331 0)
(-4.97132 6.82287 1.33657e-19)
(-5.65816 7.0147 0)
(-6.3261 7.26167 0)
(-6.97884 7.55325 0)
(-7.62443 7.88419 -8.07173e-14)
(-8.2742 8.25548 8.84559e-14)
(-8.94454 8.67573 0)
(-9.65227 9.16528 0)
(-10.4635 9.76039 0)
(-11.3523 10.575 0)
(-12.7835 12.6197 -8.2651e-14)
(-14.2604 15.2335 0)
(-9.83258 16.6675 0)
(-8.29183 16.8173 0)
(-7.60093 16.7917 0)
(-6.96887 16.7746 0)
(-6.43021 16.767 0)
(-5.95381 16.7546 0)
(-5.51786 16.7395 0)
(-5.10775 16.7245 0)
(-4.71866 16.7039 0)
(-4.34233 16.6796 0)
(-3.97499 16.6509 0)
(-3.6139 16.6182 0)
(-3.25718 16.5824 0)
(-2.90545 16.5449 0)
(-2.57036 16.5128 0)
(-2.25936 16.4902 0)
(-1.96916 16.4757 0)
(-1.68277 16.4876 0)
(-1.40535 16.5195 0)
(-1.15146 16.5503 0)
(-0.914555 16.5785 0)
(-0.703292 16.611 0)
(-0.527496 16.6517 0)
(-0.381749 16.6912 0)
(-0.261679 16.7155 0)
(-0.163 16.6996 0)
(-0.0824652 16.5927 0)
(-0.0191384 16.3103 0)
(0.0251905 15.7738 0)
(0.0479585 14.8976 0)
(0.0496909 13.5999 0)
(0.037119 11.8929 0)
(0.0202418 9.77241 0)
(0.00682278 6.09535 0)
(-2.60095 6.66976 0)
(-3.2333 6.53762 5.08177e-14)
(-3.91456 6.50586 -5.35636e-14)
(-4.61857 6.57552 0)
(-5.31914 6.73121 6.10308e-14)
(-5.99909 6.94911 0)
(-6.6573 7.2125 0)
(-7.30012 7.51201 0)
(-7.93729 7.84341 8.79568e-14)
(-8.58128 8.20834 0)
(-9.25004 8.61412 0)
(-9.95923 9.07795 0)
(-10.7965 9.6196 7.08607e-14)
(-11.5321 10.5874 0)
(-14.8954 10.5646 1.99278e-13)
(-9.43476 15.6761 0)
(-8.06209 15.8491 0)
(-7.41924 16.3753 0)
(-6.99692 16.5906 0)
(-6.5256 16.691 0)
(-6.07699 16.7379 0)
(-5.65882 16.7616 0)
(-5.26555 16.775 0)
(-4.89098 16.7734 0)
(-4.52733 16.7686 0)
(-4.17287 16.7551 0)
(-3.82349 16.7351 0)
(-3.47764 16.7091 0)
(-3.13421 16.6781 0)
(-2.79419 16.6441 0)
(-2.46866 16.6145 0)
(-2.16516 16.5939 0)
(-1.86463 16.6006 0)
(-1.57327 16.6273 0)
(-1.30779 16.6527 0)
(-1.06514 16.6782 0)
(-0.839462 16.7023 0)
(-0.638681 16.7307 0)
(-0.471842 16.7668 0)
(-0.333954 16.801 0)
(-0.220867 16.8193 0)
(-0.12849 16.7964 0)
(-0.0536414 16.6806 0)
(0.0044027 16.3824 0)
(0.0433308 15.8133 0)
(0.0602647 14.8853 0)
(0.0566967 13.534 0)
(0.0403498 11.7921 0)
(0.0213555 9.65929 0)
(0.00690409 6.00983 0)
(-2.89067 6.4308 -5.15977e-14)
(-3.55572 6.34046 9.55273e-20)
(-4.25418 6.35408 5.75451e-14)
(-4.96125 6.46439 0)
(-5.65528 6.65091 6.57603e-14)
(-6.32376 6.88864 0)
(-6.96876 7.1619 0)
(-7.59824 7.4626 8.72515e-14)
(-8.2229 7.78676 -9.6653e-14)
(-8.85486 8.13464 0)
(-9.50913 8.50864 0)
(-10.1908 8.9074 -7.12759e-14)
(-10.8655 9.43448 -8.48957e-14)
(-11.7369 9.10141 1.01394e-13)
(-6.29311 13.6229 0)
(-0.278046 14.6366 0)
(-6.51326 14.4647 0)
(-6.48443 15.6585 0)
(-6.33562 16.2211 0)
(-6.04219 16.4996 0)
(-5.7011 16.6453 0)
(-5.35108 16.7268 0)
(-4.99982 16.7738 0)
(-4.65796 16.8039 0)
(-4.32327 16.8143 0)
(-3.99055 16.8175 0)
(-3.66035 16.8098 0)
(-3.3303 16.7933 0)
(-3.00085 16.7694 0)
(-2.67323 16.7406 0)
(-2.3579 16.7147 0)
(-2.04323 16.7157 0)
(-1.73748 16.7368 0)
(-1.46002 16.7568 0)
(-1.20716 16.7767 0)
(-0.976351 16.7977 0)
(-0.762442 16.8179 0)
(-0.572662 16.8424 0)
(-0.415264 16.8738 0)
(-0.28565 16.9026 0)
(-0.179893 16.9145 0)
(-0.0941065 16.8843 0)
(-0.0251956 16.7591 0)
(0.0273819 16.4434 0)
(0.0606996 15.838 0)
(0.0716762 14.8547 0)
(0.0629028 13.4502 0)
(0.0430328 11.6769 0)
(0.0221869 9.53592 0)
(-3.19545 6.20755 5.53499e-14)
(-3.88508 6.16328 -5.85991e-14)
(-4.59166 6.22151 -6.19619e-14)
(-5.29409 6.36793 6.53238e-14)
(-5.97587 6.57897 -7.10593e-14)
(-6.62858 6.82967 0)
(-7.2563 7.10585 0)
(-7.86766 7.40003 -5.62589e-19)
(-8.47283 7.70649 -1.07473e-13)
(-9.07806 8.02092 0)
(-9.6816 8.32698 7.11564e-14)
(-10.1591 8.64594 8.4804e-14)
(-10.4605 7.87008 0)
(-4.50239 11.4713 0)
(-0.951909 12.3736 0)
(-5.21672 13.1482 0)
(-5.52377 14.7593 0)
(-5.62498 15.6783 0)
(-5.51738 16.1848 0)
(-5.29543 16.4713 0)
(-5.02196 16.6383 0)
(-4.72664 16.7399 0)
(-4.41636 16.8031 0)
(-4.10607 16.8443 0)
(-3.79813 16.8641 0)
(-3.48605 16.8731 0)
(-3.17251 16.8689 0)
(-2.85752 16.8545 0)
(-2.54292 16.833 0)
(-2.21602 16.8298 0)
(-1.89644 16.846 0)
(-1.60718 16.8611 0)
(-1.34416 16.8759 0)
(-1.10443 16.8914 0)
(-0.885914 16.9084 0)
(-0.684193 16.925 0)
(-0.505816 16.9456 0)
(-0.358241 16.9724 0)
(-0.237234 16.9955 0)
(-0.139074 17.0008 0)
(-0.0600935 16.9629 0)
(0.00270883 16.8277 0)
(0.049628 16.4927 0)
(0.0771529 15.8471 0)
(0.0820646 14.8052 0)
(0.068248 13.3488 0)
(0.0451703 11.5478 0)
(-3.51164 6.00375 5.95583e-14)
(-4.21637 6.00722 -6.31666e-14)
(-4.9221 6.10689 9.50401e-20)
(-5.61279 6.28342 -7.06301e-14)
(-6.27704 6.51186 -7.70654e-14)
(-6.90933 6.76825 -8.52287e-14)
(-7.51441 7.03951 0)
(-8.10017 7.31678 -2.13075e-13)
(-8.67036 7.58958 1.21421e-13)
(-9.20976 7.83654 0)
(-9.59196 8.03341 -1.68497e-13)
(-9.44013 7.17922 1.01254e-13)
(-3.45066 10.3066 0)
(-1.46122 10.8647 0)
(-4.15472 12.0043 0)
(-4.64478 13.7868 0)
(-4.91798 14.9973 0)
(-4.96837 15.749 0)
(-4.86332 16.205 0)
(-4.67151 16.485 0)
(-4.43322 16.6614 0)
(-4.16757 16.7747 0)
(-3.88259 16.8484 0)
(-3.5935 16.895 0)
(-3.30209 16.9224 0)
(-3.00494 16.9342 0)
(-2.70514 16.9318 0)
(-2.37818 16.9353 0)
(-2.04737 16.9498 0)
(-1.74757 16.9624 0)
(-1.47505 16.9737 0)
(-1.22677 16.9848 0)
(-1.00048 16.9967 0)
(-0.794602 17.0101 0)
(-0.605375 17.0233 0)
(-0.4387 17.0401 0)
(-0.301241 17.0621 0)
(-0.18909 17.0793 0)
(-0.0987247 17.0777 0)
(-0.0266802 17.0317 0)
(0.0298628 16.8858 0)
(0.0709931 16.5294 0)
(0.0925247 15.8395 0)
(0.0913222 14.7366 0)
(0.0727006 13.2304 0)
(-3.83453 5.82196 -6.42642e-14)
(-4.54433 5.87203 6.82674e-14)
(-5.24067 6.00793 7.24003e-14)
(-5.91309 6.20736 7.66505e-14)
(-6.55439 6.4455 1.67974e-13)
(-7.16042 6.69945 9.35489e-14)
(-7.73497 6.95541 0)
(-8.27957 7.19996 5.98438e-19)
(-8.77427 7.40698 0)
(-9.0819 7.53163 0)
(-8.71132 6.6224 1.00096e-13)
(-2.80291 9.57707 0)
(-1.7926 10.4432 0)
(-3.36047 10.9788 0)
(-3.89799 12.8076 0)
(-4.25811 14.2332 0)
(-4.42103 15.2148 0)
(-4.42098 15.8533 0)
(-4.30763 16.2638 0)
(-4.12575 16.5318 0)
(-3.90343 16.7102 0)
(-3.65347 16.8287 0)
(-3.38336 16.9087 0)
(-3.10807 16.9576 0)
(-2.82931 16.9866 0)
(-2.51547 17.0116 0)
(-2.18541 17.0373 0)
(-1.87833 17.0537 0)
(-1.59804 17.0655 0)
(-1.34225 17.0749 0)
(-1.10881 17.0834 0)
(-0.896159 17.0923 0)
(-0.703134 17.1026 0)
(-0.526604 17.1126 0)
(-0.371841 17.1256 0)
(-0.244707 17.1426 0)
(-0.141586 17.1537 0)
(-0.0591401 17.1449 0)
(0.00590617 17.0905 0)
(0.056111 16.9329 0)
(0.0913019 16.553 0)
(0.106664 15.8146 0)
(0.0993606 14.6488 0)
(-4.15877 5.66326 6.95373e-14)
(-4.86365 5.75616 0)
(-5.54256 5.92132 0)
(-6.19031 6.13542 -8.35815e-14)
(-6.80228 6.37462 -1.84338e-13)
(-7.37383 6.61567 0)
(-7.9023 6.84052 0)
(-8.36443 7.02253 6.12185e-19)
(-8.62343 7.10039 0)
(-8.11821 6.1737 0)
(-2.4312 8.9842 0)
(-1.98279 10.3425 0)
(-2.80988 10.1051 0)
(-3.28941 11.8958 0)
(-3.66977 13.4396 0)
(-3.89767 14.6066 0)
(-3.98129 15.4247 0)
(-3.93949 15.9779 0)
(-3.81243 16.3515 0)
(-3.63061 16.6062 0)
(-3.41331 16.7806 0)
(-3.17086 16.8984 0)
(-2.91043 16.9786 0)
(-2.6142 17.033 0)
(-2.29734 17.0848 0)
(-1.9948 17.1212 0)
(-1.71038 17.1426 0)
(-1.4491 17.1561 0)
(-1.20973 17.165 0)
(-0.991131 17.1718 0)
(-0.792214 17.1783 0)
(-0.612162 17.1857 0)
(-0.448453 17.1927 0)
(-0.305732 17.2019 0)
(-0.189057 17.2137 0)
(-0.0950711 17.2184 0)
(-0.0205836 17.2021 0)
(0.0373864 17.139 0)
(0.0812606 16.9688 0)
(0.110394 16.5626 0)
(0.11943 15.7714 0)
(-4.47863 5.52724 -7.5483e-14)
(-5.16894 5.65677 0)
(-5.82269 5.8427 0)
(-6.43854 6.06224 -9.17403e-14)
(-7.01274 6.29157 1.02175e-13)
(-7.5342 6.50385 0)
(-7.97497 6.66934 0)
(-8.20136 6.72153 1.61973e-13)
(-7.62289 5.79337 -1.93882e-13)
(-2.23325 8.60687 0)
(-2.11048 10.2251 0)
(-2.44867 9.44383 0)
(-2.80575 11.0916 0)
(-3.16255 12.661 0)
(-3.42064 13.9565 0)
(-3.55686 14.9344 0)
(-3.57529 15.6331 0)
(-3.49796 16.1214 0)
(-3.35477 16.4628 0)
(-3.16694 16.7009 0)
(-2.95001 16.8645 0)
(-2.67763 16.9753 0)
(-2.37376 17.0705 0)
(-2.085 17.1389 0)
(-1.80732 17.1887 0)
(-1.54487 17.2179 0)
(-1.30156 17.2346 0)
(-1.07839 17.2441 0)
(-0.874533 17.25 0)
(-0.689305 17.2546 0)
(-0.522277 17.2595 0)
(-0.371446 17.2635 0)
(-0.240829 17.2688 0)
(-0.134679 17.2752 0)
(-0.0498714 17.2733 0)
(0.0166297 17.2493 0)
(0.0675834 17.177 0)
(0.105128 16.993 0)
(0.128112 16.5577 0)
(-4.7882 5.41186 0)
(-5.45455 5.56966 0)
(-6.0748 5.76657 9.43368e-14)
(-6.64981 5.98005 1.01686e-13)
(-7.17073 6.18333 0)
(-7.60064 6.3396 0)
(-7.80599 6.37605 0)
(-7.19171 5.462 -1.90294e-13)
(-2.16615 8.42216 0)
(-2.21073 10.1713 0)
(-2.18554 9.00714 0)
(-2.44031 10.4034 0)
(-2.74434 11.9383 0)
(-3.00236 13.302 0)
(-3.16178 14.4057 0)
(-3.22241 15.2392 0)
(-3.18741 15.8458 0)
(-3.07957 16.2806 0)
(-2.91928 16.5872 0)
(-2.68662 16.791 0)
(-2.41398 16.9497 0)
(-2.14522 17.0793 0)
(-1.87933 17.1791 0)
(-1.62529 17.2417 0)
(-1.38198 17.2803 0)
(-1.15637 17.3014 0)
(-0.949057 17.3125 0)
(-0.759624 17.3182 0)
(-0.58802 17.3213 0)
(-0.434015 17.3238 0)
(-0.296069 17.3248 0)
(-0.17756 17.3261 0)
(-0.0819366 17.327 0)
(-0.00626994 17.3183 0)
(0.0522766 17.2864 0)
(0.0963002 17.2044 0)
(0.127535 17.0053 0)
(-5.08122 5.31349 0)
(-5.71372 5.48928 0)
(-6.29064 5.68496 -1.0461e-13)
(-6.80958 5.8759 0)
(-7.23625 6.02652 0)
(-7.43229 6.05596 0)
(-6.80729 5.16721 -1.86556e-13)
(-2.11541 8.46432 0)
(-2.24573 10.2127 0)
(-2.0192 8.75746 0)
(-2.18628 9.86627 0)
(-2.42 11.3084 0)
(-2.64355 12.6816 0)
(-2.80608 13.8636 0)
(-2.88861 14.811 0)
(-2.88666 15.5313 0)
(-2.80771 16.0587 0)
(-2.63242 16.4117 0)
(-2.39954 16.679 0)
(-2.16188 16.9017 0)
(-1.92248 17.0729 0)
(-1.6826 17.1978 0)
(-1.44633 17.2811 0)
(-1.22263 17.3302 0)
(-1.01443 17.3571 0)
(-0.822161 17.3706 0)
(-0.646981 17.3765 0)
(-0.488883 17.3784 0)
(-0.347878 17.3786 0)
(-0.222774 17.3767 0)
(-0.116315 17.3739 0)
(-0.0311615 17.3691 0)
(0.0354375 17.3535 0)
(0.0861461 17.3134 0)
(0.123329 17.2212 0)
(-5.35023 5.22668 -9.91756e-14)
(-5.93773 5.40746 1.07422e-13)
(-6.45603 5.58491 0)
(-6.87921 5.72711 0)
(-7.07451 5.75463 0)
(-6.45726 4.90003 -1.82672e-13)
(-2.07724 8.58668 0)
(-2.24832 10.2981 0)
(-1.95801 8.66673 0)
(-2.01881 9.49412 0)
(-2.1716 10.7899 0)
(-2.34366 12.1169 0)
(-2.49388 13.3331 0)
(-2.58278 14.3662 0)
(-2.59895 15.1831 0)
(-2.50051 15.7543 0)
(-2.32545 16.1856 0)
(-2.13146 16.5479 0)
(-1.92355 16.8337 0)
(-1.70863 17.0494 0)
(-1.49185 17.2043 0)
(-1.27399 17.311 0)
(-1.06852 17.369 0)
(-0.875679 17.4023 0)
(-0.6983 17.4186 0)
(-0.537063 17.4249 0)
(-0.392416 17.4257 0)
(-0.264325 17.4239 0)
(-0.151973 17.419 0)
(-0.0574722 17.412 0)
(0.0173404 17.4015 0)
(0.0750039 17.3788 0)
(0.118016 17.3304 0)
(-5.58581 5.14319 1.96548e-19)
(-6.11245 5.31114 -1.2075e-13)
(-6.53377 5.44459 0)
(-6.72988 5.46861 -1.52042e-13)
(-6.13352 4.65371 0)
(-2.04588 8.78223 0)
(-2.23909 10.399 0)
(-1.92626 8.66428 0)
(-1.89759 9.26457 0)
(-1.97741 10.3734 0)
(-2.10317 11.6228 0)
(-2.22752 12.8392 0)
(-2.30838 13.9199 0)
(-2.28664 14.7488 0)
(-2.1815 15.3977 0)
(-2.04479 15.9524 0)
(-1.88121 16.4008 0)
(-1.69882 16.7498 0)
(-1.50512 17.0117 0)
(-1.30731 17.1992 0)
(-1.10953 17.3243 0)
(-0.917747 17.3974 0)
(-0.740698 17.4372 0)
(-0.577797 17.4564 0)
(-0.430478 17.4635 0)
(-0.299058 17.4635 0)
(-0.183769 17.4595 0)
(-0.0840991 17.4518 0)
(-0.00135693 17.4406 0)
(0.0632875 17.4243 0)
(0.112201 17.3944 0)
(-5.77359 5.04992 2.47883e-13)
(-6.20195 5.17912 0)
(-6.40176 5.20076 0)
(-5.83177 4.42423 3.54213e-13)
(-2.02027 9.0186 0)
(-2.22069 10.5082 0)
(-1.8947 8.73124 0)
(-1.80197 9.15942 0)
(-1.8365 10.0648 0)
(-1.91837 11.2195 0)
(-2.00437 12.3976 0)
(-2.02706 13.4203 0)
(-1.97848 14.2877 0)
(-1.90004 15.0634 0)
(-1.78887 15.7164 0)
(-1.64863 16.2438 0)
(-1.48688 16.6549 0)
(-1.31114 16.9626 0)
(-1.12947 17.1828 0)
(-0.948831 17.3293 0)
(-0.772452 17.4166 0)
(-0.609198 17.4617 0)
(-0.461107 17.4844 0)
(-0.327592 17.4924 0)
(-0.2092 17.4917 0)
(-0.106736 17.4857 0)
(-0.0195182 17.4752 0)
(0.0517313 17.4597 0)
(0.106444 17.4375 0)
(-5.8788 4.92586 -1.418e-13)
(-6.09032 4.95046 0)
(-5.55245 4.2111 -1.82176e-13)
(-2.00662 9.28591 0)
(-2.19336 10.6235 0)
(-1.86627 8.90135 0)
(-1.75981 9.17626 0)
(-1.74421 9.88331 0)
(-1.77475 10.9091 0)
(-1.78831 11.9608 0)
(-1.76295 12.9493 0)
(-1.72068 13.8986 0)
(-1.65248 14.7546 0)
(-1.55661 15.4863 0)
(-1.43267 16.0841 0)
(-1.28656 16.553 0)
(-1.12598 16.9047 0)
(-0.959015 17.1564 0)
(-0.793192 17.3248 0)
(-0.633043 17.4236 0)
(-0.48304 17.4786 0)
(-0.348346 17.5025 0)
(-0.228693 17.5116 0)
(-0.123862 17.5104 0)
(-0.0335101 17.5028 0)
(0.0415359 17.4893 0)
(0.10157 17.4695 0)
(-5.79109 4.71301 -1.65251e-13)
(-5.29676 4.01606 0)
(-1.99164 9.55306 0)
(-2.15975 10.7396 0)
(-1.84675 9.13155 0)
(-1.74226 9.24687 0)
(-1.67363 9.79979 0)
(-1.63699 10.6553 0)
(-1.59282 11.6056 0)
(-1.55241 12.6018 0)
(-1.50317 13.5771 0)
(-1.43517 14.4793 0)
(-1.34519 15.2707 0)
(-1.23151 15.9279 0)
(-1.09696 16.4473 0)
(-0.949146 16.8394 0)
(-0.795554 17.1212 0)
(-0.643268 17.3105 0)
(-0.497732 17.4226 0)
(-0.36318 17.4825 0)
(-0.240787 17.5128 0)
(-0.134356 17.5229 0)
(-0.0426865 17.5209 0)
(0.0353477 17.5106 0)
(0.0987903 17.4942 0)
(-5.05837 3.83449 3.85227e-13)
(-1.96815 9.80857 0)
(-2.11902 10.8541 0)
(-1.8247 9.38291 0)
(-1.70995 9.37074 0)
(-1.59837 9.8088 0)
(-1.50918 10.5152 0)
(-1.44148 11.3961 0)
(-1.37959 12.3539 0)
(-1.31596 13.3203 0)
(-1.24245 14.2442 0)
(-1.15179 15.0754 0)
(-1.04316 15.7782 0)
(-0.917282 16.3406 0)
(-0.780221 16.7687 0)
(-0.638822 17.0781 0)
(-0.499562 17.2874 0)
(-0.367552 17.4121 0)
(-0.247409 17.4791 0)
(-0.139505 17.5113 0)
(-0.0449549 17.5217 0)
(0.0347361 17.5196 0)
(0.100162 17.5086 0)
(-1.93472 10.0489 0)
(-2.0741 10.9686 0)
(-1.79671 9.63778 0)
(-1.66087 9.58963 0)
(-1.52072 9.92256 0)
(-1.40778 10.5027 0)
(-1.31444 11.2886 0)
(-1.23124 12.1853 0)
(-1.15132 13.1257 0)
(-1.06784 14.0502 0)
(-0.973409 14.9025 0)
(-0.866327 15.6379 0)
(-0.746722 16.2346 0)
(-0.618898 16.6937 0)
(-0.488834 17.0281 0)
(-0.362268 17.256 0)
(-0.243629 17.3925 0)
(-0.136623 17.4664 0)
(-0.0423478 17.5021 0)
(0.0388548 17.5139 0)
(0.106457 17.5115 0)
(-1.89187 10.2754 0)
(-2.02571 11.085 0)
(-1.7498 9.93394 0)
(-1.5912 9.8737 0)
(-1.4456 10.0869 0)
(-1.31341 10.5653 0)
(-1.19948 11.2528 0)
(-1.0978 12.0831 0)
(-1.00172 12.9856 0)
(-0.906697 13.8951 0)
(-0.807015 14.7528 0)
(-0.699727 15.5082 0)
(-0.584824 16.1309 0)
(-0.465107 16.6155 0)
(-0.345726 16.9719 0)
(-0.231604 17.2167 0)
(-0.126189 17.3641 0)
(-0.0322728 17.4445 0)
(0.0488362 17.4836 0)
(0.116871 17.4972 0)
(-1.97181 11.2046 0)
(-1.82915 10.526 0)
(-1.67431 10.2535 0)
(-1.51495 10.1586 0)
(-1.36361 10.2909 0)
(-1.21908 10.6732 0)
(-1.08959 11.2707 0)
(-0.971778 12.0333 0)
(-0.861487 12.8901 0)
(-0.755617 13.774 0)
(-0.65035 14.6254 0)
(-0.542158 15.3897 0)
(-0.431159 16.0302 0)
(-0.318967 16.5349 0)
(-0.209807 16.9101 0)
(-0.107797 17.1697 0)
(-0.0155303 17.3271 0)
(0.0651618 17.4135 0)
(0.133276 17.4561 0)
(-1.8993 11.3493 0)
(-1.74166 10.7906 0)
(-1.58839 10.544 0)
(-1.43108 10.4271 0)
(-1.27341 10.5004 0)
(-1.12111 10.8041 0)
(-0.979235 11.3248 0)
(-0.848506 12.0216 0)
(-0.726891 12.8293 0)
(-0.612023 13.6817 0)
(-0.501666 14.518 0)
(-0.392852 15.2822 0)
(-0.285508 15.933 0)
(-0.180637 16.4525 0)
(-0.0814358 16.8428 0)
(0.00853835 17.1152 0)
(0.0877439 17.2819 0)
(0.15531 17.3742 0)
(-1.80402 11.5139 0)
(-1.64504 11.0288 0)
(-1.493 10.8008 0)
(-1.33438 10.6703 0)
(-1.17268 10.7028 0)
(-1.01534 10.9437 0)
(-0.865335 11.4002 0)
(-0.725594 12.0363 0)
(-0.595544 12.7952 0)
(-0.473982 13.6127 0)
(-0.359892 14.428 0)
(-0.251334 15.1849 0)
(-0.147933 15.8393 0)
(-0.0504502 16.3683 0)
(0.0386664 16.77 0)
(0.116653 17.0534 0)
(0.182978 17.2287 0)
(-1.69873 11.6688 0)
(-1.53934 11.2381 0)
(-1.38549 11.0232 0)
(-1.22504 10.8865 0)
(-1.06185 10.89 0)
(-0.901553 11.0842 0)
(-0.747184 11.4856 0)
(-0.601729 12.0681 0)
(-0.466149 12.7805 0)
(-0.340442 13.5618 0)
(-0.224507 14.3523 0)
(-0.117455 15.0963 0)
(-0.0189179 15.7484 0)
(0.0709046 16.282 0)
(0.149787 16.692 0)
(0.215901 16.9849 0)
(-1.58337 11.8076 0)
(-1.42258 11.4174 0)
(-1.26611 11.2135 0)
(-1.10496 11.0738 0)
(-0.942114 11.0571 0)
(-0.780927 11.2163 0)
(-0.624741 11.5733 0)
(-0.476588 12.1095 0)
(-0.338358 12.7789 0)
(-0.211093 13.5244 0)
(-0.0954844 14.2877 0)
(0.00842932 15.0147 0)
(0.101408 15.6593 0)
(0.182886 16.1936 0)
(0.251382 16.6096 0)
(-1.45716 11.9269 0)
(-1.29457 11.5681 0)
(-1.13647 11.3723 0)
(-0.975972 11.2315 0)
(-0.814466 11.2015 0)
(-0.654355 11.3354 0)
(-0.498779 11.6577 0)
(-0.35066 12.1548 0)
(-0.212478 12.7854 0)
(-0.0862321 13.4961 0)
(0.026882 14.2312 0)
(0.126251 14.9379 0)
(0.212496 15.5716 0)
(0.285017 16.1038 0)
(-1.31986 12.0251 0)
(-1.15683 11.6903 0)
(-0.998645 11.5004 0)
(-0.839604 11.36 0)
(-0.680564 11.3224 0)
(-0.523448 11.4389 0)
(-0.370642 11.7347 0)
(-0.224918 12.1995 0)
(-0.0893181 12.7958 0)
(0.0335213 13.4735 0)
(0.141992 14.1798 0)
(0.235451 14.8645 0)
(0.313808 15.4852 0)
(-1.17324 12.1013 0)
(-1.01161 11.7849 0)
(-0.854263 11.5992 0)
(-0.697672 11.4605 0)
(-0.542633 11.4197 0)
(-0.390149 11.5255 0)
(-0.241895 11.8022 0)
(-0.100667 12.2408 0)
(0.0299919 12.8068 0)
(0.147206 13.4535 0)
(0.249369 14.1313 0)
(0.335359 14.7935 0)
(-1.01982 12.1555 0)
(-0.860491 11.8529 0)
(-0.705088 11.6703 0)
(-0.552548 11.5344 0)
(-0.402929 11.4942 0)
(-0.256351 11.595 0)
(-0.114212 11.8587 0)
(0.0204464 12.2764 0)
(0.144039 12.8159 0)
(0.253996 13.434 0)
(0.348183 14.0846 0)
(-0.860963 12.1874 0)
(-0.705139 11.8952 0)
(-0.55353 11.715 0)
(-0.406563 11.5836 0)
(-0.263475 11.5476 0)
(-0.12401 11.6482 0)
(0.010369 11.9037 0)
(0.136542 12.305 0)
(0.251673 12.8218 0)
(0.352792 13.4138 0)
(-0.698197 12.196 0)
(-0.547989 11.9122 0)
(-0.40193 11.7348 0)
(-0.261681 11.61 0)
(-0.126074 11.5813 0)
(0.00470577 11.6857 0)
(0.129687 11.9374 0)
(0.246278 12.3262 0)
(0.351599 12.8235 0)
(-0.534129 12.1802 0)
(-0.391406 11.9048 0)
(-0.252187 11.7316 0)
(-0.11991 11.6155 0)
(0.00718042 11.5979 0)
(0.127661 11.709 0)
(0.242252 11.9607 0)
(0.348236 12.3402 0)
(-0.371176 12.1397 0)
(-0.237236 11.8741 0)
(-0.106357 11.707 0)
(0.0167177 11.603 0)
(0.132975 11.5984 0)
(0.243195 11.7206 0)
(0.346576 11.9746 0)
(-0.211117 12.075 0)
(-0.087673 11.8213 0)
(0.0335507 11.6635 0)
(0.145885 11.5748 0)
(0.250465 11.5873 0)
(0.349667 11.7219 0)
(-0.0564831 11.9863 0)
(0.0551815 11.7487 0)
(0.165068 11.6042 0)
(0.265657 11.5339 0)
(0.358962 11.5658 0)
(0.0904123 11.8762 0)
(0.188884 11.6597 0)
(0.286358 11.5321 0)
(0.374892 11.4834 0)
(0.227152 11.7481 0)
(0.3115 11.5573 0)
(0.396268 11.4506 0)
(0.351638 11.6056 0)
(0.421849 11.4454 0)
(0.462547 11.453 0)
)
;

boundaryField
{
    inlet
    {
        type            fixedValue;
        value           uniform (0 10 0);
    }
    outlet
    {
        type            zeroGradient;
    }
    splitter
    {
        type            noSlip;
    }
    fuel_inlet
    {
        type            fixedValue;
        value           uniform (0 15 0);
    }
    back
    {
        type            noSlip;
    }
    sides
    {
        type            noSlip;
    }
    frontAndBack
    {
        type            empty;
    }
    procBoundary1to0
    {
        type            processor;
        value           nonuniform List<vector> 
53
(
(0.00213667 10.0013 -6.3246e-16)
(0.00618097 10.0075 2.00483e-15)
(0.00856649 10.0187 -2.82318e-15)
(0.00932312 10.0304 1.49063e-15)
(0.00903366 10.0415 0)
(0.00781956 10.0514 0)
(0.00566408 10.0593 -3.51012e-15)
(0.00262393 10.0648 3.70561e-15)
(-0.00147861 10.0673 0)
(-0.00661618 10.0665 8.25745e-15)
(-0.0129179 10.062 2.83201e-21)
(-0.0207241 10.0533 -9.19574e-15)
(-0.0300843 10.04 -9.70116e-15)
(-0.0412133 10.0218 1.02342e-14)
(-0.054343 9.99821 -1.07931e-14)
(-0.0696945 9.96885 1.13815e-14)
(-0.0875099 9.93333 0)
(-0.108035 9.89128 -1.26449e-14)
(-0.131521 9.84238 2.66498e-14)
(-0.158241 9.7863 3.22383e-20)
(-0.188475 9.72277 -1.47794e-14)
(-0.222501 9.65153 3.11105e-14)
(-0.260618 9.57239 -3.27268e-14)
(-0.303136 9.48519 0)
(-0.350377 9.38982 0)
(-0.40268 9.28621 -3.79486e-14)
(-0.460406 9.17436 -1.59452e-19)
(-0.523918 9.05431 4.16879e-14)
(-0.593645 8.92614 0)
(-0.669776 8.79014 0)
(-0.767812 8.61981 0)
(-0.895532 8.40837 0)
(-1.04234 8.18221 0)
(-1.21325 7.94063 0)
(-1.40276 7.68695 4.15924e-14)
(-1.60237 7.42524 2.09649e-19)
(-1.81383 7.15737 -4.39462e-14)
(-2.04149 6.8863 4.61814e-14)
(-2.28755 6.61752 -9.79827e-14)
(-2.55267 6.35636 5.23079e-14)
(-2.836 6.10787 5.61095e-14)
(-3.13509 5.87686 -6.04029e-14)
(-3.44608 5.6673 0)
(-3.76393 5.48192 -1.41323e-13)
(-4.08284 5.32182 1.53609e-13)
(-4.39642 5.18636 -8.38183e-14)
(-4.69782 5.07284 9.19283e-14)
(-4.97895 4.9763 0)
(-5.22939 4.88881 -1.1283e-13)
(-5.43412 4.79737 1.86649e-19)
(-5.55946 4.68087 1.45513e-13)
(-5.49988 4.48476 0)
(-4.83285 3.66286 -1.97983e-13)
)
;
    }
    procBoundary1to2
    {
        type            processor;
        value           nonuniform List<vector> 
71
(
(0.00703279 5.91835 0)
(-0.414293 14.9373 0)
(0.0228367 9.40352 0)
(-0.946486 14.7153 0)
(0.0468295 11.4062 0)
(-1.28156 14.4485 0)
(0.0762549 13.0958 0)
(-1.5366 14.1695 0)
(0.106106 14.5419 0)
(-1.74818 13.874 0)
(0.130688 15.7095 0)
(-1.89695 13.5747 0)
(0.144303 16.5374 0)
(-1.98544 13.2968 0)
(0.148318 17.0056 0)
(-2.03915 13.0512 0)
(0.14849 17.2275 0)
(-2.08119 12.8387 0)
(0.147692 17.3375 0)
(-2.11315 12.6518 0)
(0.14682 17.4005 0)
(-2.1271 12.4974 0)
(0.146578 17.4414 0)
(-2.12629 12.3755 0)
(0.147866 17.4702 0)
(-2.11498 12.2847 0)
(0.151937 17.4901 0)
(-2.0949 12.2226 0)
(0.160161 17.4989 0)
(-2.06951 12.1882 0)
(0.172308 17.4941 0)
(-2.03588 12.1798 0)
(0.188892 17.4713 0)
(-1.99348 12.1934 0)
(0.210811 17.4203 0)
(-1.92846 12.2317 0)
(0.237776 17.3269 0)
(-1.83676 12.2931 0)
(0.269674 17.1683 0)
(-1.72994 12.3606 0)
(0.305793 16.9105 0)
(-1.60974 12.4262 0)
(0.342988 16.5234 0)
(-1.47734 12.4845 0)
(0.37683 16.0127 0)
(-1.33281 12.5319 0)
(0.404814 15.3998 0)
(-1.1786 12.5657 0)
(0.425272 14.7244 0)
(-1.0175 12.5833 0)
(0.43745 14.0386 0)
(-0.850378 12.5816 0)
(0.442328 13.392 0)
(-0.678705 12.5564 0)
(0.442314 12.8208 0)
(-0.50557 12.504 0)
(0.440734 12.3475 0)
(-0.3338 12.4232 0)
(0.440946 11.9804 0)
(-0.165407 12.314 0)
(0.445529 11.7148 0)
(-0.00350552 12.1778 0)
(0.455827 11.5367 0)
(0.149339 12.0179 0)
(0.471975 11.4265 0)
(0.290664 11.8383 0)
(0.493196 11.3634 0)
(0.418026 11.6436 0)
(0.518363 11.3282 0)
(0.529819 11.4391 0)
(0.558379 11.2952 0)
)
;
    }
}


// ************************************************************************* //
