# Forces      
# CofR        : (0.000000e+00 0.000000e+00 0.000000e+00)
# Time        forces(pressure viscous porous)	moments(pressure viscous porous)
0             	((9.159340e-16 -3.552714e-15 5.364101e-18) (0.000000e+00 -1.313888e-01 0.000000e+00) (0.000000e+00 0.000000e+00 0.000000e+00)) ((9.527422e-20 3.534142e-19 -2.775558e-17) (0.000000e+00 0.000000e+00 -2.168404e-19) (0.000000e+00 0.000000e+00 0.000000e+00))
0.01          	((4.993010e-05 6.938903e+00 -5.652701e-19) (-9.146209e-06 -1.418161e-02 -6.689781e-21) (0.000000e+00 0.000000e+00 0.000000e+00)) ((-1.043898e-20 5.944647e-19 -3.274516e-07) (-1.355828e-22 -4.008537e-21 3.347758e-07) (0.000000e+00 0.000000e+00 0.000000e+00))
0.02          	((5.611301e-05 6.508480e+00 1.731085e-19) (-7.317909e-06 -1.452280e-02 -2.179557e-20) (0.000000e+00 0.000000e+00 0.000000e+00)) ((3.182818e-21 6.009726e-19 -1.314514e-06) (-3.662483e-22 -4.440622e-21 2.620766e-07) (0.000000e+00 0.000000e+00 0.000000e+00))
0.03          	((1.032271e-05 6.780626e+00 8.129334e-20) (-8.557399e-06 -1.487069e-02 -2.258493e-20) (0.000000e+00 0.000000e+00 0.000000e+00)) ((1.501582e-21 6.199006e-19 -1.459525e-06) (-3.818197e-22 -4.646608e-21 2.937490e-07) (0.000000e+00 0.000000e+00 0.000000e+00))
0.04          	((1.791998e-05 6.960580e+00 5.397662e-20) (-8.966593e-06 -1.520425e-02 -2.725762e-20) (0.000000e+00 0.000000e+00 0.000000e+00)) ((9.966956e-22 6.345894e-19 -1.160674e-06) (-4.481746e-22 -4.750204e-21 3.125925e-07) (0.000000e+00 0.000000e+00 0.000000e+00))
0.05          	((-1.330250e-05 7.121653e+00 4.338284e-20) (-9.157387e-06 -1.554077e-02 -2.845770e-20) (0.000000e+00 0.000000e+00 0.000000e+00)) ((8.031422e-22 6.484992e-19 -4.051073e-07) (-4.710812e-22 -4.843352e-21 3.197062e-07) (0.000000e+00 0.000000e+00 0.000000e+00))
0.06          	((8.903455e-06 7.280172e+00 2.412691e-20) (-9.714264e-06 -1.585546e-02 -2.670431e-20) (0.000000e+00 0.000000e+00 0.000000e+00)) ((4.436249e-22 6.617298e-19 -8.708526e-07) (-4.487171e-22 -4.913498e-21 3.382713e-07) (0.000000e+00 0.000000e+00 0.000000e+00))
0.07          	((8.813492e-06 7.428365e+00 9.123648e-21) (-1.003262e-05 -1.615321e-02 -2.751487e-20) (0.000000e+00 0.000000e+00 0.000000e+00)) ((1.675327e-22 6.742385e-19 -9.363608e-07) (-4.618478e-22 -4.988973e-21 3.482043e-07) (0.000000e+00 0.000000e+00 0.000000e+00))
0.08          	((1.025911e-05 7.568564e+00 -5.727838e-21) (-1.035150e-05 -1.643384e-02 -2.533854e-20) (0.000000e+00 0.000000e+00 0.000000e+00)) ((-1.083288e-22 6.860334e-19 -9.925672e-07) (-4.363709e-22 -5.064066e-21 3.620113e-07) (0.000000e+00 0.000000e+00 0.000000e+00))
0.09          	((8.402108e-07 7.702115e+00 -2.153314e-20) (-1.064153e-05 -1.669872e-02 -2.865252e-20) (0.000000e+00 0.000000e+00 0.000000e+00)) ((-4.148795e-22 6.972231e-19 -3.863826e-07) (-4.786945e-22 -5.131753e-21 3.716363e-07) (0.000000e+00 0.000000e+00 0.000000e+00))
0.1           	((6.150698e-06 7.827058e+00 -3.409990e-20) (-1.075974e-05 -1.694913e-02 -2.891697e-20) (0.000000e+00 0.000000e+00 0.000000e+00)) ((-6.429011e-22 7.077410e-19 -6.804854e-07) (-4.840411e-22 -5.199236e-21 3.760610e-07) (0.000000e+00 0.000000e+00 0.000000e+00))
0.11          	((7.423813e-06 7.940947e+00 -3.832707e-20) (-1.104616e-05 -1.719015e-02 -2.931319e-20) (0.000000e+00 0.000000e+00 0.000000e+00)) ((-7.121189e-22 7.177217e-19 -8.477728e-07) (-4.904402e-22 -5.258053e-21 3.845303e-07) (0.000000e+00 0.000000e+00 0.000000e+00))
0.12          	((9.793116e-06 8.042494e+00 -5.277074e-20) (-1.104368e-05 -1.739259e-02 -2.946823e-20) (0.000000e+00 0.000000e+00 0.000000e+00)) ((-9.852956e-22 7.261076e-19 -8.781118e-07) (-4.930676e-22 -5.304237e-21 3.855771e-07) (0.000000e+00 0.000000e+00 0.000000e+00))
0.13          	((1.194257e-05 8.134481e+00 -6.164563e-20) (-1.112089e-05 -1.757875e-02 -2.831992e-20) (0.000000e+00 0.000000e+00 0.000000e+00)) ((-1.148826e-21 7.339191e-19 -9.591936e-07) (-4.786452e-22 -5.339405e-21 3.889430e-07) (0.000000e+00 0.000000e+00 0.000000e+00))
0.14          	((1.192128e-05 8.223741e+00 -7.083355e-20) (-1.118406e-05 -1.776117e-02 -2.816347e-20) (0.000000e+00 0.000000e+00 0.000000e+00)) ((-1.323367e-21 7.414583e-19 -9.292361e-07) (-4.774290e-22 -5.381942e-21 3.909709e-07) (0.000000e+00 0.000000e+00 0.000000e+00))
0.15          	((1.328565e-05 8.307889e+00 -7.834306e-20) (-1.135543e-05 -1.793351e-02 -2.824898e-20) (0.000000e+00 0.000000e+00 0.000000e+00)) ((-1.461362e-21 7.486145e-19 -1.015326e-06) (-4.794443e-22 -5.422710e-21 3.970002e-07) (0.000000e+00 0.000000e+00 0.000000e+00))
0.16          	((1.333029e-05 8.388875e+00 -8.680524e-20) (-1.150861e-05 -1.809650e-02 -2.658244e-20) (0.000000e+00 0.000000e+00 0.000000e+00)) ((-1.619268e-21 7.554385e-19 -1.025772e-06) (-4.580246e-22 -5.459242e-21 4.025205e-07) (0.000000e+00 0.000000e+00 0.000000e+00))
0.17          	((1.289844e-05 8.465544e+00 -9.438343e-20) (-1.170491e-05 -1.825056e-02 -2.648972e-20) (0.000000e+00 0.000000e+00 0.000000e+00)) ((-1.758816e-21 7.619155e-19 -1.015832e-06) (-4.574729e-22 -5.490837e-21 4.092450e-07) (0.000000e+00 0.000000e+00 0.000000e+00))
0.18          	((1.354634e-05 8.537963e+00 -1.006122e-19) (-1.179756e-05 -1.839884e-02 -2.695871e-20) (0.000000e+00 0.000000e+00 0.000000e+00)) ((-1.872892e-21 7.680919e-19 -1.070591e-06) (-4.645555e-22 -5.528146e-21 4.121094e-07) (0.000000e+00 0.000000e+00 0.000000e+00))
0.19          	((1.287342e-05 8.609162e+00 -1.089592e-19) (-1.189025e-05 -1.854250e-02 -2.675185e-20) (0.000000e+00 0.000000e+00 0.000000e+00)) ((-2.028714e-21 7.740394e-19 -1.025679e-06) (-4.624694e-22 -5.561474e-21 4.155026e-07) (0.000000e+00 0.000000e+00 0.000000e+00))
0.2           	((1.229475e-05 8.673454e+00 -1.120568e-19) (-1.192655e-05 -1.867972e-02 -2.749949e-20) (0.000000e+00 0.000000e+00 0.000000e+00)) ((-2.085456e-21 7.796751e-19 -1.027157e-06) (-4.725955e-22 -5.596139e-21 4.173355e-07) (0.000000e+00 0.000000e+00 0.000000e+00))
